k27_temp26_1	k27_temp26_2	k27_temp26_3
8.10918564445833	8.10716607564928	7.60336723467209
3.38820234883398	3.17380326867957	3.16001933936987
7.42143867830792	7.43850649487398	7.19907211593364
10.3133167030614	10.3012531277656	9.65499684415598
5.68048498197282	5.63031740393458	5.53717695497762
5.8184422547565	5.8865213165991	5.76246926681986
8.36587035439162	8.44017338707662	7.1356226850624
8.14580423569449	8.14240606865953	7.1333842128664
8.65149144529266	8.62593008669364	8.23291988641732
12.0517303017395	12.0539989976227	11.8155282473054
11.6063037567596	11.6032332586573	11.1780498472423
6.37900341198752	6.27066480793216	6.10624808292889
8.85594604178498	8.85062229048213	8.59444415565047
9.36431739940756	9.44183835557174	8.65811450077905
9.87624670627936	9.85625171681753	9.39492437201987
7.58237489652297	7.6734720184256	6.97489484339727
10.7760006403202	10.7763578054311	10.2534207994648
5.33210778676306	5.18974481254859	5.25367844658411
8.16644656977471	8.03619955429514	7.73615798970402
7.73798022664822	7.78785868092106	7.1687895489976
8.59368499166034	8.58507884916222	8.24644687735304
8.80362186719116	8.68827625087483	8.56816782240288
5.47710285342291	5.53993116747747	5.37232294308273
10.1744442837384	10.2723033033279	9.78474793931007
5.2869190129968	5.35437551432139	5.19478475753055
5.59302214072248	5.36845069953312	5.34162614585982
5.69043464238043	5.69317742777315	5.55066018434125
11.4043496078533	11.4063574394522	10.966745773053
6.31291422152974	6.49252180709105	6.50290705289288
3.91495023560984	3.91076886284578	4.03128602524766
10.5827088150619	10.5451685199323	10.095364090161
6.59831644039199	6.65923009584982	6.1333842128664
3.31291422152974	3.32580636212462	3.47489267672327
7.13491591955175	7.06781257299136	7.2761730843712
11.749625763667	11.7259172946233	11.4421471951607
10.0091366181748	10.0458111490794	9.24333650236265
5.13491591955175	5.35437551432139	4.9922918936318
8.49068967293904	8.48042197345152	7.73320467231467
10.5320827419919	10.4959317239646	10.0402748084749
10.9873587311379	10.9790097241586	10.4460980858135
10.6644845032791	10.6381448014407	10.10081635041
5.33210778676306	5.35437551432139	5.24541083060051
9.99691137303558	9.95778368236337	9.44632352452651
6.1385544966151	6.26315075427486	6.2245321009246
8.95831532850464	8.97023951453087	8.66820060560354
6.02912125552915	6.13316128418223	5.88461637610566
9.12072911331574	9.1832897904113	8.74351494109236
9.74962576366696	9.70605095260281	9.173154741559
4.97316484955514	4.96735239121215	4.90049941771231
5.51678655489539	5.7208691616422	5.54393432115293
8.72351699733626	8.73587605388101	8.39772481620082
8.64511065187093	8.58884076795842	8.29532195492653
5.84540930235677	5.75876576940073	5.91620950080097
4.8274873943595	4.58884076795842	4.67283205433519
4.32573826188733	4.05698960369683	4.32602929080879
9.89868157306167	9.90806127048229	9.44135571700405
6.43333726155448	6.4098706269131	6.19478475753055
3.17798464144364	3.07426759512866	2.7093579303603
8.22751291227353	8.17580562159072	7.4318239548314
6.42442253674673	6.33658620087787	5.98734267766007
10.0413206774588	10.1612252026001	9.20441345872832
9.56726800413276	9.62409809274475	9.05217339172149
8.44072434907584	8.37282118164222	8.05985517744444
11.2623240888763	11.304688390221	10.7479111711297
9.976980495897	10.0315078589704	9.56110697177636
7.4842697585785	7.4763660387	7.39305438466682
7.84874501492002	7.76276769995822	7.45710336327975
10.8281916633707	10.8454426149678	10.5035571595689
8.5451638174259	8.45838320479463	8.19800147021409
4.90643873575432	4.72634429170835	5.00213967958815
7.39125567281153	7.49573136356694	7.07393036265616
5.67548430091445	5.60676267595568	5.43909195529543
9.09661407350892	9.06727334852577	8.60740500680369
9.9888712544715	9.95661951442375	9.52142824673599
9.69167353901378	9.64412320345961	9.27718728127827
7.19380960860532	7.25180578068085	6.93175035169675
7.85980868141738	7.82788231817042	7.72133057202638
8.06589213368458	8.04169973267223	7.84549461834633
3.26044680163561	3.56459322171175	3.29432043108146
7.47566519008432	7.58583201808608	7.05985517744444
11.4369431920115	11.4633098858746	11.0552805767448
9.8978767222509	9.88468621560007	9.37374595326638
7.30969032065546	7.27253722226493	7.1356226850624
4.80934004764925	4.74803936280767	4.79115202152395
7.63484231641711	7.64773445701199	7.52185615569387
6.38514254908492	6.4893050944075	6.55401139384088
5.06780172369321	5.06565446482395	5.27007288483478
9.64575000266398	9.59857609456114	9.07917335464422
10.1108073010379	10.1576836033163	9.37327177247628
9.49778956443803	9.56344655716001	8.86653641513729
10.5926906010127	10.6108386117475	10.1891381943894
4.61408375625031	4.63614648273678	4.72133057202638
4.73437798996802	4.52744022329427	4.53038778931499
5.34476308756909	5.23653902402754	5.40238017693891
6.16019532800011	6.1495557224329	6.29432043108146
11.955352782404	11.9803707911071	11.5449873064131
8.91176430489099	8.89018453068969	8.52527486592133
8.9459094186727	8.89748317209556	8.64009526792319
5.28034635907331	4.985730920527	4.94201868715058
6.19555727089159	6.08709163548624	6.1467632426676
5.19904625697147	5.1495557224329	4.87928293180261
8.34948035076117	8.34639745689787	8.0715940139012
5.06014815114978	5.0913411084876	4.93175035169675
10.7738088714666	10.7738813585664	10.2310892208429
9.84206585928239	9.84024427595394	9.37232294308273
10.4767435718768	10.4389233985153	10.0213332448215
9.69414814517949	9.68089312379299	9.08265812696869
12.7730775412736	12.776399043552	12.3330565577028
11.8517959908624	11.8330460128797	11.3941065507819
7.72956097367025	7.58583201808608	7.57725439435296
11.2238781099514	11.2270353075062	10.7114228120412
4.74396403879722	4.71537317388735	4.9922918936318
10.5171360026483	10.527832206734	9.89324138939253
8.76058786929087	8.71261730859684	8.3338487952681
6.71257361964968	6.66779210935323	6.49943486098607
7.30645919939245	7.25180578068085	6.95728544380388
10.3986711891835	10.3959809872787	9.92723487057426
10.0276503683592	10.0482723865957	9.17369946312141
4.33844931363689	4.1897448125486	4.27820076571818
8.62060294963385	8.59409102864562	8.24437403929402
6.25710335856124	6.19370282611728	6.36470975897286
6.32573826188733	6.0913411084876	6.27820076571818
9.48212342288747	9.51484018651464	8.80949460164575
10.5637201838708	10.6147185648908	10.2284699480811
8.13946270882066	8.21138072649605	7.72727983835757
6.8274873943595	6.77206259201418	5.83037333132167
9.67423141760437	9.63031740393458	9.07684548799815
12.368584009709	12.3567493219153	12.015951320918
7.33369578366625	7.37369369152118	7.01192070038073
12.2283668306417	12.2497874438751	11.8634165263436
4.7052316443085	4.51484018651464	4.83589033628924
3.45975560985902	3.26691267307106	4.08786955361403
9.66826531795456	9.6412276780704	9.18940758007609
4.66543063625053	4.71537317388735	4.74498184009102
8.92182904399535	8.97829285704279	8.38930712271361
9.36858400970903	9.42468064886907	8.74351494109236
7.5903676872765	7.53369921376596	6.98734267766006
6.58504408329896	6.53681855561014	6.46424543252377
4.8274873943595	4.97657092124153	4.32602929080879
13.6841074480364	13.6918006538685	13.3883101180318
8.03986218192677	8.0016222932969	7.35321412013502
7.83647617758676	7.86806441189154	7.56899624335065
3.43629663703503	3.46330988587456	3.66044832987936
7.71623064325776	7.73043704634224	7.70182425767489
8.5132874141044	8.46084864835828	8.20014196770005
5.02125913775618	5.1495557224329	5.01192070038074
5.53346529604203	5.71537317388735	5.19478475753055
11.2769455977322	11.2545319849954	11.0068856430412
8.64511065187093	8.68054060209523	8.42177029016747
8.23262885749585	8.26597311260744	7.68816370809118
11.9789479662883	12.0263847942739	11.331043537087
6.80476731785942	6.77734719514245	6.49943486098607
9.74843566663854	9.71468470093662	9.18725108484514
10.3199414884237	10.3101678525733	9.47533461118558
8.00341113642326	7.9487367130448	7.6290158220427
6.30645919939245	6.11657839998662	5.95221445425647
6.40340475547765	6.39275660604925	5.55066018434125
9.16064274467012	9.11031034505419	8.77616470105714
6.11288961322175	6.06996745769503	5.99722418917403
10.1223378534723	10.096106851624	9.73431287493546
11.1646632629458	11.1911066048537	10.7400250666072
6.42143867830791	6.44350140479438	5.67898428131678
5.92762406564495	5.80089124507341	5.82483514778024
11.0305906445961	11.0597029673721	10.5922047358189
7.26544748269398	7.19961956048371	6.95221445425647
6.05245375935978	6.08282960863208	5.83589033628924
3.65530641897682	3.92987768579349	3.80246733475179
5.5554078489227	5.70985616891979	5.64167112284873
3.12026914358735	3.26691267307106	3.41717717886699
6.26044680163561	6.18577591034565	5.69728509805973
9.24786873555614	9.2994176376441	8.75739062678211
6.87624670627936	6.96966255189935	5.89522447567164
10.0182997622756	10.0471790216014	9.32749867987578
5.01335393967084	5.31857479289355	4.7093579303603
7.77351638387498	7.75475270689411	7.67744868240556
5.88926359194619	5.97657092124153	5.83589033628924
11.783427845649	11.7645150598545	11.207342789767
11.4131072235189	11.4167656201966	11.0483171057755
7.02125913775618	7.106116461168	6.05039484819537
7.324141476953	7.32940859880482	6.50637090819645
5.60359138243267	5.49573136356694	5.74498184009102
7.91070076260849	7.84559984836573	7.12664788137053
5.54447828876444	5.5584671189149	5.69728509805973
5.18503939897759	5.08282960863208	5.31816717303583
7.98735873113789	7.98915098149071	7.70484244923781
7.17089521665731	7.21527990465573	6.92917180759497
6.82523142041914	6.81637649257082	6.66665347940607
7.43185529425325	7.52900751844124	6.93945844683201
8.64255041155237	8.67842366108313	7.88594666208363
7.63484231641711	7.49573136356694	6.70333414273253
11.6344397225702	11.6840619488298	11.0339885456275
5.99741239580182	6.06565446482395	5.96233867153017
5.4184486357021	5.43014302193936	5.57725439435296
9.40906460989602	9.37978653031228	8.7040884930979
6.01335393967084	6.1576836033163	5.11535029003614
6.88276982986069	6.79047462912807	6.66044832987936
8.44734054175067	8.44930702647559	8.17641999012198
6.62968061130133	6.58281698033065	6.37989616278753
8.94070863783907	9.04115065748353	8.45262154842688
8.80934004764924	8.73994189510908	8.4097976485014
5.16377078222393	5.02180017523453	5.02163585521395
2.26044680163561	2.32580636212463	2.60982225680939
8.35964847934271	8.3543755143214	7.93689365497271
9.65021754230402	9.65636476215543	9.02284566244701
5.17089521665732	5.30400199180628	4.29432043108146
10.3598433196484	10.401338993292	9.57354407501458
7.24702628587329	7.22498199260514	6.76536334008904
7.35261664556347	7.34194606477988	6.90312967375699
10.6961556419478	10.6977136597198	9.95221445425647
11.3769833019153	11.4096579498226	10.8607973609574
6.27704876897274	6.07855495353176	5.29432043108146
8.40491622239525	8.39533668728693	8.30330921430872
7.74992313459265	7.6433998667481	6.77974725825171
8.80991062113538	8.79373790815091	8.30827888867138
9.81787504616225	9.81541351887334	9.43500821129867
5.2869190129968	4.92035491167498	5.15119548898286
4.77234584016704	4.75876576940073	4.83589033628924
10.5412175717662	10.5420671992897	9.94489353707076
7.06970878945788	7.01286705046452	6.83313447099873
9.13218095183051	9.10191035019779	8.8638385274116
8.38896628586051	8.45508937906959	8.06103336864172
4.50555929947214	4.95807457762414	4.46067881750358
5.0905218001933	5.0998026872358	5.01192070038074
11.3025114609815	11.3613203061523	10.654606662939
10.648783055596	10.6089873410702	10.1243954296391
9.7921170610801	9.84055986056438	8.96737426142747
7.1165840967795	6.96272094248051	6.60336723467209
3.91495023560984	3.70431798537836	4.19478475753055
5.67046622614783	5.81637649257083	5.81369459017504
9.37746453713133	9.37761346913792	8.88128528471376
10.7911060118035	10.8042928742088	10.657725161945
10.5382938280589	10.5405140353223	9.9458505487416
10.4442200092413	10.4443322110603	9.98517204527075
6.04471811058017	5.99936278611477	5.6290158220427
4.68546838948708	4.6819501723499	4.80246733475178
13.4962172894349	13.5165446678194	13.0914415205023
6.7076831233026	6.65349372630067	6.54730117225133
9.16421709159822	9.09452001915511	8.38649027500933
8.20686576143077	8.22110898345793	7.81089595682236
8.92077289823743	8.95457995732627	8.46157129822545
8.87951195484234	8.81830051380406	8.38649027500933
7.98836725619881	8.0117465105706	7.60012886060555
7.12577912497962	7.08282960863208	6.15119548898286
6.91918722849631	6.70154090070778	6.8819521185786
7.93182405417424	7.91076886284578	7.36661682473752
6.91918722849631	6.93461560480015	6.86586241604029
7.95057414534056	7.89262151613552	7.73024529683412
5.62968061130133	5.60676267595568	5.01192070038074
8.50555929947214	8.45756045310944	8.05631481973919
6.40642610745289	6.53057311277924	5.39492437201986
9.40302664119403	9.45797188760271	8.81089595682236
7.14399521346261	7.04827238659572	6.12439542963915
9.3032208253259	9.25038136551736	8.94903601049257
9.40944114520832	9.4221525611178	9.20814066703365
6.48855287416645	6.41326920337496	6.27007288483478
5.29346185886357	5.1495557224329	5.6290158220427
6.31934049068918	6.27066480793216	6.79398918082748
5.87188151371796	5.82660841518178	5.77401088870256
4.53898230100959	4.60081340962449	4.63535734891653
8.60029680452024	8.53525972775358	7.88461637610565
10.9362731852641	10.9428697060128	10.468691337555
7.34790964288595	7.12281933996077	6.77401088870256
9.95264252568179	9.98516012129468	9.46780325193696
7.52375947828537	7.43014302193936	7.14454200275092
9.25835805790766	9.25701663692856	8.76464036586149
7.06398001274081	6.95574577156416	6.99476014922255
10.8653088597945	10.8830019866532	10.4737872479351
9.04326304737978	9.03785181067832	8.70785433976991
7.30484092099407	7.35966981399091	6.93689365497271
9.85179599086239	9.72668579840681	9.47312358387022
16.237362241693	16.251090039476	15.9911575874157
10.8731105596883	10.9167676034672	10.4856812896862
4.53898230100959	4.28186301453703	4.55735483691525
6.40037706278008	6.161730436379	6.66974607446145
8.14490000812437	8.1728010490902	8.05158078746551
5.33844931363688	5.29666001646511	5.27820076571818
6.87188151371796	6.86185926236484	6.40609367973798
7.42740023654663	7.32219510857225	7.43909195529543
8.03596563657121	8.02846390551554	8.01557155439369
7.61930146552133	7.72360932398712	6.81927562243834
8.20859768845856	8.17079451880724	7.86316326643934
7.57299366022866	7.55385541000908	6.61624852596882
5.9893750767364	6.0083796594722	5.90049941771231
5.07541490780309	5.13316128418223	4.68511038411363
7.57164848992991	7.52744022329427	7.57890036719652
7.55131896085482	7.6720541362074	7.58054446428714
10.9971619061683	11.0117465105706	10.4720167982073
8.62060294963385	8.72018330708168	7.70634918048796
16.323863730425	16.3408240959537	15.9834496906034
8.53553664606172	8.46903649690151	7.41901617853078
10.1755515790885	10.1503196594594	9.55693733002741
11.5399284151789	11.569837137689	11.4659142528844
8.59103175865342	8.61268750991279	7.53378636577685
8.84596579032543	8.80153979309102	7.94201868715058
5.7052316443085	5.64195210441798	4.46067881750358
7.14761099240011	7.14955572243289	7.04564131822474
7.48283922297206	7.38758255971131	6.62264629716697
8.33051804000066	8.38152262563717	7.33384879526809
7.36042768273238	7.161730436379	7.00703847900099
7.74276926022716	7.8176594584543	7.58382704827645
6.87624670627936	6.85437768099538	6.771134127947
8.63870151187274	8.59259290281953	8.42543427954229
7.88385415538403	7.78916724794128	7.72133057202638
5.65530641897682	5.40304936105708	5.30231322183499
5.86750307320738	5.80089124507341	5.73910527375436
12.3004320281391	12.3253554494656	12.0254131392508
7.7463506316341	7.76542949968174	6.63219006983784
7.71013044372135	7.70708973462841	7.19048462009692
5.01335393967084	4.9487367130448	5.04087207407686
6.50555929947214	6.43014302193936	5.76246926681986
6.06014815114978	6.1413817909872	5.00213967958815
6.45975560985902	6.49893379560528	6.16001933936987
12.2332670769448	12.2063082332526	11.8613892011677
9.09239908743397	9.04608482735795	8.83657848084838
11.3503631230203	11.3028572682352	10.9415389880469
6.05630608485538	6.04827238659572	5.05039484819537
9.43222592881942	9.43140063791982	8.81648780506672
7.9381011998604	7.9428697060128	7.48194743425723
14.2635091717295	14.2541174599936	13.9954150704107
9.84290244674619	9.91197060805553	9.67475744503987
9.30119314397892	9.25843451914675	8.7093579303603
8.24449598114828	8.31039571248708	7.36088804802045
6.97723451386419	6.9463927725765	6.56069054947851
4.63484231641711	4.4098706269131	4.19478475753055
10.2434403763299	10.2807005819216	9.62025045652632
6.73917897623185	6.57373387556821	6.01192070038073
8.64830457622367	8.7385878874631	8.14008923674429
7.36198482809767	7.27813992849431	6.65109027518112
6.15301772592706	6.25559735984322	5.44632352452651
6.98331756591603	6.91076886284578	6.74498184009103
9.17178330227532	9.24562313217742	8.62104951223264
7.86859892972865	7.8865213165991	6.90049941771232
7.24196123079043	7.30765901541437	6.08323810488239
6.65784414177872	6.55539428486528	6.04087207407686
9.72321413283616	9.78228399147644	8.76246926681987
5.60359138243267	5.61858811135247	5.37232294308273
6.5903676872765	6.38930930443078	6.10624808292889
7.39582357649325	7.35437551432139	7.06925387544669
5.61930146552133	5.57069342124816	5.62264629716697
6.32254292272752	6.35083515661615	5.84686145411024
7.69785211394291	7.6777173232277	7.14898106791742
5.84985520738796	5.99028920248931	5.41717717886699
7.70645790451058	7.73043704634224	6.72430827182628
7.38514254908492	7.47798978117967	6.49943486098607
8.19643030876446	8.26220873984969	6.90049941771232
6.80018004836377	6.88896449252743	6.00213967958815
6.1385544966151	6.2172255489707	5.05985517744443
11.7651554619606	11.7925965999277	11.3928204657298
7.3712925703239	7.37194814376934	6.44271227097413
7.77468597862156	7.82660841518179	7.71535667098174
5.38207624603714	5.22884463223754	4.72133057202638
10.642870690173	10.6998025042559	9.7668082025442
7.98634950056796	7.91676760346722	7.92917180759497
7.91707028748421	7.92274150451185	7.22242751259967
7.73437798996802	7.79308584258461	7.28022560119567
7.3943025483704	7.43850649487398	6.96233867153017
8.84874501492002	8.81380713295869	8.40051983491339
5.53346529604203	5.36143027185535	4.81369459017504
4.77234584016704	4.89140353797885	4.86855652520956
5.51678655489539	5.38238989049099	5.10624808292889
9.9593443549683	9.91856237256565	9.49726048975173
5.20599901761323	5.03950217696798	4.9723923361941
6.90430299141034	6.77998225531043	6.81089595682236
10.2096790879852	10.2244984346851	9.57725439435296
9.99038219373429	9.91646825808989	9.4722382232773
11.4290724957806	11.4719931536154	10.9001702982764
14.495829493502	14.509454148489	14.2658639850322
5.18503939897759	5.18974481254859	4.44632352452651
5.24026891969798	5.08282960863208	5.31816717303583
5.63484231641711	5.63031740393458	5.3338487952681
6.69291137267264	6.79047462912807	6.57725439435296
11.0108746556084	11.0284639055155	10.7132974160484
8.59765571446293	8.61046854760779	7.64481767816559
5.11288961322175	5.04827238659572	5.16001933936987
5.18503939897759	4.95807457762414	5.06925387544669
4.58237489652297	4.76941301360024	2.88993017600212
13.7164779194746	13.7041879288817	13.4341559743688
10.3211427333232	10.3401616551017	9.86855652520956
11.2139965984374	11.2168609404752	10.9023082337525
10.5569381991597	10.5929675801469	9.9922918936318
6.72230515766745	6.71812378490339	6.49246530617123
9.29346185886357	9.33971520761527	8.68587432114015
5.79557814640476	5.72634429170835	5.17750676609871
7.38972981858058	7.35260642146834	7.32798814384685
5.30645919939245	5.13316128418223	5.18617162722584
7.82973984609088	7.7917808266287	7.3003191717029
10.8716082501428	10.8194216757019	10.4277195564987
7.61930146552133	7.54303707834529	7.05985517744444
11.3442708177855	11.3566941614251	10.9585504110405
8.93653447206021	8.84999544057399	8.33482326004063
6.98331756591603	6.86930224555039	6.03128602524767
9.47350600528485	9.49332486585984	9.07100933505191
8.69970053833528	8.58130709527301	8.20334677103397
6.46556123154022	6.49573136356694	6.45710336327975
11.1968666296633	11.2096715166344	10.8507839089103
5.58237489652297	5.4893050944075	4.79115202152395
9.23560480235134	9.25512395703639	8.55985734411842
7.23518004302518	7.36845069953312	6.48194743425723
6.04859111972738	6.05698960369683	5.95221445425647
6.9381011998604	6.76409921370377	6.83037333132167
4.7052316443085	4.64773445701199	4.73320467231467
10.7717602119711	10.8179800217355	10.4044701982892
10.933264980925	11.0183172537397	10.6612254346872
8.69723544582457	8.58357133069601	8.06338686841469
8.60029680452024	8.68476518795695	8.47046587042431
6.49140123647548	6.36845069953312	5.61624852596882
8.40113458185282	8.37282118164222	7.77113412794699
7.41094630449027	7.44017338707663	7.04564131822474
10.1938096086053	10.1949374817689	9.75630001689706
10.6478259381078	10.661732603053	10.297072950423
6.47997388927767	6.39619569001602	6.173154741559
8.62320240086123	8.66208974998906	8.33871455043991
11.324141476953	11.3254681908434	11.0296319893742
9.71562178271237	9.69771365971978	9.32700904978763
7.77585462594418	7.71674913492717	7.57725439435296
8.5763511088952	8.66137536768137	7.49595429225111
9.8914217001136	9.89140353797885	9.40051983491339
9.54001439479933	9.48849979433586	9.1045350072783
9.96908367274332	9.91826339939271	9.21820910304188
3.5499534188306	2.96735239121215	2.93175035169675
8.78748932642758	8.79308584258461	8.51155114730213
11.3866732601472	11.3903874713152	10.9202727464342
7.58637682708047	7.54922891205956	7.41164607289376
9.82776914322104	9.79569233839909	9.23082750745608
10.6790802914991	10.6385078349204	10.2028131312865
3.5499534188306	3.76941301360024	3.91099179152995
8.73197149226093	8.64773445701199	8.19907211593364
6.27043089020823	6.06996745769503	5.97739301725246
8.54858658306669	8.52194124288979	8.29432043108146
6.66543063625053	6.5676465456893	6.17750676609871
5.27374362424907	5.28186301453703	5.1687895489976
8.03888903177797	7.96735239121215	7.82205806310967
11.0010396165938	10.9911422793098	10.6172500498139
6.92972558829024	6.83169729185458	6.83864094730527
4.5499534188306	4.77998225531043	4.72133057202638
5.26711053191662	5.28928048609951	5.14231733763641
5.9608865197767	5.68757472154378	5.79115202152395
9.63580808352283	9.59633530450534	9.43500821129867
4.74396403879722	4.74803936280767	4.59688320110189
4.91495023560984	4.83169729185458	4.50290705289287
10.8287548311503	10.8183005138041	10.3998215877234
7.06970878945788	6.9155698491096	6.98734267766006
10.7724922100795	10.799917876067	10.3336050761965
8.30645919939244	8.27440720961798	7.92529532955945
3.67548430091445	3.63614648273678	3.80246733475179
4.88926359194619	4.63614648273678	4.9723923361941
7.74396403879722	7.69597064266483	7.61945095800717
8.94953884207339	8.97312087167176	8.77831530275857
8.53484652644039	8.46494838127031	8.26394678203794
9.29956894449311	9.23029046002605	8.90837584332294
5.74396403879722	5.6819501723499	5.42451915420816
11.7894434625331	11.8105084394614	11.2525186720258
9.9443511520504	9.95836541424258	9.52612827916177
12.7107416257008	12.7191539135019	12.4865584412809
11.3286279376254	11.3914648330566	11.0288795275406
6.60359138243267	6.53993116747747	6.35705618642942
5.07541490780309	5.1413817909872	5.24541083060051
3.2869190129968	3.3543755143214	3.50290705289288
9.03888903177798	9.04936492359673	8.53717695497762
7.52236758715869	7.42173078212316	7.38555010225472
8.34082021809963	8.33479514535188	8.29732291924298
7.95470794484757	7.96619592217957	7.73024529683412
8.74575435345207	8.66423077690818	8.41809697171988
8.03596563657121	8.12074202492816	7.71983941422862
7.85318066804028	7.91197060805553	7.59363022330681
9.32294272736937	9.40475770351945	8.46157129822545
10.8483284723905	10.8885067120886	10.4773216426984
6.17798464144364	6.18179605943311	6.30629307274753
3.99741239580181	4.1897448125486	4.35705618642942
7.44366862569138	7.39103398490024	7.25161598012722
6.66543063625053	6.68757472154378	6.66044832987936
4.98129273043854	4.9487367130448	4.93175035169675
9.84568757317273	9.87270082201226	9.55902365727587
8.7828466996025	8.84685709902559	8.25367844658411
9.94175029495356	9.97283299477948	9.5016059600277
9.50026629473024	9.48325435839892	9.02103057094205
8.07541490780309	7.96850793395786	7.4517235122691
10.1697843403101	10.1629927472836	9.66432967481094
6.84763396747128	6.92987768579348	6.66665347940607
5.93601185113767	6.04827238659572	5.73320467231467
9.98912318759723	10.035096997848	9.31421998851916
6.79096151833439	6.75341253490652	6.74498184009103
8.73016398101064	8.73043704634224	8.22137406600968
6.87406576097983	6.7208691616422	6.69121058365004
6.83423422680009	6.84936831818164	6.66355424074717
7.16198416274992	7.23461926986418	7.12664788137053
5.5554078489227	5.18974481254859	5.46067881750358
7.47997388927767	7.46658501790743	7.30430451965409
5.499912736331	5.5584671189149	5.11535029003614
8.10825816449011	8.09874769995596	6.97239233619409
4.12026914358735	4.20551212840691	4.06925387544669
5.47134358413423	5.31857479289355	5.22873208945388
10.1460302040622	10.1233382016966	9.61825087887997
9.03645328066606	8.9621409645668	8.7093579303603
10.8681880810741	10.9151204347326	10.4086411794688
9.45356143044981	9.4119956752291	9.26496960734905
7.00540518655534	7.00613071896864	6.44992576120671
5.42442253674673	5.28186301453703	5.1333842128664
2.8978767222509	3.00387826723726	2.88993017600212
11.8877104552407	11.91796436425	11.5460395236874
11.009881747764	11.0396396223109	10.5571460985743
6.7247278199343	6.62446467768914	6.5936302233068
4.84540930235676	4.50212913476509	4.85774977025297
4.8274873943595	4.86185926236484	4.92140840747529
5.7247278199343	5.53993116747747	5.65421637616784
3.33844931363688	3.76941301360024	4.14231733763641
10.0891122299386	10.0777520437396	9.52868549408398
4.63484231641711	4.63614648273678	3.95221445425647
5.67046622614783	5.66494374704421	5.56401856719626
10.6854683894871	10.6851166790151	10.2505836401613
10.6149002682654	10.6200594985691	10.1110907798829
11.250708376794	11.2391745218043	10.4553123077538
4.95677041130447	4.77998225531043	4.57065165952871
6.04859111972738	5.97196901928252	5.82483514778024
8.30645919939244	8.48769404450152	7.59525762905285
5.14218392001579	5.40304936105708	5.22031984963768
10.8104809690538	10.8378751883765	10.3860202652183
8.11750624129212	7.97081624651572	7.78546090944609
5.29346185886357	5.18974481254859	5.1333842128664
9.87270099402451	9.93284070807324	9.27668027194573
6.76058786929087	6.55539428486528	6.43182395483139
12.5594851810032	12.5999282205771	11.9004994177123
8.46773233058185	8.49813385378224	8.18184570182305
6.57702166202876	6.45673723195107	6.6065983559351
10.9310374871175	10.9121207558457	10.5164981496806
10.9179968314205	10.9061026220136	10.3284774418135
10.0425349650828	10.0721191285501	9.44542155823212
6.12394480173075	6.09557810137407	6.173154741559
4.80018004836377	4.73723260785109	4.46067881750358
5.03694075998845	5.03067832658098	5.11535029003614
4.67548430091445	4.52744022329427	4.68511038411363
11.7207889252201	11.7215546903037	11.3180439868477
7.9680615720694	7.95107685149932	7.67591144726716
5.00540518655535	4.80089124507341	4.94201868715058
7.13309318394493	7.00387826723726	6.72430827182628
11.9769169844162	11.9672078832698	11.494101819041
10.2780800757869	10.3087999368189	9.74717939579527
6.04471811058017	6.108214927052	5.59688320110189
8.83311194355338	8.8272455072835	8.6290158220427
9.38896628586051	9.40475770351945	8.64952468084312
11.5712278668648	11.5927802536465	11.0787371656641
10.2627409322889	10.2532287908645	9.81439340105859
9.13628146157598	9.13367644042441	8.66897354697799
11.6670848773807	11.6709010799515	11.4249767894351
11.1956664295222	11.2122345726665	10.9571272448848
10.8180168692187	10.8258116542178	10.1859016365746
10.561350114038	10.5712639947343	10.1745161600246
10.5736657753309	10.594278185037	10.24125918733
8.5181838383372	8.55539428486528	8.18184570182305
8.83591601643008	8.72975572635749	8.2710913776698
6.18855388315382	6.06565446482395	5.81369459017504
9.43851219166686	9.43391258581075	8.79469759971767
9.85235002122284	9.7580977003724	9.58341713350145
7.07541490780309	7.07211912855009	6.88461637610566
5.38820234883398	5.3401616551017	5.29432043108146
10.3229427273694	10.2437154359776	9.80070515663983
8.33686654327419	8.40133899329198	7.8038755291446
11.6151451317845	11.6447558257196	11.2175488609175
6.36042768273238	6.51484018651464	6.28628311201604
5.48855287416645	5.36845069953312	5.42451915420816
9.45902826170099	9.48446653747112	9.12889682187409
7.38361021220068	7.28557651733609	7.37042341016725
9.52375947828537	9.49853388013747	8.97176603054463
11.1091856444583	11.1169692506796	10.6540211931816
9.09474226651149	9.07908997858551	8.8262216880512
5.24026891969798	5.50849865964082	5.37989616278753
7.90750542344868	7.85936971033914	7.38555010225472
7.82410210917486	7.8227799431229	7.55233676214863
7.84540930235676	7.77734719514246	7.52356652345897
8.74992313459265	8.71881061902295	7.9723923361941
7.41244989508066	7.31676122252161	7.22242751259967
8.53484652644039	8.57752545473059	7.64324525834684
5.03694075998845	5.03950217696798	5.37232294308273
4.93182405417424	4.97657092124153	5.1687895489976
13.5851274158645	13.5963353045053	13.3516202642574
9.96294017854468	10.0320606156978	9.33579706705762
9.25542872686899	9.32129088100213	8.7530232317993
4.74396403879722	4.96735239121215	4.79115202152395
9.58003530020664	9.54420007320141	8.99783954215452
9.49495379931687	9.41369346305774	9.17587629498048
10.5645656946732	10.5530853565929	10.0973752157054
7.00938503746789	7.05481523246249	6.58382704827644
6.67046622614783	6.71537317388734	6.06456218012196
7.62450037219565	7.63469141953639	7.41533583204283
11.5323420718181	11.5281261244371	11.0790279729702
9.60556452389486	9.63031740393458	9.17042804439335
5.26044680163561	5.19765001063394	5.52356652345897
4.56084173497333	4.56459322171174	4.60982225680939
6.03694075998845	5.93461560480015	5.63535734891653
5.38820234883398	5.28928048609951	5.15119548898286
7.12026914358735	7.01510552266052	6.95221445425647
7.86091039589695	7.8227799431229	7.43909195529543
8.44660690581272	8.4451625391643	7.52868549408398
5.19904625697147	5.1495557224329	4.91099179152995
5.95264252568179	6.161730436379	5.7797472582517
6.24365155909263	6.1576836033163	6.33774271137259
4.86311130409022	4.56459322171174	4.16001933936987
10.9064387357543	10.937273862358	10.4588921980296
5.62450037219565	5.52744022329427	5.39492437201986
8.99440364592948	8.9885815340624	8.46157129822545
3.79096151833439	3.43683767451337	4.10624808292889
10.924202548848	10.9633006873309	10.586488659126
11.6643267541082	11.6493565766617	11.107531556089
10.326735355742	10.3217430656292	9.82483514778024
9.79153940540035	9.6823023498302	9.35609662866815
8.21722627303649	8.11240272401543	7.41164607289376
11.7655231868474	11.7573457527447	11.302437758504
10.4806907563935	10.4714838173203	9.71759978370243
7.93496604098612	8.08602730859113	7.0924861816844
10.1383273542009	10.1165783999866	9.0924861816844
4.40037706278009	4.17380326867957	3.12439542963915
6.64255041155237	6.71261730859684	6.45351902593071
7.11288961322176	6.92274150451186	6.81369459017503
7.69043464238042	7.59034279312365	7.45710336327975
8.84985520738796	8.81444990197841	8.56816782240288
8.82861405981379	8.80218804969186	8.63377457855383
9.51083295603608	9.47880096761706	9.16111853564467
10.7890817851162	10.7991062332659	10.3988900654693
10.3975328184977	10.3966249996579	9.92594213299592
10.4407243490758	10.4561195076681	9.84583644870947
7.10174905561655	7.16777948105181	6.80809188394567
9.61604260928837	9.59184325611994	8.95918247897649
9.50167966250519	9.4119956752291	8.9375352805296
7.51258656636611	7.49893379560528	7.19478475753055
10.1951205537577	10.2334181249768	9.52612827916177
9.07541490780309	9.10664136386285	8.51757134398795
10.723668405747	10.6743574876984	10.3661402945793
10.0403485109524	10.0326131607222	9.56027400694901
4.57164848992991	4.96735239121215	4.96233867153017
7.28527865461554	7.32580636212463	6.72430827182628
13.4147257913537	13.4154157361928	12.9140513317208
6.99138860817405	6.9155698491096	6.51671285241791
3.17798464144364	3.382389890491	3.50290705289288
5.02912125552915	5.108214927052	5.07859174002602
9.64094795105119	9.69980250425586	8.92658864658097
3.33844931363688	3.32580636212462	3.12439542963915
6.96703874675829	7.04608482735795	6.69425103797009
8.44219723847471	8.46330988587456	7.7668082025442
10.9868542041032	11.0165028061023	10.3262742929391
9.79615418755471	9.80348368968993	9.49726048975173
7.85096454618994	7.86185926236484	7.67283205433519
7.82861405981378	7.81894128443013	7.51842932500693
7.78168370474638	7.85936971033914	6.65421637616784
7.04665591482166	6.96735239121215	6.43182395483139
10.2007875909679	10.2242565949325	9.69538955838238
8.18767606442221	8.21040428311469	7.81648780506672
3.88059873081907	3.89140353797885	4.31026197495048
4.27374362424907	4.47636603870001	4.72133057202638
8.61865028291452	8.56535715873827	8.24333650236265
6.8978767222509	6.76675856015426	7.09708808364341
9.30403110057376	9.24562313217742	9.00213967958815
6.45975560985902	6.52115396044684	6.36088804802045
5.79096151833439	5.81123318929487	5.87928293180262
9.69043464238042	9.70812776923913	9.1283349153272
10.2343301490148	10.235819415546	9.81334505775882
9.51293703279341	9.41919751537764	9.03907953496754
8.29019414502966	8.28650340142894	7.89257975441607
9.54961183127344	9.55308535659295	8.95348387364403
7.91176430489099	7.89505439199181	7.61143150967105
5.21980481713826	5.41665979257574	5.36470975897286
10.9514794266473	10.9453660999071	10.6365432881867
9.37900341198752	9.40262195917546	8.70106872215572
10.7552653564418	10.7934119122076	10.5216422170799
7.53208274199191	7.50053234983076	7.06456218012196
6.29672218802716	5.80607148417909	5.40979764850139
10.1036117996337	10.0968996138242	9.76319332959084
7.86969395448019	7.91437109952598	7.73615798970402
9.36431739940756	9.3543755143214	8.86788346942833
10.2562662856971	10.244908041684	9.9372145034208
7.44072434907584	7.41157091590294	7.11308011641131
11.2148585521843	11.1628665658832	10.701257643133
6.50273878040976	6.4828500722702	6.10624808292889
4.64511065187094	4.0913411084876	4.34162614585981
9.00191378803675	8.94697911480806	8.59525762905285
8.3728380391818	8.37282118164222	8.28123695422755
8.11658409677949	8.12696501821832	7.75083456633646
7.85760272526757	7.9155698491096	7.488967861935
6.32573826188733	6.27813992849431	6.12889682187409
5.06780172369321	5.02180017523453	5.22031984963768
8.43703553335893	8.41326920337496	8.26292323106142
10.0687555716889	10.0320606156978	9.68434604235223
8.12669541274678	8.05807556162608	7.85503538555594
3.91495023560984	3.85187517379221	3.84686145411024
6.7247278199343	6.69875846003646	6.60336723467209
11.0905218001933	11.0949168909308	10.6477613540305
11.0551033377737	11.0367505167005	10.7511995745714
10.4553860102313	10.4407979754582	9.85163520712395
4.20599901761323	4.1576836033163	2.80246733475178
10.0393756889055	10.037025919019	9.57766606364977
8.75822473192239	8.75676063351036	8.11308011641131
7.87842435958473	7.82915509729213	7.61143150967105
7.30807566459337	7.32400186527787	7.22453210092459
10.5703020642224	10.5912807653567	9.89786435754434
8.36897125841378	8.41411759801328	8.12439542963915
10.2687716662865	10.3135819782675	9.69842122756395
5.57164848992991	5.54613631700418	5.66044832987936
4.84540930235676	4.70431798537836	5.1333842128664
10.5080227383647	10.5607674569641	10.2832575358476
10.0902869674361	10.0817621316756	9.64834936913585
6.06780172369321	6.30765901541437	6.02163585521395
9.55404617346448	9.60861680169718	8.89720483979988
10.8273464992922	10.8823890519479	10.3075345279837
