k27_temp26_1	k27_temp26_2	k27_temp26_3
8.29451024116309	8.29961445563265	8.20437538074943
6.20400497200175	6.19673919547663	6.10095920505472
7.77666168414736	7.796952435387	7.88863591435954
10.2467322174277	10.239375800347	10.0240688042683
6.78962863895674	6.78220037012026	6.83769029417959
6.84907885118292	6.89224928710604	6.95366005813502
8.5022576226587	8.56977070237946	7.84090232783408
8.32371101256742	8.32763636367024	7.83922783863733
8.74122035153713	8.72532175686386	8.73045375376983
11.9307092967775	11.9363636059602	12.1211295965043
11.4938449952995	11.4943688001505	11.4940011640613
7.1243311177936	7.0783788748545	7.14743172689439
8.916767492555	8.91761646052992	9.0478465246818
9.36702803393742	9.44194105600612	9.10470711221232
9.83640650278539	9.82220470887883	9.77971077860661
7.89227545774825	7.96693817632945	7.72236408747567
10.688332918777	10.6924919608198	10.5950767924172
6.65366361689313	6.61838822251385	6.7042378867988
8.34023765473136	8.24361436797946	8.31212021444994
8.007429057448	8.05239387110608	7.86578920768563
8.69224179420956	8.69083624787916	8.74214965838098
8.871509283591	8.77824218801602	9.02445960131588
6.70782543775674	6.74601457034404	6.75840012133532
10.1155474576117	10.2120015006587	10.1469237950656
6.63747570682584	6.6759391138638	6.67824912138214
6.7536045714668	6.68105895057404	6.74415449324885
6.7938082346575	6.80817147747378	6.84438351525919
11.2967116821555	11.3022496589803	11.287244413534
7.08905314835683	7.19750001309239	7.39546640307001
6.28343126586241	6.30017954774925	6.27948243270003
10.5030717557818	10.4711427125544	10.443240639806
7.24676966419483	7.2925563708893	7.16357891269243
6.19455259400045	6.21450243059435	6.15579688246819
7.58013811507026	7.54508587673212	7.94733061935155
11.6341245723058	11.6143938821981	11.753260273495
9.9603473568141	9.99892037919932	9.63858226426815
6.58538382649865	6.6759391138638	6.5933824674392
8.60573392065887	8.60319592770594	8.30970377700016
10.4547248282272	10.4242034297521	10.3904777804398
10.8920160202062	10.8876797908793	10.7810070465145
10.5813237145237	10.5599793994478	10.4484672457944
6.65366361689313	6.6759391138638	6.70055374326298
9.94891362282523	9.91666195476824	9.82778990671511
6.99960577973335	7.07449312046516	7.21871203203889
9.00593992057235	9.02168112778388	9.11373891307098
6.94615589205418	7.00881949736686	7.02019889360242
9.14902956086976	9.20968211146145	9.18138623526075
9.71905589237542	9.68335408889273	9.57359964955791
6.53384153859696	6.54727487422381	6.55717236280456
6.72324710227062	6.81982373598734	6.84104078593156
8.80265914062439	8.8188754839441	8.87393451756495
8.73579933713385	8.69400557983917	8.78453130671522
6.86107889272283	6.83598040300491	7.0378256439391
6.49072479515227	6.44263954374745	6.4732959322585
6.36434421439135	6.32655561852375	6.36109138889682
9.8572761532915	9.87034632744535	9.82313817467377
7.15389765863993	7.15213154870861	7.20056741331092
6.1786597203338	6.1859753392257	6.03812877453461
8.38940183931442	8.35432331413106	8.06805119134226
7.1490117869028	7.11288761049004	7.07813610543544
9.990477456624	10.1072532599275	9.6025137397726
9.55144008963212	9.60806910628097	9.46214772592766
8.56412885077783	8.51419511452354	8.58216614907822
11.1584927236174	11.2032962002853	11.07385772816
9.93028667088734	9.98553223422759	9.93554749246258
7.82136551876412	7.82382039664091	8.03771011297496
8.09132450395655	8.03350278586961	8.08792978374249
10.7385268722303	10.7589180398493	10.8366168882063
8.65136476454805	8.58487381309482	8.70033118722587
6.51371170165168	6.47836775167234	6.59735028694181
7.75538763379605	7.83764231867248	7.79499463920137
6.78753429202151	6.77263921253181	6.78994765029681
9.12766382328426	9.10690091676886	9.05939933809005
9.94139748276251	9.91557630656419	9.8982383606217
9.66560415008966	9.62643267406984	9.67000792717049
7.61952506100321	7.66750794009357	7.69114266565543
8.09978949134297	8.08269481125527	8.29999734910081
8.26018202099198	8.24793373895086	8.40220332478654
6.18821643376191	6.24593540606499	6.12314496669075
7.81521031260205	7.90264277729451	7.78459146839898
11.3284819886237	11.3577603985885	11.3737943326462
9.85652706384568	9.84861099871768	9.75993282911258
7.69856066762647	7.68162644593331	7.84090232783408
6.48556647780428	6.48423737996049	6.51584353632714
7.93074147508638	7.94794861745853	8.13918445530377
7.12764636939767	7.1957124033118	7.42925050522761
6.56351933070863	6.57779007199579	6.71157807230771
9.62336713171728	9.58469560958445	9.48695673759039
10.0556732938374	10.1039211327622	9.75949022480037
9.48804309830904	9.55258081618379	9.29263480206923
10.5126131171694	10.5338626367989	10.5332454032904
6.4329429475059	6.45464751225582	6.4904658200729
6.46474679897542	6.42748767670308	6.42499728388346
6.65825557068371	6.63431294412429	6.77250647141206
7.01042140512805	7.01694098942797	7.26185022062398
11.8359710441855	11.8639908159734	11.8544395747108
8.9652889461282	8.95191026230744	8.98638491833067
8.99509016313909	8.95825057629504	9.08858793491209
6.63514825075719	6.55287130946744	6.57337803170412
7.02826920374008	6.98624675725024	7.17158523915497
6.60692194002947	6.60498202969203	6.54900075830628
8.48878522828917	8.49251663632577	8.59214287983422
6.5610693634253	6.58600160146684	6.56934364628604
10.6862265465274	10.690113110775	10.5735848752421
9.804654277977	9.80735549566589	9.75860460860852
10.4019658554568	10.3699502516965	10.372355970524
9.66788315641708	9.66020626222049	9.49016146920546
12.6426846214572	12.6492837822988	12.6330115534539
11.7342997575461	11.7193751131892	11.70603627059
8.00111652730369	7.90264277729451	8.18341073403714
11.1211414091868	11.1278462840808	11.0383586638094
6.4673657466987	6.47542395921808	6.5933824674392
10.4404657068838	10.4546068421898	10.2500859477398
8.83445475937493	8.79899627895227	8.81807258250719
7.31379145950114	7.29756544492758	7.39318575082531
7.69632967553444	7.66750794009357	7.70958992796924
10.3276976763395	10.3291526440733	10.2824860153993
9.97767433704444	10.0012249979482	9.57410310961643
6.36715170207907	6.35245819714062	6.3470211153019
8.71501168557841	8.69843098022556	8.74035644848182
7.05984920449654	7.0390422062101	7.30616235346891
7.09583960117296	6.98831348006192	7.25181548442437
9.47378549267818	9.50825782169921	9.24093900065556
10.4849290384133	10.5375722684338	10.5710649084688
8.31864335560974	8.38288416078897	8.30485872602651
7.38339531263711	7.35955279884366	6.99033381294174
9.64954949940342	9.61377011683308	9.48481628810334
12.2428740180218	12.2345661428403	12.3191257825397
7.7151840404691	7.75143544873855	7.74936226544503
12.104607337517	12.1291047683825	12.1684073730386
6.45686131335089	6.42443811640143	6.53251738829357
6.21339583492443	6.20742335458309	6.29422350008604
9.64406153995174	9.62377609285214	9.58862754533096
6.44627984624058	6.47542395921808	6.49897474908487
8.97406392432518	9.02872721823517	8.86655525423057
9.37088008071739	9.42639960064856	9.18138623526075
7.89811114897508	7.86489513625566	7.73141973222226
7.23912691379146	7.22229673725558	7.3701787222919
6.49072479515227	6.55007580516694	6.36109138889682
13.5469126164698	13.5577937973487	13.6814472031647
8.23964574811069	8.21654171002239	8.00671721446899
8.08195529050184	8.113319671356	8.17679631022824
6.21027233287888	6.23204965725866	6.19297983633366
7.99114069381866	8.00928125790685	8.28408378109324
8.62462918407048	8.58692113225092	8.70217481084961
6.54875673630545	6.60498202969203	6.60130722507458
6.72980625975505	6.81750080041487	6.67824912138214
11.1727053013944	11.1545496200726	11.3264696097766
8.73579933713385	8.77165732686512	8.89504278889595
8.39353898058544	8.42698001985091	8.27296295930904
11.8591548970902	11.9092128804999	11.6440866389084
7.36946056995913	7.36274266963483	7.39318575082531
9.71795654862783	9.69130544049569	9.5866328473325
10.2530074658398	10.2478113540007	9.85497539583833
8.21102007912816	8.17540927193296	8.22503974031451
7.08564791370193	7.00065203052454	7.05812165072259
7.13754666065695	7.14288411393624	6.84438351525919
9.18448136963686	9.14491792035158	9.21082251271852
6.98688421631954	6.9779501335992	7.08380389351738
10.0665104191148	10.0460647520215	10.0990997374882
11.0636689741537	11.092976576333	11.0661833791832
7.14737947924082	7.17045048202476	6.90966149325833
6.89843367475686	6.85422630969878	6.98731302085487
10.9338073321889	10.9656712831527	10.9225478061869
7.66814722603965	7.63225612273258	7.70591929708236
6.95737812339631	6.98417706973384	6.99334829359488
6.24120721027954	6.30350304394856	6.22410569993292
6.73850567580355	6.81517411890639	6.89038632311687
6.17225323382588	6.20742335458309	6.14499479482148
7.06158354471418	7.0350489031266	6.91920336583461
9.26233099247013	9.31347733042453	9.19388822118857
7.41358607779153	7.48194721370918	7.02609843697189
9.96892134275402	10.0002011774262	9.71681126322371
6.54628155233533	6.66305947171191	6.4861924645313
8.03417421834269	8.0274854205644	8.26425377452945
6.88085980176024	6.93359244912892	6.99334829359488
11.6672512214036	11.6521998556315	11.5227136247798
11.3052463060242	11.3123902058436	11.3669826986052
7.50564872538702	7.57013950290456	7.11458488378132
7.70855765798528	7.72068733595151	7.39774345583213
6.7578896784445	6.72881218416173	6.94434409087702
8.13892286798144	8.09617324721618	7.83419267847721
6.73416252426174	6.75332469672142	6.91920336583461
6.60216340012432	6.58326961418968	6.73337720329171
8.19846330299135	8.20681184767157	8.286543476571
7.6041371009484	7.6427911995424	7.68928489977975
7.38200787923768	7.38644451302039	7.505133270913
7.78403410416605	7.86151655454589	7.696701653121
8.73362521497899	8.76985622720018	8.43583235004045
7.93074147508638	7.83764231867248	7.53025782423369
11.5213601338886	11.5734209242681	11.3529688336632
6.93105583230778	6.97586850172216	7.06386845321224
6.68550456533553	6.70387601974558	6.85767752225211
9.40748203683191	9.38581770831943	9.14592855438463
6.93862561629677	7.02098465608298	6.64413205311569
7.41765448262476	7.37068662697627	7.50090297621184
8.56962412644955	8.57734202119245	8.68176420255082
7.26494875553718	7.24840008013556	7.31582736569151
8.99054523782032	9.083890335128	8.92218797802504
8.8764444432062	8.82235532020964	8.88452725744299
6.59499603492935	6.56399947811135	6.6052533413493
6.09983824043084	6.12341538387235	6.02640522765149
8.49714010551132	8.4990544514847	8.4784099882015
9.62747128293323	9.63766888599214	9.43524288293387
6.5973891147731	6.65787524989832	6.35172646747827
10.2908358680092	10.33423971603	9.94725438997161
7.65557038247543	7.64933676992041	7.5731997163444
7.72834619476143	7.72936306942221	7.67057447251253
10.6116807022733	10.6170270845872	10.3063173141969
11.2700507552054	11.3054650969161	11.1838331000054
7.07022411083576	6.98210440899542	6.72251880628318
8.53446187854359	8.53272319161667	8.79147543229139
8.01639931315697	7.94475924770584	7.583238311497
8.87693703192307	8.86852963865705	8.79579859870697
9.78221484075435	9.78434512522357	9.81719601306721
6.63747570682584	6.53318807679863	6.65939487396694
6.47519418896428	6.48716326435323	6.53251738829357
10.4634427486958	10.4681839113643	10.2993309689716
7.53715464950694	7.5095512536073	7.62076038247748
9.15919000006026	9.1374873657401	9.29018546788565
8.52128824660709	8.58213952698822	8.58316693252358
6.40589353492524	6.54446849553143	6.40249726981293
6.57084437118812	6.58872842568331	6.60130722507458
11.1975657554953	11.2583925234973	10.9831322152179
10.5662840986575	10.5320927873384	10.4710798111331
9.75835186261322	9.80764813059565	9.38447944892779
7.56798724032462	7.47753999342052	7.46226157099172
6.28343126586241	6.26651665810704	6.3232614076769
6.78543690060942	6.8610094732176	6.98125239628446
9.37890127760397	9.38385646874778	9.30603231066154
10.702853127577	10.719337185409	10.9861618723635
10.4606521692288	10.4667022320948	10.3002441523107
10.3710032913989	10.3750931923242	10.3377886276349
6.95364706981169	6.94427816062402	6.88390361509637
6.451580279556	6.46655637412571	6.52003009789911
13.3600992595237	13.3835444413021	13.3860261977578
7.31087790117828	7.28920730046686	7.42479140546191
9.18766147778031	9.13095408755069	8.86408708830434
8.37273360625133	8.39071840643405	8.37356765053804
8.97314275176511	9.00799428275818	8.93007561438938
8.93722280975547	8.88969269958483	8.86408708830434
8.19925131146386	8.22445398601153	8.20177139978706
7.57407546961079	7.5548807168685	7.17424417184515
7.44049455448018	7.31742962326594	7.65542943492354
8.15525871383332	8.14608764377676	8.01712233380757
7.44049455448018	7.45977523652532	7.64396540208546
8.16980447783866	8.13213525915109	8.30728328540112
6.76854709634803	6.77263921253181	6.60130722507458
8.61816181228386	8.58419072724125	8.57915962661837
7.1391901244575	7.21878033403767	6.7689927923757
9.40201636773856	9.45657062374236	9.24220671252426
7.58617539081251	7.53239400334284	7.15821657184926
9.31199073805385	9.26954060574732	9.36773435966239
9.40782295459846	9.42411113289266	9.60596450454935
7.18446311168343	7.15397394434231	7.24677182176563
6.639799414562	6.60498202969203	6.88390361509637
7.09245036495783	7.0783788748545	7.59320754041612
6.87297995156302	6.86551393015896	6.95983745223376
6.41406173431004	6.44565091736464	6.46028309185117
8.69782865210756	8.64898854366759	8.43472392058988
10.842687422321	10.8527979463768	10.8028646544771
7.72506689649768	7.58113630790094	7.57923125136409
9.90756393734065	9.94220887035319	9.84791466535877
7.84974761347583	7.79104476897721	7.84758091720216
9.27172651039171	9.27547672389817	9.20042495483391
7.53341006513945	7.4731192689504	7.73682596090973
10.7742655057266	10.7950825236024	10.8077961753137
9.0805416124604	9.08098803445884	9.14931109535287
7.69521288443067	7.74166716797061	7.69485103620106
9.81368761273611	9.70236421939569	9.85290229512541
16.0937281793516	16.1105951997139	16.2789893624215
10.7817817631028	10.8276236595253	10.8193087054476
6.41406173431004	6.37158447977227	6.43389996171959
7.13590132265801	7.02300224744528	7.50724377594697
8.32298815049584	8.35191752384642	8.57514115888571
6.65596142054694	6.6552761370817	6.71523420925603
7.41086742030188	7.41438212461388	7.33258689113362
7.78087910753345	7.71570624932554	8.07375879292412
8.23657832203802	8.23754544035853	8.54464048688849
7.91930897176689	8.00418351313639	7.61098037600448
8.37413000462084	8.35031143199944	8.41687224311567
7.88543718266692	7.87944491378807	7.47093843265797
6.92725599475817	6.94853038388743	7.02903918709162
6.56596514507306	6.59958447981068	6.47760759658878
7.88445763494115	7.86038860013486	8.18472998754611
7.86968404621851	7.96588973256835	8.18604803579947
10.9014888597612	10.9193028569542	10.8060827750315
8.71501168557841	8.80545780951152	8.28777175350964
16.1801525389227	16.200249131651	16.2712870761886
8.64328017017254	8.59372462239704	8.05800823065759
10.1165906522247	10.0969942898911	9.93162398731786
11.4289820008141	11.4617355924716	11.7766330946212
8.69000097912952	8.71412608247678	8.14867974415476
8.90811793377874	8.87524630879889	8.48270671085976
6.80005501401186	6.78695729395609	6.40249726981293
7.58858324503848	7.59882925246007	7.77411273767809
7.82034147297885	7.76113803606188	7.47525737273942
8.47323256114881	8.52134948522926	7.99172136154142
7.73379518211261	7.60692261621264	7.74579156579908
8.01102385531171	8.07493593203542	8.18868052533414
7.41358607779153	7.40976326306946	7.5772235401094
8.73035787621543	8.69716796467328	8.89826297755091
8.11823945933031	8.05338131955632	8.29999734910081
6.77912637068453	6.69377962006217	6.72614735919619
6.87100324633387	6.85422630969878	6.94122535327463
12.1756467342995	12.2036013611213	12.3284810594327
8.01371408779811	8.03550300997023	7.48171163737185
7.98658332032628	7.99187492879222	7.88214511814129
6.54628155233533	6.5416566478598	6.61311334394307
7.19398236322073	7.16315079637616	6.95366005813502
6.96109955344497	7.0128859578755	6.59735028694181
7.16845677724768	7.20106860174144	7.17954738154466
12.1094362203258	12.0862675472285	12.166405489614
9.12393357093325	9.08823286803812	9.26546066235049
11.2441293417986	11.2015157149659	11.2626248594235
6.95924003825911	6.96751181038261	6.61702734687272
9.42846805797821	9.43248449357152	9.24726644979014
8.16012361487672	8.17086686737958	8.10753819592949
14.1237505755088	14.1175919331514	14.2863731237237
9.80543078393807	9.87398383450621	10.0427408968693
9.31016813992414	9.27674557772767	9.15066189427115
8.40314642184476	8.46309578495656	8.01267218275271
7.47734270336189	7.46720381957175	7.43369586573937
6.43829250885588	6.3998067926965	6.3232614076769
10.1806367135673	10.2199386955812	9.9912708945142
7.3297117003975	7.24321705695926	7.09226404590307
8.73851239054186	8.82119630714353	8.65059643839629
7.73488251432484	7.68545308915942	7.49453418589588
7.00682519771749	7.07059687258162	6.7934107282346
7.48123547275789	7.44480232894637	7.55902729318656
9.19439602214282	9.26528551747035	9.07157367432569
8.10652590158437	8.1274543173511	7.66869001447377
7.65212122052555	7.705692185149	7.13383630438785
7.28141406430269	7.23279481517557	7.109036964385
9.69467467993432	9.75369000227501	9.19846704267762
6.7578896784445	6.77742771112365	6.75840012133532
7.24218887396277	7.14102749311472	7.14743172689439
7.75859880864935	7.73798694387525	7.79153524388381
6.76429357095984	6.75817761911049	6.88065130546966
7.09414597826975	7.12044540588743	6.99935842570176
7.97742515612104	7.97007894384681	7.85090865399265
6.86306923209624	6.9400133681858	6.77950826301452
7.98384197002331	8.00928125790685	7.5447142683641
7.7510949189505	7.82497729465516	7.39318575082531
8.36432671338929	8.42392916222932	7.66869001447377
7.3666573978045	7.43119255375831	7.08662945993775
6.99960577973335	7.05095622556043	6.62093076117592
11.649342029871	11.679718236329	11.7047724171238
7.7413893544911	7.75021802444566	7.35619631608014
8.03505724087682	8.08172723022907	8.29511953582793
6.67194439332048	6.63167099944066	6.4904658200729
10.5606227387242	10.6190293185804	10.1299028896583
8.19767486387451	8.15070861393439	8.47194081480481
8.14384307290767	8.15531483052076	7.90633648313043
8.0047270687286	8.0563396163002	7.95043628972442
7.75752921098076	7.796952435387	7.71325124365632
8.91052579536247	8.88581749513006	8.87638590819684
6.72980625975505	6.67850130312834	6.52420454726973
6.47519418896428	6.52466950859723	6.54489753568201
6.72324710227062	6.68616068421063	6.64029098680837
9.91381844572699	9.88011879908659	9.87554418942679
6.60929533782409	6.56953154244158	6.58541394381072
7.43113356770027	7.36433496417391	7.605080390774
10.1487651065031	10.1668645848427	9.95074801469668
9.94280974496045	9.87816959328902	9.85207222000974
11.3208084401029	11.3662286901377	11.2222418962763
14.3552984556213	14.3720704708261	14.5561093967773
6.60216340012432	6.61838822251385	6.39795485650501
6.62110411701824	6.58326961418968	6.73337720329171
6.77066916593973	6.78220037012026	6.74057100037154
7.30210175658163	7.37068662697627	7.44474970977015
10.9147431581297	10.9354608679561	11.0401818470978
8.69559650448207	8.71225166078917	8.23780625882488
6.57813241250309	6.57228964106498	6.66318548491763
6.60216340012432	6.54446849553143	6.62482364398257
6.42488123322929	6.49008322770534	6.06129395391041
13.5791112502666	13.570114418471	13.7270947706205
10.2541454933371	10.2762133998684	10.2265807889524
11.1115458592998	11.1179692120638	11.2243282104746
10.4784517675985	10.5167817825776	10.3445916321467
7.3196009841273	7.32726008494584	7.3886136022443
9.30322119156214	9.34969902407147	9.12958103965459
6.83900200830119	6.82214293766516	6.6707369614057
7.75431565192061	7.73675811337561	7.98719204176941
6.64443563318867	6.59958447981068	6.67449793035656
8.07681904839477	8.05535419123109	7.96586514501646
10.7803343033369	10.7338841728673	10.7632352018024
7.91930897176689	7.87162865598016	7.78459146839898
11.2381987293107	11.2538896299836	11.2792388767651
8.98689896050359	8.9170740985705	8.81892244447162
7.48123547275789	7.41898624639885	7.1034676292402
9.46594881635223	9.48868089729892	9.47945122949579
8.7822935796876	8.68765993820337	8.70493583638095
7.17167228177466	7.19928541074632	7.36553296061876
11.0949161438429	11.1109910937423	11.1740689723621
6.74930670016235	6.72633787188886	6.51584353632714
9.25135497862242	9.27378318099128	9.01707275114958
7.64750947330416	7.74778008960947	7.38172809654869
6.95551380265554	6.97169620628192	7.05812165072259
7.452441546515	7.35475472980515	7.61880967771519
6.45686131335089	6.45763395491155	6.49472655682603
10.6842578205623	10.7324977085782	10.7407640990628
10.8397845613761	10.9256529876419	10.989562649006
8.78018845665388	8.68956656305456	8.58516641913432
8.69782865210756	8.77525279461361	8.93792036132572
7.18605402159616	7.12983731411758	6.87739164810814
8.53133619285017	8.51419511452354	8.34080610823137
7.76925139711006	7.79813107133006	7.77411273767809
10.1337983916951	10.1389956338366	10.1199379637078
10.5653675481546	10.5825569409033	10.637123337155
7.17967982924991	7.14473834865902	7.18746582483217
8.71721401808558	8.75597258368741	8.82231689482546
11.218608381263	11.223505727556	11.3487085671101
9.68767237435668	9.67567933978204	9.71635522785489
8.03593972328374	7.99906769197308	8.18341073403714
8.6776138940338	8.75536590562952	8.1186244980181
9.85052030479369	9.85485457862512	9.78493942529814
9.52654018100718	9.48429415625846	9.51029444212964
9.92291114999539	9.87984050230093	9.61528947209908
6.22582266779189	6.17513058816946	6.06702760785629
8.85760034244747	8.86796850208184	8.97422984116259
11.279489458401	11.2866940140693	11.2418618998071
7.89519625396593	7.87610027291503	8.05223785074066
9.79138932735662	9.76609055840131	9.62698287632288
10.5953104340742	10.5603267642038	10.5463900576053
6.22582266779189	6.27669823889967	6.24954068364037
8.80990029413935	8.74379028368301	8.70125329353217
7.06677409149457	6.9779501335992	7.07244596438156
8.6542411753844	8.6378405184474	8.7836609361737
7.28587218163101	7.23975133497282	7.19009567769146
6.63281703424519	6.65006382329844	6.66696616342733
8.23887950279558	8.18984959829894	8.38279305228441
10.9052365013576	10.8993967412382	10.9468544692641
7.44714398202674	7.39581728853298	7.62465389723026
6.41677422430197	6.49299729392955	6.4904658200729
6.63048204512018	6.65267233386754	6.65559427825547
6.91387719713349	6.80582969063506	6.96905423345642
9.61423760430017	9.58264512152537	9.81719601306721
6.4673657466987	6.48423737996049	6.44715182665659
6.51624334292456	6.50747999502431	6.41603933619525
10.7390688673731	10.7328059269219	10.7362725566725
7.53715464950694	7.44780936742135	7.73141973222226
10.6849612454241	10.7151315345772	10.672347266751
8.45355294766739	8.43382095201994	8.46869531745495
6.24426453340363	6.256262725642	6.22410569993292
6.50863505427845	6.45464751225582	6.58541394381072
8.01192115697401	7.98361047671133	8.21732524910001
8.99826311316943	9.02420154094319	9.21276373988285
8.64270096185781	8.59032688779356	8.75730261739097
9.30870840177861	9.2515842808681	9.33067318821709
6.8165820653698	6.80348409677081	6.78299645801887
11.6731482516861	11.697276435535	11.5670166310646
9.89982867053941	9.91720447266221	9.90265450018305
12.5809885367685	12.5926308766834	12.785189475591
11.2229740757154	11.2877432841111	11.3479727651927
7.24981546423754	7.2240517301833	7.30130545881809
6.56596514507306	6.60228577867135	6.70055374326298
6.19138799159472	6.21802898780942	6.16116775374979
9.07668734351605	9.09112064525008	8.99693724676788
7.84874352334583	7.78511281243951	8.03185780770843
8.48167772823566	8.48302051192753	8.78627047411941
8.17301705016873	8.18895129999143	8.30728328540112
8.82171813530253	8.75779108865948	8.89181539652605
8.23657832203802	8.31039307904721	8.29877944102702
8.09471646132266	8.14701302263187	8.19654929538802
9.32973139644749	9.40837535527572	8.93007561438938
10.75791154732	10.8003857360208	10.8112168832365
7.01937290209719	7.03304809923088	7.26933073450932
6.29821677764602	6.35245819714062	6.3703959221678
7.79241385291375	7.76355352153259	7.92855488006703
7.28587218163101	7.30918609366686	7.50090297621184
6.53633813637973	6.5416566478598	6.56934364628604
9.80801612282814	9.83747598910459	9.93358707366737
8.85360160464958	8.91435922616	8.7484083986294
9.89740286948951	9.93070153735306	9.87962299046771
9.49029841870272	9.47952675280592	9.43357923324781
8.26771447214017	8.19074733763395	8.0836930826473
10.1111577843505	10.1089164419261	10.032885782213
7.39582253590638	7.45679306036651	7.505133270913
6.90231008022892	6.96751181038261	6.93809985966707
9.94163295582122	9.98889093609147	9.70444742643731
7.36103466130444	7.34833238173411	7.55902729318656
8.80835167507296	8.81422260715949	8.72048261709343
7.41222738941109	7.32889200281714	7.52193149303832
7.38754962535256	7.40667578656859	7.50301967402529
7.59817467624503	7.65585277768076	7.83419267847721
6.73850567580355	6.61838822251385	6.80031204719942
7.81829119822694	7.81685945897174	7.96893121439158
6.71665799068148	6.75332469672142	6.64413205311569
8.29377259536918	8.29294120718114	7.72054611770865
6.32156292292935	6.35566356837951	6.28932652434137
6.70560882523154	6.66305947171191	6.69315711445095
10.0887942033157	10.0716324127614	9.98938480075965
9.07454162531946	9.01460045556547	9.15066189427115
10.7770392111221	10.826035585227	10.7447945659427
9.44782756917612	9.41492078758231	9.6586594573586
7.49541976657928	7.50522768031056	7.3608721909734
6.68775225548507	6.65006382329844	6.65178364504902
6.1496038586088	6.17875456853978	6.06129395391041
11.7695452088325	11.8026988845869	11.8554753941715
10.9137833043791	10.9462661113532	10.8885442593339
7.32104971746323	7.27234433385092	7.45571950664662
6.49586473737152	6.4213820973102	6.54078261118545
6.49072479515227	6.51610034947812	6.56529794882378
6.80834220346691	6.74601457034404	6.89684003390007
6.19771027141323	6.27669823889967	6.30881549698527
10.0352971258025	10.0288480670929	9.905057618065
6.43829250885588	6.45464751225582	6.25959045731043
6.78543690060942	6.79642434874997	6.85104582992027
10.6014338150358	10.6049549728167	10.5923456171468
10.5338532223438	10.5426794620064	10.4583186602018
11.1472047604958	11.1396334434999	10.7899199038811
6.52883534611886	6.49299729392955	6.43833078672361
6.95551380265554	6.93144577703524	6.98731302085487
8.45355294766739	8.60925195317353	8.19785659463136
6.58779288855698	6.69377962006217	6.68944453199211
10.7214860963833	10.7516359100543	10.7229404470878
8.30113213623749	8.19254114216598	8.35259224591368
6.639799414562	6.61838822251385	6.65178364504902
9.83311024282371	9.89341430395394	9.66953685225969
7.34260794012157	7.23279481517557	7.34915396627203
12.4314032094167	12.474715837212	12.2050310713186
8.58658789623425	8.61795490871244	8.68642839820224
7.23452175455575	7.17771342093166	7.46443568353138
10.8376352081944	10.8231436911685	10.8491511389003
10.8250543624621	10.8173424542661	10.6674013287487
9.99161508627648	10.0235671628648	9.8269452520975
6.99235005571779	6.99037724664967	7.18746582483217
6.4829803873144	6.48130555046865	6.40249726981293
6.55369440244819	6.5667681615468	6.64413205311569
6.44893249674077	6.42748767670308	6.47760759658878
11.6058763356555	11.6101220840263	11.6313225991865
8.18340877894597	8.17722223679725	8.26300530234947
6.54380211503659	6.49880782992364	6.57337803170412
7.57892762236842	7.50378360513295	7.5447142683641
11.8571590615632	11.8510590558075	11.8043613045835
10.2133804997834	10.2465167825793	10.1112919179879
6.95364706981169	6.99655089333324	6.86756825575075
8.89698971394655	8.89741202035126	9.07868735056922
9.38929713180074	9.40837535527572	9.0970204064327
11.4595598265694	11.4841527346217	11.3967446993541
10.1988755978575	10.1939815237957	10.1750744547764
9.1628303115919	9.16561347791248	9.11443133062715
11.5532996519879	11.5605427287537	11.736378682044
11.0937512102477	11.1134787013184	11.2778487821983
10.7287359788141	10.7400301665675	10.5301350603445
10.4826653001046	10.4960504945796	10.5191957473683
10.4944302427155	10.5180341199584	10.5833709022137
8.62872974038062	8.66587356474489	8.68642839820224
8.89941620460809	8.81363994102968	8.76349610523085
7.02471726294858	6.97586850172216	6.98125239628446
9.43416936004976	9.43475972806602	9.2275603348364
9.81420209887064	9.73134362702283	9.95655198777239
7.54088954010431	7.54789119452898	7.65733128191542
6.67421329053162	6.67080104516204	6.72251880628318
10.2558508531662	10.1849990575809	10.1620727838454
8.47843543474984	8.53767113076816	8.36777167328666
11.5024900059083	11.5349665706346	11.5327201468061
7.11433940931325	7.20995164679822	7.25684157671473
6.71224847289803	6.68105895057404	6.78299645801887
9.45279234377479	9.48062832193851	9.53274270865354
7.75001974154951	7.69053954283652	8.02008149345821
9.51170853730063	9.4934181960573	9.38849241433923
11.0098879568613	11.0211069552743	10.9825634455209
9.12600712397153	9.11732601477244	9.25607851403083
6.62110411701824	6.73374811547535	6.76193965946967
8.13645645877108	8.1066758109311	8.03185780770843
8.07252483410703	8.07882058750737	8.16347578593483
8.08877529219789	8.04446985830037	8.14054475727792
8.82529573893853	8.80428513626722	8.5082217358434
7.7703123426865	7.71195911600373	7.90633648313043
8.64270096185781	8.68447662001942	8.23653467866374
6.55369440244819	6.56953154244158	6.75840012133532
6.52129333856895	6.55007580516694	6.66696616342733
13.4484824473698	13.4628616804197	13.6449206192972
9.91717506043053	9.98604946681328	9.72454189018006
9.26910192721893	9.33312552217315	9.18995191729248
6.4673657466987	6.54727487422381	6.51584353632714
9.56311866769552	9.53501468257615	9.41233858544574
9.48546126474205	9.41645658316684	9.57611519475693
10.4857366563262	10.4786970582257	10.4451684351461
7.49798381330057	7.53663704556693	7.44914764249996
7.28883662513119	7.32562631910745	7.12286696671292
7.92312988105718	7.93835927810501	8.0551259256401
11.4215728794091	11.4210019924052	11.3970292810828
9.58649718277604	9.61377011683308	9.57107971049223
6.62814327115335	6.62105457823107	6.83096587862079
6.41948162476328	6.43659787640294	6.45154220639804
6.94990634279327	6.91415644072154	6.88714861003676
6.67421329053162	6.65267233386754	6.65939487396694
7.57042561591399	7.51098957021447	7.70591929708236
8.10063326477284	8.07882058750737	8.07375879292412
8.56901457289931	8.57390543758645	8.14461798451408
6.60692194002947	6.60498202969203	6.56124087571129
6.91003178612901	7.02300224744528	6.96291625926056
7.05289092006617	7.02098465608298	7.2890912048808
6.50098643489209	6.43659787640294	6.31364688756782
10.8139071670202	10.8473996493132	10.793383209929
6.76642190109489	6.74112049541323	6.7689927923757
9.03756750424235	9.03773620377536	8.93007561438938
6.26247367637288	6.22855724079337	6.29910391320334
10.8310407678995	10.872513910576	10.9170020625438
11.5506005441713	11.539466445535	11.4249285835136
10.2594444509043	10.258768560263	10.184996610861
9.75781706519319	9.6615020426473	9.74346535503316
8.38109179453424	8.30376961542505	8.05223785074066
11.6497024011113	11.6451760543262	11.6160018719452
10.4057258612636	10.4009243847235	10.0832711372503
8.1576932149371	8.28287309942684	7.80874986251956
10.0815469212334	10.0652828513607	9.49920307277215
6.38110778354467	6.34924568959934	6.09535905662332
7.27245628905567	7.3239907011122	7.36320445785024
7.56554473666095	7.45230820632623	7.60704973457908
7.97190222247002	7.90592651708759	8.08792978374249
8.9114878158837	8.88637173346493	9.02445960131588
8.89309882009583	8.8758046223584	9.08293878041253
9.4999243420492	9.47548045460365	9.56247884386607
10.7009069754972	10.7143513631468	10.7353725677316
10.3266162353097	10.3297640406523	10.2812532213083
10.3676774108398	10.3863043541012	10.2049636311458
7.55819231686111	7.61095233594658	7.60310835513265
9.59610258512288	9.57853538164461	9.37699705443586
9.49158559202746	9.41492078758231	9.35724224442399
7.84169525729533	7.83993315280806	7.88539416649625
10.1350344059577	10.1752801203739	9.90265450018305
9.10891535726071	9.141671760783	8.97956029294279
10.6380741009492	10.5946475668581	10.7037440147644
9.98956670656922	9.98656651402828	9.934763644587
6.42218395475449	6.54727487422381	6.5814131181784
7.68174352318014	7.71819894231038	7.5447142683641
13.279119916809	13.2830541360467	13.2096535016877
7.48640954711973	7.44780936742135	7.4045531303911
6.1786597203338	6.22154694742456	6.16116775374979
6.5512276815127	6.59145010631474	6.62870605196154
9.61895683199735	9.67760185803299	9.34726246647915
6.19771027141323	6.21450243059435	6.09535905662332
7.47083132227251	7.5309768783762	7.52401758511245
8.56535183332273	8.58896555020888	8.33725140897373
10.8915285528664	10.9238993630037	10.6652764393911
9.76208990394557	9.77330026842554	9.87554418942679
8.09302147948874	8.10857718082613	8.26050511215719
8.0759612274584	8.07590807695018	8.13645999751077
8.04034405648044	8.1066758109311	7.49666024131957
7.52211764294882	7.48047963565161	7.34915396627203
10.1403782647796	10.1666364552373	10.0622514348751
8.35728335284603	8.38209839133637	8.37818772537149
6.27747437838173	6.29684837904898	6.35641652564907
6.35305931822793	6.41525057293435	6.4904658200729
8.71335772712236	8.67424254228373	8.73945900701233
7.42710304833644	7.35635585975934	7.81216827422897
9.31271913308451	9.26528551747035	9.41627490677277
7.16845677724768	7.21348960733384	7.30373594991626
6.83697816676482	6.85875196017817	7.0172400510363
9.66446329546142	9.68526641379394	9.53222460348825
10.1720322963453	10.1775461879924	10.174078475634
9.50184184355426	9.42143665774768	9.45013002567589
8.44028246931106	8.44364538132947	8.44136175911385
9.53530411748464	9.54312167680872	9.37179410818741
8.13974406827974	8.13400339164019	8.21086484470434
6.61403045330838	6.69883665113653	6.75485187871911
10.8573643931532	10.8552064497963	10.9655871277021
9.38029172730857	9.40644456299216	9.14321679989755
10.6684105423964	10.7088783180089	10.8541345057024
7.8557575232743	7.84107720725502	7.78806753363852
7.08052494481128	6.85649090937341	6.77601161450196
10.0489131637192	10.046808662938	10.1264744777372
8.10736574555034	8.14886200158901	8.31212021444994
9.36702803393742	9.36290174616979	9.2938579115454
10.1927556090607	10.1861249290926	10.2920046186836
7.79032347428748	7.777962119056	7.82406933093835
11.1123827931327	11.0655870570313	11.0284734615967
7.1924001764985	7.19213052539737	7.14743172689439
6.44095987037507	6.33307498539683	6.36575115534449
9.0441615860776	9.00135772088051	9.04857129217901
8.50799321438116	8.51419511452354	8.77229807518222
8.30039786926154	8.31534079741425	8.32414206162149
8.09810046259538	8.14978560320947	8.11309199578923
7.09583960117296	7.08225419211712	7.16090023353419
6.56351933070863	6.56399947811135	6.68944453199211
8.56106685105071	8.54751638955689	8.75641565892639
10.0161950521753	9.98604946681328	10.0518063648272
8.30845432517772	8.26081479853121	8.41012050138602
6.28343126586241	6.29016288189764	6.23433355594123
7.32104971746323	7.31578468113787	7.46226157099172
10.9918092466986	10.9997512193765	10.9764825754339
10.9575215532386	10.9434725133937	11.0770581645414
10.3816295892855	10.3717325758696	10.2104793233119
6.33882794377789	6.34602601391436	6.04975784658644
9.9886553812101	9.99069623431227	9.95113567350571
8.8324244405695	8.83676496410335	8.62749843119757
8.11406695488081	8.08366174379311	8.21086484470434
7.6974456028213	7.71695313416423	7.90793490903259
10.4912165009349	10.5151700354983	10.2544901106167
8.50480959004344	8.5482170581192	8.63716758182682
10.2045773407223	10.2510427094164	10.0651195751444
6.74499598826764	6.74845539663665	6.90005609616081
6.49586473737152	6.47247414860308	6.65178364504902
10.4317750410045	10.4860292256725	10.6238110261995
10.0363999698149	10.0326083415421	10.0177906815018
6.96481140947043	7.09765220149818	7.09787671238057
9.53935506148353	9.59388691094441	9.32050726267803
10.7377134975411	10.7944920726337	10.6472070220162
