LL20_1	LL20_2	LL20_3	LDZT8_1	LDZT8_2	LDZT16_1	LDZT16_2
9.40687371241328	10.0128931411574	10.0039757778848	8.9625305619366	8.82388688061721	8.99163025947243	8.82092013829143
6.53600233960575	6.60525908980056	7.22486617405605	5.82717870904172	5.51915952648345	5.6551293634978	5.61184538309396
6.24099554403367	6.96644661513515	7.08426784388325	7.08131671438711	6.88528742528135	6.68053597049634	6.98604078759829
11.915558740248	11.6883257010136	11.6352266633491	11.7918273113773	11.7215191989281	11.8267824479859	11.7786544113144
11.0625685702234	11.3099975217223	11.2909553645138	10.311126607286	10.205556296247	10.4948127656463	10.3628368660361
8.64538579911301	9.00466593736564	8.88348571650251	6.86222565614092	6.90994947951562	7.12583468496127	6.88244689747303
10.3112405374704	10.5146349487987	10.3924993639904	10.1690711564552	10.1103424651051	10.12979269853	10.0223893552337
9.11601562435517	9.70438013623527	9.6748990946911	8.01797488881886	7.76201605037962	8.04988583172797	7.888240861248
10.9507310098048	10.9451090926852	11.0159360125262	10.5175774847535	10.4214118009131	10.6438717130946	10.5382133532018
9.85891824352923	10.1342183399973	10.2927998502211	9.10954559112074	9.08980235588754	9.20362857935812	9.14753599436707
11.4024767952761	11.3018669463506	11.30503652274	11.0186222727386	11.0403964295942	11.2663976267722	11.1594138070938
9.25306837633425	9.50049484385195	9.63085853373189	9.22623770969953	9.19639629696155	9.22660290454263	9.10773920931527
6.51610278216804	7.92718718468792	7.95976930176536	6.10589473710778	6.0348009667007	5.97559204938066	5.87371208749542
10.0706916338457	10.2747551007334	10.3600257573377	9.89150183851155	10.0744303422678	10.2681942584377	10.2205398117914
4.3003740911126	5.67801543223588	5.68054565783224	4.72933138564357	4.70913047012753	4.91572059340326	4.5103073566319
8.55563114635468	9.38027329181594	9.45752693084632	7.10589473710778	6.91401914382467	7.54877738232546	7.28289686052882
7.14707768064603	7.8662191673965	8.02039566071686	5.7419314224232	5.54037601239315	5.77454453044257	5.66005447613658
7.53600233960575	8.40905619244498	8.66163719528218	5.98390421272917	5.78219393231725	6.24739666484218	5.98062729141193
8.65906073601009	9.23310740337489	9.37867151013509	7.12044304567693	6.81738336077955	7.04709801435636	6.88534678797882
6.22882083008757	5.70147440505987	5.58743625344076	6.48889840874691	6.53510107035247	6.75075396710782	6.88244689747303
3.25306837633425	5.17354284937509	4.90293807916869	3.28875879425759	2.96590588548964	2.73351726218251	2.2472729507981
8.56292363892104	8.86102026072218	8.84041699461063	8.41804181120256	8.34773093445076	8.39611717429793	8.28289686052882
4.80560939936303	6.33224059539415	6.4354331599957	3.59688108961992	3.34923452504114	3.42539496682018	3.21074707477299
7.65906073601009	8.09157400258881	8.31475167757324	7.35176859178339	7.32498697879446	6.82098010343285	6.66681184231189
8.27986843567797	8.71017410001025	8.89648305703139	7.27148080282575	7.05705377354783	7.24982340223672	7.2472729507981
6.39057190008418	8.08712809755761	8.21452422983459	5.82717870904172	5.86860868413472	6.02176223081358	5.85608219347363
10.9060328222394	10.7065556003935	10.6597326470968	11.2586591873919	11.3297549619858	11.2950255277999	11.2916670701566
9.70482898161861	9.58332844973106	9.76623940622952	9.47198061831336	9.52648794004777	9.5477915981799	9.54143416949285
10.6298449482172	10.5457498957746	10.5611495619205	10.1514699412976	10.2298384291294	10.1108946649373	9.96529201607984
8.69047368864154	9.75850535009625	9.94264050320242	8.6924809803086	8.59209104893731	8.7550311568428	8.62057314740649
9.2211591283795	10.1545458589177	10.1179509701395	7.98919851239868	7.86651021825072	8.2654984712175	7.960143818488
8.84801496562803	9.54331770350276	9.66353923252655	7.70701300621998	7.6711626199285	7.78127039363088	7.63442866846108
6.56534630118789	7.3546084084226	7.71763497656746	7.58643934289827	7.31270864901603	7.58574664155569	7.39905060553015
11.3134040395617	11.4099464701905	11.4005048266928	10.5622213998083	10.5946287717392	10.6672079171347	10.6257845740518
8.62694855085633	9.24911527957528	9.36704618501546	8.004965828257	7.90994947951562	8.16364810684685	8.00482963973756
9.49338270566796	9.79167221403144	9.7249397771907	9.20022211965593	9.0707894695698	9.10721900679392	8.99210678829765
7.09437063031519	7.99045207814594	7.99040092041903	7.24073727939465	7.50303986112018	7.35274966498841	7.53452359405272
7.40146021622692	8.41261401185817	8.50497409324879	7.31429388636472	7.15315036313197	7.58574664155569	7.50466079349075
10.1908835451377	10.2806078269788	10.2667599547629	10.0056190748341	10.1762066491112	10.2266029045426	10.039412503076
11.6496731575161	11.9670516455659	11.9945623617336	11.602721530328	11.7178864855193	11.7553514354635	11.7941674106857
7.64995852890284	8.44771781281408	8.4398790650269	7.23183172617276	7.13583088693195	7.43821900717776	7.35370502861503
9.06556660166781	8.52535522420835	8.39479117549836	8.69572299300075	9.19973393879926	8.65512936349779	8.60746162086081
10.385096770018	10.5602575659245	10.5834231909341	10.0043122857584	9.8265880516757	9.9638148816043	9.82394624331468
7.26504101800033	8.56426171792837	8.65782558133216	6.61754056018601	6.14278364757372	6.42109482938655	6.05977117613167
6.61296432142063	8.09600624890407	8.19361524007161	6.12526006197471	6.25612512064966	6.23764868829062	6.03386931268891
8.77663033239126	10.127739159762	10.3936457248301	8.63959276559133	8.3671564330384	8.5924546345681	8.56106297624179
12.1460664693893	12.4600200217487	12.5680201571624	11.4679570219566	11.3780614887926	11.6573018391036	11.5606095124503
5.22882083008757	6.3619879387882	6.41751125199845	4.28875879425759	4.90177554806992	4.42539496682018	4.22912560408784
11.0702652425197	11.7444575756106	11.8059591283156	10.2138539852437	10.1375722209284	10.4315540454907	10.3334091758254
10.7174099090954	10.5416939610231	10.4443113113422	10.9142937033848	11.0522152166114	10.9641843770708	10.8064588165858
10.2447791681297	9.94449478778304	9.83198508842938	10.3726812778027	10.4884447744614	10.2863341238226	10.3074284460527
6.71249999497154	7.64209585798093	7.54679426894341	6.58992832897816	6.47576693097007	6.60672473153474	6.38886922918192
9.85099676835857	10.4302726783547	10.514489888369	9.5221502145433	9.65969583470296	9.79877803169252	9.74112840003893
8.96822960018211	9.34533059483459	9.29525550194745	9.02829833208762	8.99212859738048	8.99380353888048	9.02337693887127
8.72121721207266	8.94940191850345	8.98432640600934	8.43753798682835	8.33716169274057	8.45934229874351	8.27959423785598
10.3148445739209	10.1524195578093	10.2287253695117	10.5679824381907	10.4747340982992	10.5637277237914	10.4099160368265
8.53600233960575	10.1566690308107	10.4141259668138	8.56532635574508	8.26092610691348	8.40049229528825	8.52246628470031
12.0483504660913	11.9975765125793	11.9465513080935	11.7116245014869	11.6729648625625	11.9005493510034	11.7737721899347
5.57499647122161	6.3766347147526	6.57131658807748	5.77908442084067	5.47576693097008	5.71957807122464	5.6735377055002
11.812254242122	11.9156368218969	11.9593822608399	11.5888389269473	11.4294302587608	11.557251927429	11.586009333372
7.2828157197283	8.41616307893924	8.51343567199698	6.36404692156183	6.01977275746837	5.91572059340326	5.84420809318533
8.4041695034849	8.88682944707178	8.95667006310648	8.13006104823853	8.08258886565497	8.25466466530622	8.07127700173126
8.89114221351496	8.73879994074868	8.84377600670054	8.92572859844707	8.99309071481587	9.10855669352944	9.11393370161809
13.4930646161416	13.31428346492	13.2628444797413	13.0026771330946	12.9163032951274	13.0961776516813	13.0389649476076
11.1275374942504	10.8147124554295	10.7511138802667	11.1786610671514	11.1728140666168	11.2501264575978	11.1361683746916
11.390230312527	11.1428122301353	11.0563091519501	11.8113870275192	11.8308994334152	11.8150519114308	11.8396365462422
9.13571142569609	9.68538742089223	9.76269469918611	9.13125880259615	9.0987687927104	9.19042447940426	9.02074187870329
9.46771129806576	9.66166322682844	9.68242294507291	9.62095522459878	9.46679105347327	9.51991256560447	9.43016384354358
5.04661749886682	6.62992114403483	6.7102930012263	5.40423601167753	4.81738336077955	5.2618962345373	5.00216045296157
6.15353270278333	7.19022159052172	7.37170756238532	6.9625305619366	6.60725085610831	6.75759139716137	6.67688891499984
7.74278256190759	8.68685730898769	8.72129200017555	6.8679849254296	6.42533750412693	6.82749341039153	6.50277368394649
10.6361966276583	10.6420958579809	10.7340190711016	10.0173272142666	9.93219188987192	10.0747366956786	9.94145669413125
10.6522394701541	10.5658602721539	10.5924369344991	10.6098278864159	10.6361772619792	10.6105063720772	10.6296808270931
6.00438926347752	6.62992114403483	6.91576211952627	5.86222565614092	5.78219393231725	5.70550288601292	5.62578457405183
5.07409823528893	5.70147440505987	5.82350361167428	4.87372129497875	4.96590588548963	4.85325650645661	4.68023235807421
7.28869228606496	8.18606994725125	8.06136744177317	6.30583230761653	6.33108717833088	6.3906295486595	5.85015735951652
9.32917135542004	9.91092777068882	9.81497197805317	9.50746616878618	9.36195216803588	9.28928623256881	9.15175704869952
10.6804510660329	11.6783849277023	11.894864778633	10.1806871213085	9.96198018227584	10.156228976815	10.0413638492358
10.9292605482287	10.7245580181729	10.6269646176274	10.2155489473038	10.1909561061696	10.2573807534148	10.1523590495599
7.72555614779699	8.31333213284408	8.45313516172917	7.86222565614092	7.89355504126495	7.57997200392905	7.65496559946378
11.0535369128066	11.0210736938873	11.0871050031868	10.8915018385116	10.741838168442	10.8813092451352	10.8720684066583
5.64995852890283	6.98568283399807	7.19361524007161	6.91324965916538	6.54037601239315	6.59913158221251	6.35160961061283
5.93114028144688	7.61764281425639	7.85713438955556	6.38025714874309	5.95013856963132	5.98727385442829	5.814088104809
6.25306837633425	7.3546084084226	7.4265000352257	5.85063768186571	5.287833980377	5.86596755820616	5.35997308354747
6.2041587758533	7.33224059539415	7.44431131134216	5.87372129497875	5.61226893087494	5.71255764354686	5.49520046424169
8.51860528937121	9.06920618956035	8.99946500284726	8.36200777628823	8.34471904391865	8.2055050526869	8.09025178258643
9.67148323581541	10.1244886250615	10.1221065996309	9.98058538209397	9.8889103384987	9.69262754092129	9.626218011051
6.55563114635468	7.26297793295703	7.47928744958514	6.90766862690208	6.51915952648345	6.51689332130568	6.63615128961009
7.03267830790895	7.81874045722961	8.072863080611	7.10589473710778	6.88113578201088	6.94297062781146	7.16135904781082
9.34335726166335	10.2600185574765	10.4208886122008	8.90626998884694	8.82604822190668	8.92486124725973	8.92393528565607
10.8325100334944	11.1190547390109	11.200836936812	10.3747054030605	10.3069170112063	10.5681098585707	10.4144401713242
5.49592490023041	6.48874508107414	6.96594787669448	5.66462569625576	5.05705377354783	5.84043246609902	5.5103073566319
7.06042329839185	7.96159721547376	7.79602287525217	7.77295831804383	7.70913047012753	7.76947947535971	7.80032620356451
8.4547022375039	9.36382693845198	9.44652233865752	8.5510774000068	8.52848015445993	8.79379749150704	8.7140631886012
8.9718866237902	9.33599273025525	9.38098537597334	7.45486208474749	7.259327552688	7.4232465002416	7.28069595233555
9.95996724519831	10.8512215245645	10.969796091942	9.03599272387762	8.91401914382467	9.14812119420313	8.99814739045495
9.88339618126433	10.0826684493669	10.0671267110619	8.47575730905885	8.56646524126181	8.32078992359087	8.2382278111951
8.93489241630799	8.99283080092868	9.12625029335803	8.72616410656489	8.75068295957203	8.19546887279832	8.25514119413144
5.91603338905668	6.9172030961153	7.08426784388325	4.94083549083728	4.57162694637759	4.74732306170754	4.55470147599035
10.915558740248	10.5096601333834	10.3798289069408	11.005292488519	10.9221241934617	10.9858187912279	11.0294521446293
9.89884687824	10.1059292955659	10.230009477332	9.77065430630971	9.77940826811736	9.9107451181093	9.94354503472396
10.0740982352889	9.99876050529321	9.85713438955556	9.86294682338457	9.92968154463981	9.91648453042978	9.82394624331468
13.3878369323629	12.9777489268777	12.830716041251	14.1406565287983	14.2374704079975	14.1532951677731	14.0328275892085
6.54585012556209	7.62379504123799	7.47928744958514	7.29304615266069	7.3936286443996	7.39721219904947	7.11022019881902
5.57499647122161	7.09600624890407	7.04977946749796	5.54029756125356	5.05705377354783	5.45934229874351	5.17327236935432
5.53600233960575	6.96644661513515	7.20410761388925	5.06636637292114	5.24969885149023	5.3906295486595	5.34319737079664
6.37960078226318	8.00937294004317	7.83705014351223	6.16322791217373	5.84322336571481	5.71957807122464	5.59777019788223
7.36854559375419	8.58648188276993	8.71029300122629	6.37217480244523	6.38485843477186	6.43821900717776	6.36413670848901
6.3003740911126	6.79167221403144	6.6191451131681	6.54029756125355	6.58189528183142	6.57223635514944	6.74232847916612
5.25306837633425	7.24712398175619	7.29525550194745	5.10589473710778	4.91807736039902	5.02176223081358	4.43313949610944
5.66810587561309	6.19022159052172	6.4354331599957	6.58294189866205	6.17705354965846	6.37292754692604	6.29603226271796
8.47546079767069	9.55624226959225	9.63474196821912	8.24073727939465	8.1076798466178	8.22906484206993	8.26296675790324
8.45991994677492	9.65567071544674	9.8012155444725	8.25179246790364	8.25130810435189	8.281005057485	8.22455287429802
5.91603338905668	7.22301152563939	7.25545449388947	5.7419314224232	5.66151244989479	5.9578900476472	5.64644404461793
10.1647599582066	10.4546372267539	10.5060345086151	9.47764195340379	9.48878587743994	9.55467798376515	9.39702007030278
8.91603338905668	9.65717117844303	9.72857835425405	8.11802849274363	7.89767114973719	7.98581879122791	7.91260886798328
9.03092640114735	9.3546084084226	9.31958483130919	8.86366763031482	8.81520898954521	8.74989700537137	8.63959037357686
10.4806041009467	10.4179343437914	10.4186379174527	10.3512547199914	10.3690105587799	10.3963910084149	10.3074284460527
8.86973973678274	9.14388287585485	9.30259747728861	7.59340889771311	7.74612467760973	7.75929570337362	7.665125465684
16.2150726613135	15.7270605253761	15.6388566955609	16.5435765269735	16.5508990137526	16.4968373769375	16.5765227100993
10.8653225687231	10.2619921488115	10.1643614350965	11.2630367975503	11.2105282542095	11.1253391688853	11.1911063912049
8.33201971772907	8.27084005073	8.35297099980374	8.47387019951458	8.68432707912695	8.38069891260955	8.3734611613202
7.4283268220796	8.57064533471923	8.79255068334537	7.52215021454329	7.47024992600251	7.41893994468288	7.54556468141823
8.08088740095157	8.71306237933508	8.80294228919197	8.97725889908716	8.71497371440899	8.9534303994565	8.88172101316041
6.98280240126938	7.28643690578102	7.83029277733692	7.84188520785674	7.43669736629148	7.48222618941685	7.48758728013181
7.8420328076129	8.10483009929107	8.20932532316027	8.36811658587087	8.46054410824585	8.28337596194775	8.32835687948574
6.19166783167011	6.89702521417767	7.04977946749796	6.33938486732756	5.88528742528135	6.19294888081981	6.48376556917941
7.62230218599997	8.54493962052675	8.73220777765473	7.71022256269587	7.76877341655493	7.69485564181341	7.79570957549414
7.70812155446097	8.70728002674107	8.76800849908258	8.37014712109824	8.12006357107363	8.34822710629772	8.23595763757027
10.1535327027833	11.1097699007191	11.2440597392894	10.2600286180034	10.181702636866	10.2669967526284	10.3214144135506
7.58458252005081	7.91218502134868	8.00847249334105	8.03343248355906	7.6878966356883	7.76269828759446	7.75348134010485
16.2411731232567	15.7863256454043	15.7197217585472	16.6971264483038	16.7818460183018	16.6158994519435	16.6922554546828
6.89307224061336	7.08712809755761	7.4619053713569	7.33523322405709	7.71613952864689	7.80786460364259	7.64644404461792
9.55806607527173	10.4063820581467	10.5519375722194	9.09242866950734	8.89664322305252	9.19924062668753	9.24162638765696
11.5881609304201	11.6009775149732	11.6753704866381	11.9215809337573	11.8522651706823	11.8859971291654	11.9133193802069
7.43364062197607	7.65416869028151	7.85047065927455	8.13245556337892	7.84961169367735	7.96824259364511	8.13235917608827
7.79738889255806	8.19022159052172	8.32440184760696	7.81828230855332	7.41962385293254	7.62926730018583	7.5583400530537
7.23492102962398	7.52863780819765	7.53852665295981	7.67122843108	7.48946784154665	7.48428865587375	7.33261262015547
7.57979745748543	7.76408638235954	7.95976930176536	8.25838514521407	7.87905547156984	7.8972636886957	8.01413309462764
12.1240495005589	12.234866941059	12.2633148982143	12.4497106666308	12.3490466618934	12.3736231233538	12.3839437131399
5.93114028144688	6.64209585798094	6.75379463986288	6.03599272387762	5.46471174246108	5.40811697538834	5.56196947645439
7.62230218599997	7.95184923892219	8.0024737527196	7.91324965916538	8.02354451135758	7.78629429322037	7.75823487007548
9.63504385489155	10.3056988079417	10.5070941451232	8.96521964946424	8.75862546117884	8.92637907490198	8.93377347798132
10.7839298530493	11.6541686902815	11.8059591283156	9.40423601167753	9.15830591968777	9.44034530828615	9.38835826936043
8.38235139327922	9.43377862185621	9.54473180248652	7.19564938986611	7.1076798466178	7.30687314325568	7.18978745613734
10.1822281357838	10.9676564223682	11.0475963220006	8.66462569625576	8.43244789329012	8.71957807122464	8.6541157054534
7.54093463514797	8.56105928589003	8.76091907429626	7.17256577675307	7.01219953776357	6.94596688027138	7.06233596799097
13.944404789894	13.9418041240435	13.9861324484641	13.4953662056633	13.3697978412228	13.5551379534935	13.6384628275711
9.62926613374973	9.9408034551742	10.0322210961137	9.96320330386574	9.90740009726379	9.85245833490602	9.84644194401753
9.20881513828452	10.3866188033252	10.5773825887768	9.12044304567693	8.86125066069052	9.0153581485997	9.13905665401641
6.91603338905668	7.99045207814594	8.12900615864853	6.54749306265776	6.41962385293254	6.53292343112463	6.46450366701877
8.14383930657949	9.63449871014138	9.76446814137733	8.08131671438711	7.83466135221139	7.87856759498579	7.9765537968255
8.69047368864154	8.99045207814594	9.25293009247392	8.58643934289828	8.34923452504114	8.42646800148541	8.46256325644934
6.71249999497154	7.23109387193725	7.83029277733692	7.40819402524621	6.95804376771666	7.09377347572897	7.08521619268913
7.15353270278334	7.33973513194107	7.43543315999571	7.26276358572465	6.96590588548963	7.10453990659805	7.14209071410605
11.1663567431409	11.0703328550146	10.9728672906343	11.2211844819732	11.3167490058421	11.2895811114745	11.3663437564511
8.14059364707584	8.27475510073339	8.25040126616319	7.92710850772577	8.17196467298566	8.10721900679392	8.11022019881902
9.70921741098224	9.74445757561061	9.78033177753271	9.5510774000068	9.6135207270844	9.46196109605161	9.36257675695022
5.22882083008757	6.97609678516887	7.0024737527196	4.87372129497875	4.3965402398195	4.99886182870351	4.46450366701877
9.36993213402515	9.89702521417767	9.92689040091313	9.35792081876499	9.53905908392116	9.39447307720731	9.41719795224041
7.91982496821905	9.07595302200094	9.06136744177317	7.26276358572465	7.03853368557703	7.24496583858742	6.95601199215768
10.6425204654186	10.9065187450847	10.940288921523	10.0600910474947	10.0529074333577	10.193894393715	10.0240349525843
3.80560939936303	5.95673146030193	6.16167234756885	4.25399337609691	4.02730643015378	4.37292754692605	3.99143404636851
14.3268082910837	14.1103861883316	14.0189106425303	14.0052516600309	13.960904885391	14.1043094391106	14.015084972513
10.9320792304165	10.5146349487987	10.4107327193674	11.00234988005	10.7381128638531	10.8260711350441	10.8182670795413
5.55563114635468	6.82409369172382	6.85047065927455	5.0257243884238	5.02730643015378	5.25224606450358	4.56920104568547
13.5094343411117	13.2290775263387	13.1539131833167	13.1298363585497	13.0755094599205	13.203706814495	13.1462143781509
3.51610278216804	5.27084005073	5.18304599836142	2.89644137147883	2.83466135221138	2.61804004476257	3.05462787285571
10.0052817441994	9.68979260001223	9.7029134708607	10.0862659303588	9.98053286148505	9.96011471276171	9.90155094605934
10.9927364908803	10.6780154322359	10.6549602476378	11.0065983904329	10.8546491343879	10.8801348901328	10.9929472748002
9.75874762753094	10.4267581941784	10.4298564424183	9.43074425393346	9.41747538635396	9.4482911428067	9.35056075921012
8.61296432142063	9.11578455618069	8.99644996509183	7.94356528359285	8.01030000484809	8.23520136787188	8.1886140562834
10.5719877213493	11.0464861130603	11.1068104125343	10.930896466806	10.9248998209816	10.9649230842251	10.9828289747096
10.6390745361349	11.1667116453784	11.215821034453	9.84261661220239	9.86965677356759	10.0457020829065	9.85164085069185
9.06556660166781	9.46495451773938	9.35061172692981	7.74819041289489	7.80209348975496	8.14681971009061	7.97110451729342
5.70372978534381	7.25507273487169	7.47928744958514	5.20022211965593	5.18381091583377	4.99886182870351	4.62578457405183
10.8254528109759	10.8187404572296	10.8387345512236	10.5781190266885	10.6119558120368	10.7276530815674	10.5822165815247
8.13408034011716	9.38208914484471	9.44209689027672	8.03343248355906	8.19723143159609	7.98581879122791	7.81104122925014
6.51610278216804	8.02804886480359	8.03222109611365	6.69734127139913	6.68551791290558	6.19798447071711	6.2382278111951
5.32345770422564	6.95673146030194	6.86376748188801	5.06636637292114	5.04225677161975	4.90344226362482	4.98062729141193
10.6298449482172	10.1320618447663	10.0307482067148	11.0324712208644	11.038533685577	10.8618090767244	10.7407281517243
10.8945180684019	10.6283920553481	10.5165960128903	11.0153824442023	11.147976316794	10.9994027379297	10.9038765756201
4.25306837633425	6.13959551745176	6.22486617405605	4.48140387219999	4.02730643015378	3.93996813964994	3.80798790527258
6.90076663240337	7.80797402636055	7.99644996509183	7.13961535495178	7.22697877499015	7.25707921823953	7.19914045512501
9.52981316219895	10.0407497435111	10.0336924833303	8.77602462109161	8.44937119632659	8.81771238959894	8.74312797768527
10.2318741540651	10.3866188033252	10.4564302412907	9.66214185912993	9.60473525818953	9.81279689918482	9.70383271713311
10.9599672451983	11.0058441285629	11.0541358725421	10.7407548326821	10.7540922444376	10.8105383567112	10.7875947567622
8.86973973678274	9.39113428444771	9.39707935209363	7.92158093375734	7.62969600263312	8.04430479946467	7.68356807063746
7.53600233960575	7.59902713608905	7.72493977719069	7.79730817945958	7.43952341037025	7.6422562821834	7.7770938973268
9.22882083008757	9.38752303089533	9.45313516172916	8.5510774000068	8.50573901072113	8.50373641810197	8.39905060553015
9.0115136979109	9.49379241581146	9.41299577087595	8.37824080314458	7.99884998410455	8.45514231021423	8.33367459667813
9.23796148394404	9.64814490265374	9.68429779269335	8.67616072662223	8.6147714380781	8.7541767327486	8.69021644664683
10.3664632815704	10.8951189883453	10.9229258613452	9.77908442084067	9.76088673913535	9.95454660457283	9.76533592645063
8.53352985392622	9.40012306767497	9.4900458517214	7.57239840442058	7.23350681798764	7.58189945250017	7.33261262015547
10.1135346348514	10.3610675591456	10.3001543013603	9.44622603942669	9.36492833214629	9.56055455010181	9.49282565705378
10.4741721017021	10.6222594423268	10.6992095020973	10.1927840561717	10.127968769159	10.2901706885325	10.143605354708
8.58696911288768	9.86881161201302	9.95511794349373	8.08131671438711	7.79989593405071	8.10855669352943	7.88968572370316
10.2996467429546	10.424997736314	10.5176479232839	9.66793084097943	9.54956100502401	9.72961045811972	9.65071111380638
10.2372019708752	10.3775452196998	10.3494306420985	9.76217464233059	9.68253898341255	9.83962716602738	9.68980181953063
4.90076663240337	6.56745705708818	6.53852665295981	4.51115121559404	4.08620011920735	3.98727385442829	3.85608219347363
10.9868746182958	11.3355242467178	11.3231991005253	10.1702369706931	10.1565894470987	10.3282724999221	10.1735689455792
9.36437795953895	10.2835253103611	10.412995770876	9.14555482419256	9.21383339893322	9.33514521656794	9.27573159822358
11.0706916338457	11.1053798021138	11.0771504390141	10.410662280837	10.434220028436	10.6454853371801	10.6314091232457
11.9673138940004	11.6164863452238	11.5708099348533	11.8900874314954	11.9081653850764	12.013127843235	11.9711045172934
11.0732473387494	10.9676564223682	10.9636340108562	11.1434787902674	11.1499187593596	11.256475958753	11.2424747822953
7.07409823528892	7.94695043950935	8.20410761388925	6.50377168522844	6.23675979578273	6.58382432942467	6.21996560480237
7.33486246749789	8.38390271521664	8.40846611239544	6.24516952570991	6.4023458615007	6.41678183651547	6.11022019881902
10.5028929249504	10.6114642393273	10.5854311175504	9.92779796773454	9.87070410213691	10.0613289722042	9.85349307207978
8.04661749886682	8.56745705708818	8.67678373903604	6.39628725856203	6.24969885149023	6.50068309412442	6.38477647454804
9.50226085701441	9.85710874895179	9.81839068828063	9.05252444776751	8.96394436915635	9.17709841330831	9.01744127090153
5.51610278216804	7.09600624890407	7.17239875416191	5.56886671345033	5.01219953776357	5.21298663405635	4.71976072226085
9.81174418553513	9.94940191850345	9.95200868573661	9.8330793104814	9.76483546703009	9.78963386656551	9.7116144835592
8.37960078226318	8.96159721547375	8.90293807916869	7.0713670539795	7.08620011920735	7.58189945250017	7.48185091058267
6.67709465884035	7.90209620372509	8.13997727646954	7.25838514521407	7.33716169274057	7.39939975828724	7.21766648871278
6.82191121169212	7.02340249994723	7.03809766245032	6.09611371631519	5.287833980377	5.68412923522035	5.46450366701877
8.97917297786869	9.70292800220136	9.7249397771907	7.56886671345032	7.58700217226451	7.58766639571906	7.41719795224041
10.2033812522339	10.359225036493	10.4050595109522	9.83234305374642	9.97372538994894	10.1145609821351	10.0374585140086
3.66810587561309	5.39113428444772	5.52184791181318	4.14436888492241	3.96590588548964	4.1828246635461	3.94771266893919
9.35600639809384	9.04648611306027	9.1589782383996	8.73406930465023	8.76989657351386	8.94297062781146	8.87078869228865
11.6593442567029	11.4324648912683	11.404490961175	11.3295051366009	11.428185866436	11.406758377453	11.3206112057498
10.4041695034849	10.4819877148988	10.4953951164368	10.0461884909835	9.98150274054065	10.0839465073322	9.9734911101303
7.54093463514797	8.59276814561737	8.8802180026686	6.37217480244523	6.287833980377	6.30454057194579	6.3724280821204
6.32345770422565	7.20670971331029	7.43543315999571	5.08626593035885	5.21052825420955	5.2714822833665	5.07509197541542
4.34617778072573	5.76964590770144	5.76800849908258	3.28875879425759	2.90177554806992	3.07747166339987	3.13479822153969
10.2041587758533	10.4302726783547	10.3902039060027	10.2374041357305	10.2080444170837	10.3431222236889	10.1897874561373
10.2126839929519	10.3416026985978	10.2541928453256	9.79806252982494	9.76483546703009	9.89997007171802	9.80836992435091
5.73849520350449	7.33224059539415	7.49646259339327	5.16322791217373	4.6711626199285	4.84043246609902	4.65326531047394
9.48828483802828	10.5562422695923	10.7724217635852	9.01667924882079	8.94119313596435	8.90035628375108	8.86565845305671
10.3892050643203	10.4615236123391	10.5509103774156	10.0850302171862	10.1375722209284	10.2073790885091	10.0971471445937
7.1916678316701	8.47519854923619	8.47928744958513	6.40423601167753	6.19723143159609	6.3818056982725	6.12991600015994
6.01860312269722	8.10922186840823	8.32920283387078	5.30583230761653	5.22370364295728	5.33685829221852	5.08521619268913
10.9127075633499	11.5282278934227	11.6303723685914	10.5221502145433	10.4185500195812	10.3895295142632	10.3744935012862
9.73419506607086	10.6375423716941	10.6936356572727	8.91464155029206	8.84535595300762	9.0031834346536	8.92956532222893
4.59410529416931	6.27084005073	6.53852665295981	4.21836946636619	3.69027144287621	4.35500563892878	4.03386931268891
10.6240463269026	10.616100649448	10.6682833835984	10.1876120708007	10.1993171555981	10.3256867668057	10.2196784155826
10.3083508118354	10.714504353509	10.6748990946911	9.47292571827568	9.34773093445076	9.64640659841247	9.50277368394649
9.55563114635468	9.93957090914376	9.88511680208145	9.39329514886687	9.49014948344021	9.35613230438307	9.27130445231485
5.66810587561309	7.64814490265374	7.83029277733692	5.95172380698002	5.60221526621101	5.70550288601292	5.49520046424169
11.1667556633815	11.3209252821663	11.2977069809415	10.7851846203771	10.655751970291	10.9013213617461	10.7379233000461
9.83200708942763	10.5154624194499	10.5218479118132	8.93810052311605	8.67716136054995	9.09039242182412	8.86345418212998
10.4702990925549	10.9014633039383	10.9387190682224	9.64965812065778	9.54956100502401	9.83397744396172	9.71854171497169
9.11766725022633	9.73169655347413	9.73582809333343	8.55821946925082	8.36863992421374	8.47705708664267	8.41418920236808
5.75556871686343	6.33224059539415	6.50497409324878	5.63790835787998	5.57162694637759	5.69128902679321	5.63270398799162
8.41764014328235	8.97127976887109	9.07857673180539	8.44526327993758	8.76088673913535	8.24253090967037	8.357886756299
11.167154473347	11.1108653411976	11.0656890477233	11.3310695991156	11.3554203249874	11.3492176281635	11.3793870533808
8.64767397570828	9.44945078003854	9.57536342114018	8.80933070770879	8.86440869560544	9.08360644957197	8.96700400754795
4.96088762484094	7.06016104995735	6.96594787669448	4.59688108961992	4.1972314315961	4.14160200081959	4.35160961061283
8.48828483802828	9.02107369388725	9.01444639438568	7.98124975928319	8.01788317626716	8.1402946196328	7.92393528565607
11.3970467440165	11.4929524186751	11.4359896479644	10.8404212858226	10.9053573428823	11.0457020829065	10.9937872719366
10.9339552970539	11.1891847992152	11.1764006847194	10.5221502145433	10.6514926397884	10.617100484299	10.5667192802053
9.89499968918448	10.578585338475	10.6748990946911	9.04872621378541	8.94914736722827	9.05821710631993	8.87954116629761
10.4592687641681	10.2451299316241	10.1657041015879	10.6496581206578	10.7808017725635	10.5423577121293	10.4851998974244
10.082579712044	10.6653959457048	10.5974203420134	9.57239840442058	9.55413166523364	9.60008291428845	9.42767943610874
8.70592734104806	9.326594032253	9.39479117549836	7.27148080282575	6.94218981651583	7.01035746754134	6.86198279491331
6.52608687074066	7.44076505217231	7.43543315999571	6.23629137436345	6.24969885149023	6.35500563892878	6.05462787285571
10.8858212869638	11.0926833413908	11.1783974947834	9.54569754899615	9.59399475940604	9.76609286572738	9.7128393556075
7.85793043449311	9.42851650645079	9.54473180248652	7.18184359034107	7.13583088693195	7.0609835406113	7.01280769716108
5.12753749425039	6.96644661513515	7.13997727646954	5.004965828257	4.57162694637759	4.66243416412103	4.52525769809787
10.5470763857642	10.3656635969316	10.2891085176123	10.3315907098458	10.303430835428	10.243444489674	10.2954873354061
6.62230218599997	7.82942713602686	7.77506325661653	6.55465285423062	5.83466135221138	6.70196252830766	6.12991600015994
13.4117622087872	13.27084005073	13.2486601232178	12.8654680736296	12.7607455130532	12.9757753069282	12.92433186651
9.1422173895555	9.29030991492822	9.40619593877061	9.18991302031696	9.11741884981807	9.29634674441408	9.35318145936926
7.66810587561309	8.90714943145138	9.06136744177317	6.94083549083728	6.88942715564228	6.90035628375109	6.62578457405184
8.68825244872487	9.55463301673059	9.75200802038886	8.26712877828605	8.34321073741337	8.47186939661968	8.36517573989213
5.07409823528893	6.67801543223588	6.82350361167428	4.35587299011613	4.27523394359736	4.47602103989015	4.22912560408784
9.7576887687378	9.92469763266222	9.98432640600934	9.38929599165358	9.47438965636343	9.38677575308945	9.37294471419069
10.8445283886553	11.1130537299993	11.1227980422709	9.75985333042047	9.71322322476141	9.97192200150759	9.82847353272306
9.13571142569609	9.01406463536789	9.02336111919343	8.40225292539843	8.47714289200989	8.55173069971481	8.364136708489
7.48060410094666	7.61764281425639	7.6191451131681	8.06134829815452	7.72543228245662	7.81934717168989	7.93657211133399
10.3823513932792	10.3711595846864	10.336374489273	10.2030727331913	10.1930509156576	10.2051924765746	10.1234829083119
7.62694855085633	8.57382658196391	8.69920950209728	6.4586837956999	6.47576693097007	6.51689332130568	6.11022019881902
10.6971169622722	10.4337786218562	10.3775131840665	10.9954603624981	10.9729941091826	10.9472757864964	10.8131366472523
10.9400357195839	11.4921119321725	11.5348946189299	10.5166611969863	10.4493711963266	10.6201518212424	10.447681176824
9.380976743303	9.93463016787349	9.97056450476486	8.72616410656489	8.58061572960484	8.66879566437247	8.64130684616588
11.0774968117508	11.2683877383243	11.2717563062186	10.4022529253984	10.2680977623157	10.4788683800895	10.3492486217473
9.62462723894621	10.1212307500432	10.0828471691836	9.67862056531004	9.63525314854464	9.78085094456821	9.56468556456297
9.14383930657949	10.0759530220009	10.2567150400954	9.0192693662865	9.0515226675746	9.13898605261257	8.9961366653338
10.1743142649198	10.6676309500881	10.6945661281472	9.62265953081103	9.44234392943262	9.70018908611645	9.59821213234453
9.77244253542783	10.1693428608458	10.184371395828	9.18761207080069	9.01599111692595	9.29340906259902	9.03452255926601
7.15995897194276	7.82409369172382	7.93478694520803	6.35587299011613	6.28154771752957	6.64040785779103	6.34740962208355
7.75556871686343	8.84794043367819	8.95667006310648	6.90206592067271	6.54563173784464	6.89416445003681	6.63615128961009
9.1963646183715	9.47689883822603	9.64054758990032	9.13842452117316	9.18212453920588	9.27028750479644	9.25008796640516
6.72121721207266	8.19436132088264	8.23000947733201	6.63115099170467	6.85173486557033	6.73351726218251	6.61184538309395
5.91603338905668	7.3619879387882	7.78907011461041	5.42000332753584	5.24969885149023	5.4339569803236	4.93657211133399
11.2257610303385	11.8671918801253	11.8964830570314	12.432931444678	12.4998280482315	12.4367553551777	12.4942510104128
9.04488244749607	9.61918333233218	9.80638959081043	8.45103022315647	8.57033825040902	8.56835292066222	8.44104469419478
6.8380308770554	6.51546241944992	6.2655081585534	6.91324965916538	6.96198018227584	6.55271379688463	6.54373035816935
13.05580013337	12.6665138807013	12.6417541593784	13.0938884595814	12.9893589303272	12.9785671040558	13.2006691580386
7.56534630118789	7.79712664412355	8.19361524007161	7.64463422106829	7.315788041948	7.12583468496127	7.5799808844387
8.02213481366748	9.60370362329852	9.78033177753271	8.8123207503146	8.69973177212528	8.60672473153474	8.49614929363524
10.2583186370215	10.7173839852852	10.7385373805914	9.56443990715136	9.494232585338	9.6988575723709	9.5275797572518
8.29162161710364	9.27279890376806	9.4287385074217	7.13961535495178	6.95013856963132	6.9930794761095	6.91686670198644
7.68156813541966	7.93215343758127	7.88999902346119	7.9625305619366	7.97567366173846	8.00174433723663	8.01678024223434
6.92360660876148	7.48198771489883	7.54679426894341	7.16322791217373	6.95013856963132	6.96676819899365	7.01810199683059
9.53105312363401	10.0646907084379	10.0671267110619	8.95443309423801	8.75182028327373	9.03659545615002	8.83223545151926
8.98642271694808	9.74727809467299	9.84545258450793	8.13484611080391	7.86651021825072	8.02034155611396	7.82319031191625
9.55806607527173	9.82542890240764	9.85047065927455	8.38227068018074	8.34170085235573	8.43182123597961	8.34003009171795
8.25005962646191	8.96644661513515	9.05847916244834	6.79730817945958	6.7415519478199	6.70903457698317	6.73591649065188
8.05008135417039	8.85318660324415	9.05558508917916	8.18646021841145	7.94418111433492	8.08292609349198	8.09401697404297
10.4657674014669	10.6631574735088	10.6112829953951	9.43560018258686	9.38265752657859	9.67151345803189	9.58042830110872
8.53847059519649	9.09600624890407	9.14815120791524	8.37014712109824	8.20721552016871	8.2786302502971	8.05977117613167
10.4870075514987	10.527817862145	10.4005048266928	10.0289411011073	10.0515226675746	10.2373430001783	10.1080495664297
7.68156813541966	8.62072220718837	8.63861497736632	6.58992832897816	6.3965402398195	6.51689332130568	6.26519485879536
8.47029909255492	8.90966942342989	8.95976930176536	7.61754056018601	7.7910720836637	7.83720856522474	7.63615128961009
9.7223031700019	9.74163153153185	9.52394332981538	9.47764195340379	9.43952341037025	9.55173069971481	9.47320336196916
6.36854559375418	7.96644661513515	7.92847317127582	6.42782283199514	5.95804376771667	6.20300254548373	5.95325085248062
10.600615928993	10.9567314603019	10.9744004417253	10.0782148102876	9.90994947951562	10.214229800907	10.013470548099
8.92549371830574	9.63602134357125	9.61325254524489	7.55821946925081	7.24324382935293	7.49045842311395	7.30038428725766
10.2952749364549	10.5746207989071	10.6748990946911	9.44140580426807	9.42676238823376	9.63206051507751	9.51452782295009
10.73311802605	10.937102653553	10.9956952200885	10.161470313937	10.128406679328	10.2615956417576	10.1535622982042
9.70592734104806	9.76129856498793	9.78033177753271	9.26494783298652	9.36567141485182	9.25647595875305	9.17445830862447
9.41361214148225	9.70001934185948	9.91096645292462	8.60380050355971	8.50168839025705	8.59817962240173	8.42020044040194
7.15353270278334	8.20260531497755	8.55910753038226	6.37217480244523	5.99693278111026	6.40811697538834	6.25177434303304
9.08427004034622	10.218953309065	10.4005048266928	8.58118999190046	8.50168839025705	8.46457514829947	8.47127462499621
5.32345770422564	6.71306237933507	6.99040092041902	5.30583230761653	5.17026438399582	5.50881097500782	5.21074707477299
9.40687371241328	10.0407497435111	9.98584743413219	8.76526392625383	8.66634560363073	8.94297062781146	8.74632154853198
10.3076274751239	10.1146928459198	9.98584743413219	10.0893505905908	10.1943063428935	10.0870034255725	10.0390870219599
9.22576103033851	9.88682944707178	9.96902726962646	9.01538244420234	8.90994947951562	9.26069348745564	8.9961366653338
8.15674941546688	9.12231752601992	9.24533027661577	7.50746616878618	7.315788041948	7.32769829293304	7.21996560480236
10.392619728733	10.1037300648947	10.1790624844429	11.0604054628911	11.0045863536537	11.0108940846354	10.9198750828
