LL20_1	LL20_2	LL20_3	LDZT8_1	LDZT8_2	LDZT16_1	LDZT16_2
9.40687371241328	7.75519765750745	7.54169776718202	8.89316905931726	8.98154230694833	9.10820012899304	9.12757055122489
6.53600233960575	4.34756360615057	4.76258816335324	5.75781720642238	5.67681495281458	5.7716992330184	5.91849579602742
6.24099554403367	4.70875113148516	4.62198983318044	7.01195521176777	7.04294285161248	6.79710584001695	7.29269120053175
11.915558740248	9.43063021736357	9.17294865264631	11.722465808758	11.8791746252592	11.9433523175065	12.0853048242479
11.0625685702234	9.05230203807231	8.82867735381101	10.2417651046667	10.3632117225781	10.6113826351669	10.6694872789696
8.64538579911301	6.74697045371565	6.42120770579971	6.79286415352158	7.06760490584675	7.24240455448188	7.18909731040649
10.3112405374704	8.25693946514868	7.93022135328756	10.0997096538359	10.2679978914363	10.2463625680506	10.3290397681672
9.11601562435517	7.44668465258528	7.21262108398829	7.94861338619952	7.91967147671074	8.16645570124858	8.19489127418147
10.9507310098048	8.68741360903519	8.55365800182336	10.4482159821341	10.5790672272443	10.7604415826152	10.8448637661352
9.85891824352923	7.8765228563473	7.83052183951832	9.0401840885014	9.24745778221867	9.32019844887873	9.45418640730054
11.4024767952761	9.04417146270063	8.84275851203722	10.9492607701192	11.1980518559253	11.3829674962928	11.4660642200273
9.25306837633425	7.24279936020195	7.16858052302908	9.15687620708019	9.35405172329267	9.34317277406324	9.41438962224873
6.51610278216804	5.66949170103793	5.49749129106256	6.03653323448844	6.19245639303183	6.09216191890127	6.18036250042888
10.0706916338457	8.01705961708339	7.89774774663488	9.82214033589221	10.2320857685989	10.3847641279583	10.5271902247249
4.3003740911126	3.42031994858588	3.21826764712943	4.65996988302424	4.86678589645865	5.03229046292387	4.81695776956536
8.55563114635468	7.12257780816595	6.99524892014351	7.03653323448844	7.07167457015579	7.66534725184607	7.58954727346228
7.14707768064603	5.6085236837465	5.55811765001406	5.67256991980387	5.69803143872427	5.89111439996317	5.96670488907004
7.53600233960575	6.15136070879498	6.19935918457937	5.91454271010983	5.93984935864837	6.36396653436279	6.28727770434539
8.65906073601009	6.97541191972489	6.91639349943228	7.05108154305759	6.97503878711067	7.16366788387696	7.19199720091229
6.22882083008757	3.44377892140987	3.12515824273795	6.41953690612757	6.6927564966836	6.86732383662843	7.18909731040649
3.25306837633425	2.91584736572509	2.44066006846588	3.21939729163825	3.12356131182076	2.85008713170312	2.55392336373157
8.56292363892104	6.60332477707218	6.37813898390782	8.34868030858322	8.50538636078188	8.51268704381854	8.58954727346229
4.80560939936303	4.07454511174415	3.9731551492929	3.52751958700058	3.50688995137226	3.54196483634079	3.51739748770646
7.65906073601009	5.83387851893881	5.85247366687044	7.28240708916405	7.48264240512559	6.93754997295345	6.97346225524536
8.27986843567797	6.45247861636026	6.43420504632858	7.20211930020641	7.21470919987895	7.36639327175733	7.55392336373156
6.39057190008418	5.82943261390762	5.75224621913178	5.75781720642238	6.02626411046584	6.13833210033419	6.16273260640709
10.9060328222394	8.44886011674349	8.19745463639401	11.1892976847726	11.4874103883169	11.4115953973205	11.59831748309
9.70482898161861	7.32563296608106	7.30396139552672	9.40261911569402	9.68414336637889	9.66436146770051	9.84808458242632
10.6298449482172	8.28805441212461	8.09887155121767	10.0821084386782	10.3874938554605	10.2274645344579	10.2719424290133
8.69047368864154	7.50080986644625	7.48036249249961	8.62311947768926	8.74974647526843	8.87160102636341	8.92722356033995
9.2211591283795	7.89685037526772	7.65567295943673	7.91983700977934	8.02416564458184	8.3820683407381	8.26679423142147
8.84801496562803	7.28562221985276	7.20126122182374	7.63765150360064	7.82881804625963	7.89784026315149	7.94107908139455
6.56534630118789	5.09691292477261	5.25535696586465	7.51707784027893	7.47036407534715	7.7023165110763	7.70570101846362
11.3134040395617	9.15225098654054	8.93822681598995	10.492859897189	10.7522841980703	10.7837777866553	10.9324349869853
8.62694855085633	6.99141979592529	6.90476817431266	7.93560432563766	8.06760490584674	8.28021797636745	8.31148005267102
9.49338270566796	7.53397673038145	7.26266176648789	9.13086061703659	9.22844489590093	9.22378887631453	9.29875720123111
7.09437063031519	5.73275659449595	5.52812290971622	7.17137577677531	7.6606952874513	7.46931953450902	7.84117400698619
7.40146021622692	6.15491852820817	6.04269608254598	7.24493238374539	7.3108057894631	7.7023165110763	7.81131120642422
10.1908835451377	8.02291234332883	7.80448194406005	9.93625757221477	10.3338620754423	10.3431727740632	10.3460629160095
11.6496731575161	9.70935616191587	9.53228435103079	11.5333600277087	11.8755419118505	11.8719213049841	12.1008178236192
7.64995852890284	6.19002232916409	5.97760105432409	7.16247022355342	7.29348631326307	7.55478887669837	7.6603554415485
9.06556660166781	6.26765974055835	5.93251316479555	8.62636149038141	9.35738936513038	8.7716992330184	8.91411203379428
10.385096770018	8.30256208227448	8.12114518023133	9.9349507831391	9.98424347800682	10.0803847511249	10.1305966562481
7.26504101800033	6.30656623427837	6.19554757062935	6.54817905756668	6.30043907390484	6.53766469890716	6.36642158906513
6.61296432142063	5.83831076525407	5.7313372293688	6.05589855935537	6.41378054698078	6.35421855781123	6.34051972562237
8.77663033239126	7.87004367611197	7.93136771412729	8.57023126297199	8.52481185936953	8.70902450408871	8.86771338917525
12.1460664693893	10.2023245380987	10.1057421464596	11.3985955193373	11.5357169151237	11.7738717086242	11.8672599253837
5.22882083008757	4.1042924551382	3.95523324129564	4.21939729163825	5.05943097440105	4.54196483634079	4.53577601702131
11.0702652425197	9.48676209196062	9.34368111761275	10.1444924826244	10.2952276472595	10.5481239150113	10.6400595887589
10.7174099090954	8.2839984773731	7.98203330063935	10.8449322007655	11.2098706429426	11.0807542465914	11.1131092295193
10.2447791681297	7.68679930413305	7.36970707772657	10.3033197751833	10.6461002007925	10.4029039933432	10.6140788589862
6.71249999497154	5.38440037433094	5.0845162582406	6.52056682635882	6.6334223573012	6.72329460105535	6.69551964211538
9.85099676835857	8.17257719470468	8.05221187766618	9.45278871192396	9.81735126103408	9.91534790121313	10.0477788129724
8.96822960018211	7.08763511118459	6.83297749124464	8.95893682946828	9.14978402371161	9.11037340840108	9.33002735180473
8.72121721207266	6.69170643485346	6.52204839530653	8.36817648420902	8.49481711907169	8.57591216826412	8.58624465078945
10.3148445739209	7.89472407415934	7.76644735880887	10.4986209355714	10.6323895246303	10.680297593312	10.71656644976
8.53600233960575	7.89897354716069	7.951847956111	8.49596485312574	8.41858153324461	8.51706216480885	8.82911669763377
12.0483504660913	9.73988102892933	9.48427329739071	11.6422629988675	11.8306202888936	12.017119220524	12.0804226028681
5.57499647122161	4.11893923110261	4.10903857737467	5.70972291822133	5.6334223573012	5.83614794074524	5.98018811843367
11.812254242122	9.65794133824688	9.49710425013713	11.519477424328	11.5870856850919	11.6738217969496	11.8926597463055
7.2828157197283	6.15846759528924	6.05115766129417	6.29468541894249	6.1774281837995	6.03229046292387	6.1508585061188
8.4041695034849	6.62913396342179	6.49439205240367	8.06069954561919	8.24024429198609	8.37123453482683	8.37792741466472
8.89114221351496	6.48110445709869	6.38149799599774	8.85636709582773	9.15074614114699	9.22512656305004	9.42058411455155
13.4930646161416	11.05658798127	10.8005664690385	12.9333156304752	13.0739587214585	13.2127475212019	13.345615360541
11.1275374942504	8.55701697177952	8.28883586956392	11.1092995645321	11.330469492948	11.3666963271184	11.4428187876251
11.390230312527	8.8851167464853	8.59403114124733	11.7420255248998	11.9885548597463	11.9316217809514	12.1462869591757
9.13571142569609	7.42769193724223	7.3004166884833	9.06189729997682	9.25642421904153	9.30699434892487	9.32739229163676
9.46771129806576	7.40396774317844	7.2201449343701	9.55159372197944	9.62444647980439	9.63648243512508	9.73681425647704
5.04661749886682	4.37222566038484	4.24801499052349	5.33487450905819	4.97503878711067	5.37846610405791	5.30881086589504
6.15353270278333	4.93252610687172	4.90942955168251	6.89316905931726	6.76490628243944	6.87416126668198	6.9835393279333
7.74278256190759	6.42916182533769	6.25901398947274	6.79862342281026	6.58299293045806	6.94406327991214	6.80942409687995
10.6361966276583	8.38440037433094	8.27174106039875	9.94796571164728	10.089847316203	10.1913065651992	10.2481071070647
10.6522394701541	8.30816478850386	8.13015892379631	10.5404663837965	10.7938326883103	10.7270762415978	10.9363312400265
6.00438926347752	4.37222566038484	4.45348410882347	5.79286415352158	5.93984935864837	5.82207275553352	5.9324349869853
5.07409823528893	3.44377892140987	3.36122560097147	4.80435979235941	5.12356131182076	4.96982637597722	4.98688277100767
7.28869228606496	5.92837446360126	5.59908943107036	6.23647080499719	6.488742604662	6.50719941818011	6.15680777244998
9.32917135542004	7.65323228703882	7.35269396735036	9.43810466616684	9.519607594367	9.40585610208941	9.45840746163299
10.6804510660329	9.42068944405234	9.4325867679302	10.1113256186892	10.119635608607	10.2727988463356	10.3480142621693
10.9292605482287	8.46686253452291	8.16468660692459	10.1461874446845	10.3486115325007	10.3739506229354	10.4590094624933
7.72555614779699	6.05563664919409	5.99085715102636	7.79286415352158	8.05121046759607	7.69654187344966	7.96161601239724
11.0535369128066	8.76337821023726	8.62482699248397	10.8221403358922	10.8994935947731	10.9978791146558	11.1787188195918
5.64995852890283	4.72798735034807	4.7313372293688	6.84388815654604	6.69803143872428	6.71570145173312	6.6582600235463
5.93114028144688	5.3599473306064	5.39485637885276	6.31089564612375	6.10779399596244	6.1038437239489	6.12073851774246
6.25306837633425	5.09691292477261	4.96422202452289	5.78127617924637	5.44548940670812	5.98253742772677	5.66662349648093
6.2041587758533	5.07454511174415	4.98203330063935	5.80435979235941	5.76992435720606	5.82912751306747	5.80185087717515
8.51860528937121	6.81151070591035	6.53718699214445	8.29264627366889	8.50237447024977	8.32207492220751	8.39690219551989
9.67148323581541	7.86679314141155	7.65982858892804	9.91122387947464	10.0465657648298	9.8091974104419	9.93286842398447
6.55563114635468	5.00528244930704	5.01700943888233	6.83830712428274	6.67681495281457	6.63346319082628	6.94280170254356
7.03267830790895	5.56104497357962	5.61058506990819	7.03653323448844	7.038791208342	7.05954049733207	7.46800946074428
9.34335726166335	8.00232307382649	7.95861060149796	8.8369084862276	8.9837036482378	9.04143111678034	9.23058569858953
10.8325100334944	8.86135925536092	8.73855892610916	10.3053439004412	10.4645724375374	10.6846797280913	10.7210905842577
5.49592490023041	4.23104959742414	4.50366986599168	5.59526419363642	5.21470919987895	5.95700233561963	5.81695776956536
7.06042329839185	5.70390173182376	5.33374486454937	7.70359681542449	7.86678589645865	7.88604934488032	8.10697661649798
8.4547022375039	7.10613145480198	6.98424432795471	8.48171589738746	8.68613558079106	8.91036736102765	9.02071360153466
8.9718866237902	7.07829724660526	6.91870736527053	7.38550058212815	7.41698297901913	7.53981636976221	7.58734636526901
9.95996724519831	8.59352604091455	8.50751808123915	8.96663122125828	9.07167457015579	9.26469106372374	9.30479780338841
9.88339618126433	7.82497296571692	7.60484870035904	8.40639580643951	8.72412066759293	8.43735979311148	8.54487822412856
8.93489241630799	6.73513531727868	6.66397228265522	8.65680260394555	8.90833838590315	8.31203874231893	8.56179160706491
5.91603338905668	4.65950761246531	4.62198983318044	4.87147398821794	4.72928237270871	4.86389293122815	4.86135188892381
10.915558740248	8.25196464973339	7.91755089623795	10.9359309858996	11.0797796197928	11.1023886607485	11.3361025575628
9.89884687824	7.84823381191588	7.7677314666292	9.70129280369037	9.93706369444849	10.0273149876299	10.2501954476574
10.0740982352889	7.74106502164321	7.39485637885275	9.79358532076523	10.0873369709709	10.0330543999504	10.1305966562481
13.3878369323629	10.7200534432277	10.3684380305482	14.071295026179	14.3951258343286	14.2698650372937	14.339478002142
6.54585012556209	5.36609955758799	5.01700943888233	7.22368465004135	7.55128407073072	7.51378206857008	7.41687061175249
5.57499647122161	4.83831076525407	4.58750145679515	5.47093605863422	5.21470919987895	5.57591216826412	5.47992278228779
5.53600233960575	4.70875113148516	4.74182960318644	4.9970048703018	5.40735427782135	5.50719941818011	5.6498477837301
6.37960078226318	5.75167745639317	5.37477213280942	6.09386640955439	6.00087879204593	5.83614794074524	5.9044206108157
7.36854559375419	6.32878639911994	6.24801499052348	6.30281329982589	6.54251386110298	6.55478887669837	6.67078712142247
6.3003740911126	4.53397673038145	4.15686710246529	6.47093605863421	6.73955070816254	6.68880622467005	7.04897889209958
5.25306837633425	4.9894284981062	4.83297749124464	5.03653323448844	5.07573278673014	5.13833210033419	4.7397899090429
5.66810587561309	3.93252610687172	3.9731551492929	6.51358039604271	6.33470897598959	6.48949741644665	6.60268267565142
8.47546079767069	7.29854678594226	7.17246395751631	8.17137577677531	8.26533527294892	8.34563471159053	8.56961717083671
8.45991994677492	7.39797523179675	7.33893753376969	8.1824309652843	8.40896353068301	8.39757492700561	8.53120328723148
5.91603338905668	4.96531604198939	4.79317648318666	5.67256991980387	5.81916787622591	6.07445991716781	5.95309445755139
10.1647599582066	8.19694174310388	8.04375649791227	9.40828045078445	9.64644130377106	9.67124785328575	9.70367048323625
8.91603338905668	7.39947569479304	7.26630034355124	8.04866699012429	8.05532657606831	8.10238866074851	8.21925928091674
9.03092640114735	7.09691292477261	6.85730682060638	8.79430612769548	8.97286441587634	8.86646687489197	8.94624078651033
10.4806041009467	8.16023886014144	7.95635990674992	10.281893217372	10.526665985111	10.5129608779355	10.6140788589862
8.86973973678274	6.88618739220486	6.8403194665858	7.52404739509378	7.90378010394085	7.87586557289423	7.97177587861746
16.2150726613135	13.4693650417261	13.1765786848581	16.4742150243542	16.7085544400837	16.6134072464581	16.8831731230327
10.8653225687231	8.00429666516148	7.70208342439369	11.1936752949309	11.3681836805407	11.2419090384059	11.4977568041383
8.33201971772907	6.01314456708001	5.89069298910093	8.40450869689524	8.84198250545808	8.49726878213016	8.68011157425367
7.4283268220796	6.31294985106923	6.33027267264256	7.45278871192395	7.62790535233363	7.53550981420349	7.85221509435169
8.08088740095157	6.45536689568508	6.34066427848916	8.90789739646782	8.87262914074012	9.07000026897711	9.18837142609387
6.98280240126938	5.02874142213102	5.36801476663411	7.7725237052374	7.5943527926226	7.59879605893746	7.79423769306528
7.8420328076129	5.84713461564108	5.74704731245746	8.29875508325154	8.61819953457697	8.39994583146836	8.6350072924192
6.19166783167011	4.63932973052768	4.58750145679515	6.27002336470822	6.04294285161248	6.30951875034042	6.79041598211287
7.62230218599997	6.28724413687676	6.26992976695192	7.64086106007653	7.92642884288605	7.81142551133402	8.10235998842761
7.70812155446097	6.44958454309107	6.30573048837977	8.3007856184789	8.27771899740476	8.46479697581833	8.54260805050373
10.1535327027833	8.85207441706906	8.78178172858655	10.1906671153841	10.3393580631971	10.383566622149	10.6280648264841
7.58458252005081	5.65448953769868	5.54619448263824	7.96407098093972	7.84555206201943	7.87926815711507	8.06013175303831
16.2411731232567	13.5286301617543	13.2574437478444	16.6277649456844	16.9395014446329	16.7324693214641	16.9989058676162
6.89307224061336	4.82943261390762	4.99962736065409	7.26587172143775	7.87379495497801	7.9244344731632	7.95309445755139
9.55806607527173	8.14868657449666	8.08965956151657	9.023067166888	9.05429864938364	9.31581049620814	9.54827680059042
11.5881609304201	9.34328203132322	9.21309247593527	11.852219431138	12.0099205970134	12.002566998686	12.2199697931404
7.43364062197607	5.39647320663151	5.38819264857174	8.06309406075958	8.00726712000848	8.08481246316572	8.43900958902173
7.79738889255806	5.93252610687172	5.86212383690416	7.74892080593398	7.57727927926366	7.74583716970643	7.86499046598716
7.23492102962398	5.27094232454766	5.076248642257	7.60186692846066	7.64712326787777	7.60085852539435	7.63926303308893
7.57979745748543	5.50639089870955	5.49749129106256	8.18902364259473	8.03671089790096	8.01383355821631	8.32078350756111
12.1240495005589	9.97717145740903	9.80103688751152	12.3803491640114	12.5067020882245	12.4901929928744	12.6905941260734
5.93114028144688	4.38440037433094	4.29151662916007	5.96663122125828	5.6223671687922	5.52468684490895	5.86861988938785
7.62230218599997	5.6941537552722	5.5401957420168	7.84388815654605	8.1811999376887	7.90286416274098	8.06488528300894
9.63504385489155	8.04800332429166	8.04481613442034	8.8958581468449	8.91628088750997	9.04294894442259	9.24042389091479
10.7839298530493	9.39647320663151	9.34368111761275	9.33487450905819	9.31596134601889	9.55691517780676	9.6950086822939
8.38235139327922	7.17608313820621	7.08245379178372	7.12628788724677	7.26533527294892	7.42344301277629	7.4964378690708
10.1822281357838	8.70996093871822	8.58531831129776	8.59526419363642	8.59010331962125	8.83614794074524	8.96076611838687
7.54093463514797	6.30336380224003	6.29864106359345	7.10320427413373	7.1698549640947	7.06253674979199	7.36898638092444
13.944404789894	11.6841086403935	11.5238544377613	13.426004703044	13.527453267554	13.6717078230141	13.9451132405046
9.62926613374973	7.68310797152421	7.56994308541085	9.8938418012464	10.0650555235949	9.96902820442663	10.153092356951
9.20881513828452	8.12892331967523	8.11510457807403	9.0510815430576	9.01890608702164	9.13192801812031	9.44570706694988
6.91603338905668	5.73275659449595	5.66672814794572	6.47813156003842	6.57727927926366	6.64949330064524	6.77115407995223
8.14383930657949	7.37680322649138	7.30219013067452	8.01195521176777	7.99231677854251	7.9951374645064	8.28320420975897
8.69047368864154	6.73275659449594	6.79065208177111	8.51707784027894	8.50688995137226	8.54303787100601	8.7692136693828
6.71249999497154	4.97339838828725	5.36801476663411	7.33883252262687	7.11569919404779	7.21034334524958	7.39186660562259
7.15353270278334	5.08203964829107	4.9731551492929	7.19340208310531	7.12356131182075	7.22110977611865	7.44874112703951
11.1663567431409	8.81263737136464	8.51058927993147	11.1518229793539	11.4744044321732	11.4061509809951	11.6729941693845
8.14059364707584	6.01705961708339	5.78812325546038	7.85774700510643	8.32962009931678	8.22378887631453	8.41687061175249
9.70921741098224	7.48676209196062	7.3180537668299	9.48171589738746	9.77117615341552	9.57853096557222	9.66922716988368
5.22882083008757	4.71840130151888	4.54019574201679	4.80435979235941	4.55419566615062	5.11543169822411	4.77115407995224
9.36993213402515	7.63932973052768	7.46461239021032	9.28855931614565	9.69671451025228	9.51104294672791	9.72384836517388
7.91982496821905	6.81825753835094	6.59908943107036	7.19340208310531	7.19618911190815	7.36153570810803	7.26266240509115
10.6425204654186	8.64882326143467	8.47801091082021	9.99072954487531	10.2105628596888	10.3104642632356	10.3306853655178
3.80560939936303	3.69903597665194	3.69939433686604	4.18463187347757	4.1849618564849	4.48949741644665	4.29808445930197
14.3268082910837	11.8526907046816	11.5566326318275	13.9358901574115	14.1185603117221	14.2208793086312	14.3217353854465
10.9320792304165	8.25693946514868	7.94845470866458	10.9329883774306	10.8957682901843	10.9426410045647	11.1249174924748
5.55563114635468	4.56639820807383	4.38819264857174	4.95636288580446	5.1849618564849	5.36881593402419	4.87585145861893
13.5094343411117	10.9713820426888	10.6916351726139	13.0604748559303	13.2331648862516	13.3202766840156	13.4528647910844
3.51610278216804	3.01314456708001	2.72076798765861	2.82707986885949	2.99231677854251	2.73460991428318	3.36127828578917
10.0052817441994	7.43209711636224	7.24063546015789	10.0169044277395	10.1381882878162	10.0766845822823	10.2082013589928
10.9927364908803	8.42031994858588	8.19268223693496	10.9372368878136	11.012304560719	10.9967047596534	11.2995976877337
9.75874762753094	8.16906271052844	7.96757843171546	9.36138275131412	9.57513081268509	9.56486101232731	9.65721117214359
8.61296432142063	6.85808907253069	6.53417195438902	7.87420378097351	8.16795543117921	8.35177123739249	8.49526446921687
10.5719877213493	8.78879062941028	8.64453240183153	10.8615349641867	11.0825552473127	11.0814929537457	11.2894793876431
10.6390745361349	8.90901616172837	8.75354302375024	9.77325510958305	10.0273121998987	10.1622719524271	10.1582912636253
9.06556660166781	7.20725903408939	6.888333716227	7.67882891027555	7.95974891608608	8.26338957961122	8.27775493022689
5.70372978534381	4.99737725122169	5.01700943888233	5.1308606170366	5.34146634216489	5.11543169822411	4.9324349869853
10.8254528109759	8.56104497357962	8.37645654052077	10.5087575240692	10.769611238368	10.844222951088	10.8888669944582
8.13408034011716	7.12439366119471	6.97981887957391	7.96407098093972	8.35488685792722	8.10238866074851	8.1176916421836
6.51610278216804	5.7703533811536	5.56994308541084	6.6279797687798	6.8431733392367	6.31455434023771	6.54487822412856
5.32345770422564	4.69903597665194	4.4014894711852	4.9970048703018	5.19991219795087	5.02001213314543	5.28727770434539
10.6298449482172	7.87436636111635	7.56847019601197	10.963109718245	11.1961891119082	10.978378946245	11.0473785646577
10.8945180684019	8.37069657169809	8.0543180021875	10.946020941583	11.3056317431252	11.1159726074503	11.2105269885536
4.25306837633425	3.88190003380176	3.76258816335324	4.41204236958065	4.1849618564849	4.05653800917055	4.11463831820605
6.90076663240337	5.55027854271055	5.53417195438902	7.07025385233244	7.38463420132127	7.37364908776013	7.50579086805847
9.52981316219895	7.78305425986113	7.57141447262751	8.70666311847227	8.60702662265771	8.93428225911954	9.04977839061874
10.2318741540651	8.12892331967523	7.99415223058794	9.59278035651059	9.76239068452065	9.92936676870543	10.0104831300666
10.9599672451983	8.74814864491293	8.59185786183929	10.6713933300628	10.9117476707687	10.9271082262318	11.0942451696957
8.86973973678274	7.13343880079772	6.93480134139082	7.852219431138	7.78735142896424	8.16087466898528	7.99021848357093
7.53600233960575	5.34133165243905	5.26266176648789	7.72794667684024	7.59717883670137	7.758826151704	8.08374431026026
9.22882083008757	7.12982754724534	6.99085715102636	8.48171589738746	8.66339443705226	8.62030628762258	8.70570101846362
9.0115136979109	7.23609693216146	6.95071776017314	8.30887930052524	8.15650541043567	8.57171217973484	8.64032500961159
9.23796148394404	7.39044941900374	7.22201978199054	8.60679922400289	8.77242686440923	8.87074660226921	8.99686685958029
10.3664632815704	8.63742350469533	8.46064785064239	9.70972291822133	9.91854216546647	10.0711164740934	10.0719863393841
8.53352985392622	7.14242758402498	7.0277678410186	7.50303690180124	7.39116224431876	7.69846932202077	7.63926303308893
10.1135346348514	8.10337207549558	7.83787629065748	9.37686453680735	9.52258375847741	9.67712441962242	9.79947606998725
10.4741721017021	8.36456395867677	8.23693149139446	10.1234225535524	10.2856241954901	10.4067405580531	10.4502557676415
8.58696911288768	7.61111612836303	7.49283993279093	8.01195521176777	7.95755136038183	8.22512656305004	8.19633613663662
10.2996467429546	8.167302252664	8.05536991258109	9.59856933836009	9.70721643135513	9.84618032764033	9.95736152673985
10.2372019708752	8.11984973604976	7.88715263139568	9.69281313971125	9.84019440974367	9.95619703554799	9.99645223246409
4.90076663240337	4.30976157343818	4.076248642257	4.4417897129747	4.24385554553847	4.1038437239489	4.16273260640709
10.9868746182958	9.07782876306781	8.8609210898225	10.1008754680738	10.3142448734299	10.4448423694427	10.4802193585127
9.36437795953895	8.02582982671112	7.95071776017314	9.07619332157322	9.37148882526435	9.45171508608855	9.58238201115705
11.0706916338457	8.84768431846384	8.61487242831129	10.3413007782176	10.5918754547672	10.7620552067007	10.9380595361792
11.9673138940004	9.35879086157382	9.10853192415054	11.8207259288761	12.0658208114075	12.1296977127556	12.2777549302269
11.0732473387494	8.70996093871822	8.50135600015343	11.0741172876481	11.3075741856907	11.3730458282737	11.5491251952287
7.07409823528892	5.68925495585936	5.74182960318645	6.4344101826091	6.39441522211385	6.70039419894527	6.52661601773583
7.33486246749789	6.12620723156664	5.94618810169263	6.17580802309057	6.56000128783183	6.53335170603608	6.41687061175249
10.5028929249504	8.35376875567727	8.12315310684757	9.8584364651152	10.028359528468	10.1778988417248	10.1601434850132
8.04661749886682	6.30976157343818	6.21450572833323	6.3269257559427	6.40735427782135	6.61725296364502	6.6914268874815
9.50226085701441	7.59941326530179	7.35611267757782	8.98316294514817	9.12159979548747	9.29366828282892	9.32409168383499
5.51610278216804	4.83831076525407	4.7101207434591	5.49950521083099	5.16985496409469	5.32955650357696	5.02641113519431
9.81174418553513	7.69170643485346	7.4897306750338	9.76371780786206	9.92249089336121	9.90620373608611	10.0182648964927
8.37960078226318	6.70390173182376	6.44066006846588	7.00200555136017	7.24385554553847	7.69846932202077	7.78850132351613
6.67709465884035	5.6444007200751	5.67769926576673	7.18902364259473	7.49481711907169	7.51596962780784	7.52431690164624
6.82191121169212	4.76570701629723	4.57581965174751	6.02675221369586	5.44548940670812	5.80069910474095	5.77115407995224
8.97917297786869	7.44523251855137	7.26266176648789	7.49950521083098	7.74465759859563	7.70423626523967	7.72384836517388
10.2033812522339	8.10152955284298	7.94278150024938	9.76298155112708	10.1313808162801	10.2311308516557	10.3441089269421
3.66810587561309	3.13343880079772	3.05956990111037	4.07500738230307	4.12356131182076	4.29939453306671	4.25436308187266
9.35600639809384	6.78879062941028	6.69670022769679	8.66470780203089	8.92755199984499	9.05954049733207	9.17743910522211
11.6593442567029	9.17476940761834	8.94221295047221	11.2601436339816	11.5858412927671	11.5233282469736	11.6272616186833
10.4041695034849	8.22429223124884	8.03311710573396	9.97682698836417	10.1391581668718	10.2005163768528	10.2801415230638
7.54093463514797	6.33507266196737	6.4179399919658	6.30281329982589	6.44548940670812	6.4211104414664	6.67907849505386
6.32345770422565	4.94901422966029	4.9731551492929	5.01690442773951	5.36818368054067	5.38805215288711	5.38174238834889
4.34617778072573	3.51195042405145	3.30573048837977	3.21939729163825	3.05943097440104	3.19404153292048	3.44144863447315
10.2041587758533	8.17257719470468	7.9279258952999	10.1680426331112	10.3656998434148	10.4596920932095	10.4964378690708
10.2126839929519	8.08390721494784	7.79191483462275	9.7287010272056	9.92249089336121	10.0165399412386	10.1150203372844
5.73849520350449	5.07454511174415	5.03418458269046	5.09386640955439	4.82881804625962	4.95700233561963	4.9599157234074
9.48828483802828	8.29854678594226	8.31014375288243	8.94731774620145	9.09884856229547	9.01692615327169	9.17230886599017
10.3892050643203	8.20382812868912	8.08863236671283	10.0156687145668	10.2952276472595	10.3239489580297	10.4037975575272
7.1916678316701	6.21750306558619	6.01700943888233	6.33487450905819	6.35488685792721	6.4983755677931	6.43656641309341
6.01860312269722	5.85152638475823	5.86692482316798	5.23647080499719	5.38135906928841	5.45342816173913	5.39186660562259
10.9127075633499	9.27053240977266	9.16809435788854	10.452788711924	10.5762054459123	10.5060993837838	10.6811439142196
9.73419506607086	8.3798468880441	8.23135764656987	8.84528004767272	9.00301137933874	9.11975330417421	9.2362157351624
4.59410529416931	4.01314456708001	4.076248642257	4.14900796374685	3.84792686920733	4.47157550844939	4.34051972562237
10.6240463269026	8.35840516579799	8.20600537289557	10.1182505681814	10.3569725819292	10.4422566363263	10.526328828516
10.3083508118354	8.45680886985899	8.21262108398829	9.40356421565634	9.50538636078188	9.76297646793308	9.80942409687995
9.55563114635468	7.68187542549376	7.42283879137864	9.32393364624753	9.64780490977134	9.47270217390367	9.57795486524832
5.66810587561309	5.39044941900374	5.36801476663411	5.88236230436068	5.75987069254213	5.82207275553352	5.80185087717515
11.1667556633815	9.06322979851632	8.83542897023874	10.7158231177577	10.8134073966221	11.0178912312667	11.0445737129796
9.83200708942763	8.25776693579992	8.05956990111037	8.8687390204967	8.83481678688107	9.20696229134473	9.17010459506344
10.4702990925549	8.64376782028829	8.47644105751962	9.58029661803845	9.70721643135513	9.95054731348233	10.0251921279052
9.11766725022633	7.47400106982414	7.27355008263063	8.48885796663148	8.52629535054486	8.59362695616328	8.72083961530154
5.75556871686343	4.07454511174415	4.04269608254597	5.56854685526064	5.72928237270871	5.80785889631382	5.93935440092509
8.41764014328235	6.7135842852211	6.61629872110259	8.37590177731824	8.91854216546647	8.35910077919097	8.66453716923246
11.167154473347	8.85316985754757	8.60341103702046	11.2617080964962	11.5130757513186	11.4657874976841	11.6860374663143
8.64767397570828	7.19175529638854	7.11308541043737	8.73996920508945	9.02206412193656	9.20017631909258	9.27365442048142
4.96088762484094	4.80246556630735	4.50366986599168	4.52751958700058	4.35488685792722	4.25817187034019	4.6582600235463
8.48828483802828	6.76337821023725	6.55216838368287	7.91188825666385	8.17553860259828	8.25686448915341	8.23058569858953
11.3970467440165	9.23525693502513	8.97371163726157	10.7710597832032	11.0630127692134	11.1622719524271	11.30043768487
10.9339552970539	8.93148931556523	8.7141226740166	10.452788711924	10.8091480661195	10.7336703538196	10.8733696931387
9.89499968918448	8.32088985482504	8.21262108398829	8.97936471116607	9.10680279355939	9.17478697584053	9.18619157923108
10.4592687641681	7.98743444797411	7.7034260908851	10.5802966180384	10.9384571988946	10.6589275816499	10.7918503103578
10.082579712044	8.40770046205476	8.13514233131057	9.50303690180124	9.71178709156476	9.71665278380906	9.7343298490422
8.70592734104806	7.068898548603	6.93251316479555	7.20211930020641	7.09984524284696	7.12692733706195	7.16863320784677
6.52608687074066	5.18306956852232	4.9731551492929	6.16692987174412	6.40735427782135	6.47157550844939	6.36127828578917
10.8858212869638	8.83498785774079	8.71611948408055	9.47633604637681	9.75165018573717	9.88266273524799	10.019489768541
7.85793043449311	7.1708210228008	7.08245379178372	7.11248208772173	7.29348631326307	7.17755341013191	7.31945811009454
5.12753749425039	4.70875113148516	4.67769926576673	4.93560432563766	4.72928237270871	4.77900403364164	4.83190811103133
10.5470763857642	8.1079681132816	7.82683050690949	10.2622292072264	10.4610862617591	10.3600143591946	10.6021377483396
6.62230218599997	5.57173165237687	5.31278524591372	6.48529135161129	5.99231677854251	6.81853239782827	6.43656641309341
13.4117622087872	11.01314456708	10.786382112515	12.7961065710103	12.9184009393843	13.0923451764488	13.2309822794435
9.1422173895555	7.03261443127823	6.9439179280678	9.12055151769763	9.27507427614919	9.41291661393469	9.65983187230272
7.66810587561309	6.64945394780139	6.59908943107036	6.87147398821794	7.0470825819734	7.01692615327169	6.9324349869853
8.68825244872487	7.29693753308059	7.28973000968606	8.19776727566671	8.5008661637445	8.58843926614029	8.6718261528256
5.07409823528893	4.42031994858588	4.36122560097147	4.28651148749679	4.43288936992849	4.59259090941076	4.53577601702131
9.7576887687378	7.66700214901223	7.52204839530654	9.31993448903424	9.63204508269455	9.50334562261006	9.67959512712415
10.8445283886553	8.85535824634926	8.66052003156811	9.69049182780113	9.87087865109253	10.0884918710282	10.1351239456565
9.13571142569609	6.7563691517179	6.56108310849062	8.33289142277909	8.63479831834101	8.66830056923541	8.67078712142246
7.48060410094666	5.3599473306064	5.15686710246529	7.99198679553518	7.88308770878775	7.93591704121049	8.24322252426746
10.3823513932792	8.11346410103645	7.87409647857023	10.133711230572	10.3507063419887	10.3217623460952	10.4301333212453
7.62694855085633	6.31613109831391	6.23693149139447	6.38932229308056	6.6334223573012	6.63346319082628	6.41687061175249
10.6971169622722	8.17608313820621	7.91523517336372	10.9260988598787	11.1306495355138	11.063845656017	11.1197870601858
10.9400357195839	9.23441644852254	9.07261660822712	10.447299694367	10.6070266226577	10.736721690763	10.7543315897575
9.380976743303	7.67693468422349	7.50828649406205	8.65680260394555	8.73827115593597	8.78536553389307	8.94795725909935
11.0774968117508	9.01069225467433	8.80947829551577	10.3328914227791	10.4257531886469	10.5954382496101	10.6558990346808
9.62462723894621	7.86353526639319	7.62056915848081	9.6092590626907	9.79290857487576	9.89742081408882	9.87133597749644
9.14383930657949	7.81825753835094	7.79443702939258	8.94990786366716	9.20917809390573	9.25555592213318	9.30278707826727
10.1743142649198	8.40993546643808	8.23228811744437	9.55329802819169	9.59999935576375	9.81675895563705	9.904862545278
9.77244253542783	7.91164737719581	7.72209338512518	9.11825056818135	9.17364654325707	9.40997893211963	9.34117297219948
7.15995897194276	5.56639820807383	5.47250893450522	6.28651148749679	6.43920314386069	6.75697772731164	6.65406003501701
7.75556871686343	6.59024495002819	6.49439205240367	6.83270441805337	6.70328716417576	7.01073431955742	6.94280170254356
9.1963646183715	7.21920335457603	7.17826957919751	9.06906301855382	9.33977996553701	9.38685737431705	9.55673837933862
6.72121721207266	5.93666583723265	5.7677314666292	6.56178948908533	7.00939029190145	6.85008713170312	6.91849579602742
5.91603338905668	5.1042924551382	5.3267921039076	5.3506418249165	5.40735427782135	5.55052684984421	5.24322252426746
11.2257610303385	9.60949639647526	9.43420504632858	12.3635699420587	12.6574834745626	12.5533252246983	12.8009014233463
9.04488244749607	7.36148784868218	7.34411158010762	8.38166872053713	8.72799367674014	8.68492279018283	8.74769510712825
6.8380308770554	4.25776693579992	3.80323014785059	6.84388815654604	7.11963560860696	6.66928366640524	6.85038077110281
13.05580013337	10.4088183970513	10.1794761486756	13.0245269569621	13.1470143566583	13.0951369735764	13.5073195709721
7.56534630118789	5.53943116047356	5.7313372293688	7.57527271844895	7.47344346827912	7.24240455448188	7.88663129737217
8.02213481366748	7.34600813964852	7.3180537668299	8.74295924769526	8.8573871984564	8.72329460105535	8.8027997065687
10.2583186370215	8.45968850163518	8.27625936988861	9.49507840453202	9.65188801166912	9.81542744189151	9.83423017018527
8.29162161710364	7.01510342011806	6.96646049671889	7.07025385233244	7.10779399596244	7.10964934563011	7.2235171149199
7.68156813541966	5.67445795393128	5.42772101275838	7.89316905931726	8.13332908806958	8.11831420675724	8.32343065516781
6.92360660876148	5.22429223124883	5.0845162582406	7.09386640955439	7.10779399596244	7.08333806851426	7.32475240976405
9.53105312363401	7.80699522478786	7.60484870035904	8.88507159161867	8.90947570960485	9.15316532567063	9.13888586445272
8.98642271694808	7.489582611023	7.38317457380512	8.06548460818457	8.02416564458184	8.13691142563457	8.12984072484971
9.55806607527173	7.56773341875764	7.38819264857174	8.3129091775614	8.49935627868686	8.54839110550022	8.64668050465142
8.25005962646191	6.70875113148515	6.59620115174554	6.72794667684025	6.89920737415102	6.82560444650378	7.04256690358535
8.05008135417039	6.59549111959415	6.59330707847636	8.11709871579211	8.10183654066604	8.19949596301259	8.40066738697644
10.4657674014669	8.40546198985877	8.14900498469232	9.36623867996752	9.54031295290972	9.7880833275525	9.88707871404218
8.53847059519649	6.83831076525407	6.68587319721244	8.3007856184789	8.36487094649983	8.39520011981771	8.36642158906513
10.4870075514987	8.27012237849496	7.93822681598995	9.959579598488	10.2091780939057	10.3539128696989	10.4146999793632
7.68156813541966	6.36302672353837	6.17633696666351	6.52056682635882	6.55419566615062	6.63346319082628	6.57184527172883
8.47029909255492	6.6519739397799	6.49749129106256	7.54817905756668	7.94872750999482	7.95377843474535	7.94280170254356
9.7223031700019	7.48393604788185	7.06166531911257	9.40828045078445	9.59717883670137	9.66830056923541	9.77985377490262
6.36854559375418	5.70875113148515	5.46619516057302	6.3584613293758	6.11569919404779	6.31957241500434	6.25990126541409
10.600615928993	8.69903597665194	8.5121224310225	10.0088533076683	10.0676049058467	10.3307996704276	10.3201209610324
8.92549371830574	7.37832585992125	7.15097453454208	7.48885796663148	7.40089925568405	7.60702829263456	7.60703470019113
10.2952749364549	8.31692531525711	8.21262108398829	9.37204430164873	9.58441781456489	9.74863038459812	9.82117823588355
10.73311802605	8.67940716990301	8.53341720938573	10.0921088113176	10.2860621056592	10.3781655112782	10.4602127111376
9.70592734104806	7.50360308133793	7.3180537668299	9.19558633036718	9.52332684118294	9.37304582827365	9.48110872155793
9.41361214148225	7.44232385820948	7.44868844222181	8.53443900094037	8.65934381658817	8.71474949192234	8.7268508533354
7.15353270278334	5.94490983132756	6.09682951967945	6.30281329982589	6.15458820744138	6.52468684490895	6.55842475596651
9.08427004034622	7.96125782541504	7.93822681598995	8.51182848928112	8.65934381658817	8.58114501782008	8.77792503792967
5.32345770422564	4.45536689568508	4.52812290971622	5.23647080499719	5.32791981032695	5.62538084452842	5.51739748770645
9.40687371241328	7.78305425986113	7.52356942342938	8.69590242363449	8.82400102996185	9.05954049733207	9.05297196146544
10.3076274751239	7.85699736226982	7.52356942342938	10.0199890879715	10.3519617692246	10.2035732950931	10.3457374348934
9.22576103033851	7.62913396342179	7.50674925892365	8.946020941583	9.06760490584674	9.37726335697625	9.30278707826727
8.15674941546688	6.86462204236992	6.78305226591296	7.43810466616685	7.47344346827912	7.44426816245365	7.52661601773583
10.392619728733	7.84603458124475	7.71678447374011	10.9910439602718	11.1622417799848	11.1274639541561	11.2265254957334
