LL20_1	LL20_2	LL20_3	LDZT8_1	LDZT8_2	LDZT16_1	LDZT16_2
8.8295670263638	8.85568298837194	8.76455579324617	8.80968087668566	8.75324722342068	8.92163109181994	8.81250809250545
5.95869565355627	5.44804893701506	5.98544618941738	5.67432902379078	5.44851986928692	5.58513019584531	5.60343333730798
5.66368885798419	5.80923646234965	5.84484785924458	6.92846702913617	6.81464776808482	6.61053680284385	6.97762874181231
11.3382520541985	10.5311155482281	10.3958066787105	11.6389776261264	11.6508795417316	11.7567832803334	11.7702423655284
10.4852618841739	10.1527873689368	10.0515353798752	10.1582769220351	10.1349166390505	10.4248135979938	10.3544248202501
8.06807911306353	7.84745578458014	7.64406573186385	6.70937597088998	6.83930982231909	7.05583551730878	6.87403485168705
9.73393385142087	9.35742479601317	9.15307937935171	10.0162214712043	10.0397028079086	10.0597935308775	10.0139773094477
8.53870893830569	8.54716998344977	8.43547911005243	7.86512520356792	7.69137639318309	7.97988666407548	7.87982881546202
10.3734243237553	9.78789893989968	9.7765160278875	10.3647277995025	10.3507721437166	10.5738725454421	10.5298013074158
9.28161155747975	8.97700818721179	9.05337986558247	8.9566959058698	9.01916269869101	9.13362941170563	9.13912394858109
10.8251701092266	10.1446567935651	10.0656165381014	10.8657725874876	10.9697567723977	11.1963984591197	11.1510017613078
8.67576169028477	8.34328469106644	8.39143854909322	9.07338802444859	9.12575663976502	9.15660373689014	9.09932716352929
5.93879609611856	6.76997703190242	6.7203493171267	5.95304505185684	5.96416130950417	5.90559288172817	5.86530004170944
9.4933849477962	9.11754494794788	9.12060577269902	9.73865215326061	10.0037906850713	10.1981950907852	10.2121277660054
3.72306740506312	4.52080527945037	4.44112567319357	4.57648170039264	4.638490812931	4.84572142575077	4.50189531084592
7.9783244603052	8.22306313903044	8.21810694620766	6.95304505185684	6.84337948662813	7.47877821467297	7.27448481474284
6.56977099459655	6.70900901461099	6.7809756760782	5.58908173717227	5.46973635519662	5.70454536279008	5.6516424303506
6.95869565355627	7.25184603965947	7.42221721064351	5.83105452747823	5.71155427512072	6.17739749718969	5.97221524562595
8.0817540499606	8.07589725058939	8.13925152549642	6.96759336042599	6.74674370358302	6.97709884670387	6.87693474219284
5.65151414403809	4.54426425227436	4.34801626880209	6.33604872349597	6.46446141315594	6.68075479945533	6.87403485168705
2.67576169028477	4.01633269658958	3.66351809453002	3.13590910900665	2.89526622829311	2.66351809453002	2.23886090501212
7.98561695287156	7.70381010793667	7.60099700997196	8.26519212595162	8.27709127725423	8.32611800664544	8.27448481474284
4.22830271331355	5.17503044260864	5.19601317535704	3.44403140436898	3.27859486784461	3.35539579916769	3.20233502898701
7.08175404996061	6.9343638498033	7.07533169293458	7.19891890653245	7.25434732159793	6.75098093578036	6.65839979652591
7.70256174962848	7.55296394722475	7.65706307239272	7.11863111757481	6.9864141163513	7.17982423458423	7.23886090501212
5.8132652140347	6.92991794477211	6.97510424519592	5.67432902379078	5.79796902693819	5.95176306316109	5.84767014768765
10.3287261361899	9.54934544760799	9.42031266245815	11.105809502141	11.2591153047893	11.2250263601474	11.2832550243706
9.12752229556913	8.42611829694556	8.52681942159086	9.31913093306242	9.45584828285124	9.47779243052742	9.53302212370687
10.0525382621677	9.3885397429891	9.32172957728181	9.99862025604662	10.1591987719329	10.0408954972848	9.95687997029386
8.11316700259206	8.60129519731074	8.70322051856375	8.53963129505766	8.52145139174078	8.68503198919031	8.61216110162051
8.64385244233002	8.99733570613222	8.87853098550087	7.83634882714774	7.79587056105419	8.19549930356501	7.95173177270203
8.27070827957855	8.38610755071725	8.42411924788788	7.55416332096904	7.60052296273197	7.71127122597839	7.62601662267511
5.98803961513841	6.1973982556371	6.47821499192879	7.43358965764733	7.2420689918195	7.5157474739032	7.39063855974417
10.7360973535122	10.252736317405	10.1610848420541	10.4093717145574	10.5239891145427	10.5972087494823	10.6173725282659
8.04964186480685	8.09190512678978	8.1276262003768	7.85211614300606	7.83930982231909	8.09364893919436	7.99641759395158
8.91607601961848	8.63446206124594	8.48551979255203	9.04737243440499	9.00014981237327	9.03721983914143	8.98369474251167
6.51706394426571	6.83324192536044	6.75098093578036	7.08788759414371	7.43240020392365	7.28275049733592	7.52611154826674
6.82415353017744	7.25540385907266	7.26555410861012	7.16144420111379	7.08251070593544	7.5157474739032	7.49624874770477
9.61357685908818	9.12339767419332	9.02733997012419	9.85276938958317	10.1055669919146	10.1566037368901	10.03100045729
11.0723664714666	10.8098414927804	10.7551423770949	11.4498718450771	11.6472468283228	11.685352267811	11.7857553648998
7.07265184285335	7.29050766002858	7.20045908038823	7.07898204092182	7.06519122973542	7.36821983952527	7.34529298282905
8.48825991561833	7.36814507142284	7.15537119085969	8.54287330774982	9.12909428160273	8.5851301958453	8.59904957507483
9.80779008396855	9.40304741313897	9.34400320629547	9.8514626005075	9.75594839447917	9.89381571395181	9.8155341975287
6.68773433195085	7.40705156514287	7.41840559669349	6.46469087493508	6.07214399037719	6.35109566173406	6.05135913034569
6.03565763537115	6.93879609611856	6.95419525543294	5.97241037672377	6.18548546345313	6.16764952063813	6.02545726690293
8.19932364634178	8.97052900697646	9.15422574019143	8.48674308034039	8.29651677584187	8.52245546691561	8.55265093045581
11.5687597833398	11.3028098689632	11.3286001725237	11.3151073367057	11.307421831596	11.5873026714511	11.5521974666643
4.65151414403809	5.2047777860027	5.17809126735978	4.13590910900665	4.83113589087339	4.35539579916769	4.22071355830186
10.4929585564702	10.5872474228251	10.5665391436769	10.0610042999928	10.0669325637318	10.3615548778382	10.3249971300394
10.1401032230459	9.38448380823759	9.2048913267035	10.7614440181339	10.9815755594149	10.8941852094183	10.7980467707999
9.66747248208018	8.78728463499754	8.59256510379071	10.2198315925517	10.4178051172649	10.2163349561701	10.2990164002667
6.13519330892206	6.48488570519543	6.30737428430474	6.43707864372722	6.40512727377354	6.53672556388225	6.38045718339594
9.27369008230909	9.27306252556917	9.27506990373032	9.36930052929236	9.58905617750643	9.72877886404003	9.73271635425295
8.39092291413263	8.18812044204908	8.05583551730878	8.87544864683668	8.92148894018395	8.92380437122799	9.01496489308529
8.14391052602318	7.79219176571795	7.74490642137068	8.28468830157742	8.26652203554404	8.38934313109102	8.27118219207
9.73753788787146	8.99520940502383	8.98930538487302	10.4151327529398	10.4040944411026	10.4937285561389	10.4015039910406
7.95869565355627	8.99945887802519	9.17470598217514	8.41247667049414	8.19028644971695	8.33049312763576	8.51405423891433
11.4710437800418	10.8403663597938	10.7071313234549	11.5587748162359	11.602325205366	11.8305501833509	11.7653601441487
4.99768978517213	5.2194245619671	5.33189660343881	5.62623473558973	5.40512727377354	5.64957890357215	5.66512565971422
11.2349475560725	10.7584266691114	10.7199622762013	11.4359892416964	11.3587906015643	11.4872527597765	11.577597287586
6.70550903367882	7.25895292615373	7.27401568735831	6.21119723631089	5.94913310027184	5.84572142575077	5.83579604739935
7.82686281743542	7.72961929428628	7.71725007846781	7.97721136298759	8.01194920845844	8.18466549765373	8.06286495594528
8.31383552746549	7.58158978796318	7.60435602206188	8.77287891319613	8.92245105761934	9.03855752587695	9.10552165583211
12.9157579300921	12.1570733121345	12.0234244951026	12.8498274478436	12.8456636379309	13.0261784840288	13.0305529018216
10.5502308082009	9.65750230264401	9.51169389562806	11.0258113819005	11.1021744094203	11.1801272899453	11.1277563289056
10.8129236264776	9.98560207734979	9.81688916731147	11.6585373422682	11.7602597762187	11.7450527437783	11.8312245004562
8.55840473964661	8.52817726810672	8.52327471454745	8.97840911734522	9.02812913551387	9.12042531175177	9.01232983291732
8.89040461201628	8.50445307404293	8.44300296043424	9.46810553934784	9.39615139627674	9.44991339795198	9.4217517977576
4.46931081281734	5.47271099124933	5.47087301658763	5.25138632642659	4.74674370358302	5.19189706688481	4.99374840717559
5.57622601673385	6.03301143773621	6.13228757774665	6.80968087668566	6.53661119891178	6.68759222950888	6.66847686921386
7.16547587585811	7.52964715620218	7.48187201553688	6.71513524017866	6.3546978469304	6.75749424273904	6.49436163816051
10.0588899416089	9.48488570519543	9.49459908646289	9.86447752901568	9.86155223267539	10.0047375280261	9.93304464834528
10.0749327841046	9.40865011936835	9.35301694986046	10.4569782011649	10.5655376047826	10.5405072044247	10.6212687813071
5.42708257742804	5.47271099124933	5.67634213488761	5.70937597088998	5.71155427512072	5.63550371836043	5.61737252826585
4.49679154923945	4.54426425227436	4.58408362703562	4.72087160972781	4.8952662282931	4.78325733880412	4.67182031228823
6.71138560001548	7.02885979446575	6.8219474571345	6.15298262236559	6.26044752113435	6.32063038100701	5.84174531373054
8.75186466937056	8.75371761790331	8.5755519934145	9.35461648353524	9.29131251083935	9.21928706491632	9.14334500291355
10.1031443799834	10.5211747749168	10.6554447939943	10.0278374360576	9.89134052507931	10.0862298091625	10.0329518034499
10.3519538621792	9.5673478653874	9.38754463298873	10.0626992620529	10.1203164489731	10.1873815857623	10.1439470037739
7.14824946174751	7.15612198005858	7.2137151770905	7.70937597088998	7.82291538406842	7.50997283627656	7.6465535536778
10.4762302267571	9.86386354110175	9.84768501854811	10.7386521532606	10.6711985112455	10.8113100774827	10.8636563608724
5.07265184285335	5.82847268121256	5.95419525543294	6.76039997391444	6.46973635519662	6.52913241456002	6.34319756482685
5.3538335953974	6.46043266147089	6.6177144049169	6.22740746349215	5.87949891243479	5.9172746867758	5.80567605902302
5.67576169028477	6.1973982556371	6.18708005058703	5.69778799661477	5.21719432318047	5.79596839055367	5.35156103776149
5.62685208980382	6.17503044260864	6.2048913267035	5.72087160972781	5.54162927367841	5.64255847589437	5.48678841845571
7.94129860332173	7.91199603677484	7.7600450182086	8.20915809103729	8.27407938672212	8.13550588503441	8.08183973680045
9.09417654976593	8.96727847227604	8.88268661499218	9.82773569684304	9.81827068130217	9.6226283732688	9.61780596526502
5.9783244603052	6.10576778017153	6.23986746494647	6.75481894165114	6.44851986928692	6.44689415365319	6.62773924382411
6.45537162185947	6.66153030444411	6.83344309597233	6.95304505185684	6.81049612481435	6.87297146015897	7.15294700202484
8.76605057561387	9.10280840469098	9.1814686275621	8.753420303596	8.75540856471015	8.85486207960724	8.91552323987009
10.2552033474449	9.96184458622541	9.9614169521733	10.2218557178096	10.2362773540097	10.4981106909182	10.4060281255383
4.91861821418093	5.33153492828863	5.72652789205582	5.51177601100482	4.9864141163513	5.77043329844653	5.50189531084592
6.48311661234237	6.80438706268825	6.55660289061351	7.62010863279289	7.638490812931	7.69948030770722	7.79191415777853
7.87739555145442	8.20661678566647	8.20710235401885	8.39822771475586	8.4578404972634	8.72379832385455	8.70565114281522
8.39457993774072	8.17878257746975	8.14156539133467	7.30201239949655	7.18868789549147	7.35324733258911	7.27228390654957
9.38266055914883	9.69401137177904	9.73037610730329	8.88314303862668	8.84337948662814	9.07812202655064	8.98973534466897
9.30608949521485	8.92545829658141	8.82770672642319	8.32290762380791	8.49582558406528	8.25079075593838	8.22981576540912
8.35758573025851	7.83562064814317	7.88683030871936	8.57331442131395	8.6800433023755	8.12546970514583	8.24672914834546
5.3387267030072	5.7599929433298	5.84484785924458	4.78798580558634	4.50098728918106	4.67732389405505	4.54628943020437
10.3382520541985	9.35244998059788	9.14040892230209	10.852442803268	10.8514845362652	10.9158196235754	11.0210400988433
9.32154019219052	8.94871914278037	8.99058949269335	9.61780462105877	9.70876861092083	9.84074595045681	9.93513298893798
9.49679154923945	8.8415503525077	8.61771440491689	9.71009713813363	9.85904188744328	9.84648536277729	9.8155341975287
12.8105302463135	11.8205387740922	11.5912960566124	13.9878068435474	14.166830750801	14.0832960001206	14.0244155434225
5.96854343951261	6.46658488845249	6.23986746494647	7.14019646740975	7.32298898720307	7.32721303139698	7.10180815303305
4.99768978517213	5.93879609611856	5.81035948285929	5.38744787600262	4.9864141163513	5.38934313109103	5.16486032356835
4.95869565355627	5.80923646234965	5.96468762925058	4.9135166876702	5.1790591942937	5.32063038100701	5.33478532501066
5.8022940962137	6.85216278725767	6.59763015887356	6.01037822692279	5.77258370851828	5.64957890357215	5.58935815209625
6.79123890770471	7.42927172998443	7.47087301658762	6.21932511719429	6.31421877757533	6.36821983952527	6.35572466270303
5.72306740506312	5.63446206124594	5.37972512852943	6.38744787600262	6.51125562463489	6.50223718749695	6.73391643338014
4.67576169028477	6.08991382897069	6.05583551730878	4.95304505185684	4.84743770320249	4.95176306316109	4.42472745032346
5.09079918956361	5.03301143773621	5.19601317535704	6.43009221341111	6.10641389246193	6.30292837927355	6.28762021693198
7.89815411162121	8.39903211680675	8.39532198358045	8.08788759414371	8.03704018942127	8.15906567441744	8.25455471211727
7.88261326072544	8.49846056266124	8.56179555983383	8.0989427826527	8.18066844715535	8.21100588983252	8.21614082851204
5.3387267030072	6.06580137285388	6.01603450925081	5.58908173717227	5.59087279269826	5.88789087999471	5.63803199883195
9.58745327215711	9.29742707396837	9.26661452397641	9.32479226815285	9.4181462202434	9.48467881611266	9.3886080245168
8.3387267030072	8.49996102565753	8.48915836961538	7.96517880749269	7.82703149254066	7.91581962357542	7.9041968221973
8.45361971509787	8.1973982556371	8.08016484667053	8.71081794506388	8.74456933234868	8.67989783771888	8.63117832779088
9.90329741489718	9.26072419100593	9.17921793281406	10.1984050347404	10.2983709015834	10.3263918407624	10.2990164002667
8.29243305073326	7.98667272306935	8.06317749264995	7.44055921246218	7.6754850204132	7.68929653572113	7.65671341989802
15.637765975264	14.5698503725906	14.3994367109222	16.3907268417226	16.480259356556	16.426838209285	16.5681106643133
10.2880158826737	9.10478199602597	8.92494145045783	11.1101871122993	11.139888597013	11.0553400012328	11.1826943454189
7.75471303167959	7.1136298979445	7.11355101516507	8.32102051426364	8.61368742193042	8.31069974495706	8.36504911553422
6.85102013603012	7.41343518193372	7.5531306987067	7.36930052929235	7.39961026880598	7.34894077703039	7.53715263563225
7.50358071490209	7.55585222654957	7.5635223045533	8.82440921383622	8.64433405721246	8.88343123180401	8.87330896737443
6.4054957152199	6.12922675299551	6.59087279269825	7.6890355226058	7.36605770909495	7.41222702176436	7.47917523434583
7.26472612156342	6.94761994650557	6.96990533852161	8.21526690061994	8.38990445104932	8.21337679429526	8.31994483369976
5.61436114562062	5.73981506139217	5.81035948285929	6.18653518207662	5.81464776808482	6.12294971316732	6.47535352339343
7.04499549995049	7.38772946774125	7.49278779301607	7.55737287744493	7.6981337593584	7.62485647416092	7.78729752970817
7.13081486841149	7.55006987395557	7.52858851444391	8.21729743584731	8.0494239138771	8.27822793864523	8.22754559178429
9.57622601673385	9.95255974793355	10.0046397546507	10.1071789327525	10.1110629796695	10.1969975849759	10.3130023677646
7.00727583400132	6.75497486856317	6.76905250870238	7.88058279830812	7.61725697849177	7.69269911994197	7.74506929431887
15.6638664372072	14.6291154926188	14.4803017739086	16.5442767630528	16.7112063611053	16.545900284291	16.6838434088968
6.31576555456388	5.92991794477211	6.22248538671823	7.18238353880615	7.64549987145036	7.7378654359901	7.63803199883194
8.98075938922225	9.24917190536115	9.31251758758071	8.9395789842564	8.82600356585599	9.12924145903504	9.23321434187098
11.0108542443706	10.4437673621877	10.4359505019994	11.7687312485064	11.7816255134858	11.8159979615129	11.9049073344209
6.85633393592659	6.496958537496	6.61105067463589	7.97960587812798	7.77897203648082	7.89824342599263	8.12394713030229
7.22008220650858	7.03301143773621	7.0849818629683	7.66543262330238	7.34898419573601	7.55926813253334	7.54992800726772
6.6576143435745	6.37142765541215	6.29910666832114	7.51837874582906	7.41882818435012	7.41428948822126	7.32420057436949
7.00249077143595	6.60687622957404	6.7203493171267	8.10553545996313	7.80841581437331	7.82726452104321	8.00572104884167
11.5467428145094	11.0776567882735	11.0238949135757	12.2968609813798	12.2784070046969	12.3036239557013	12.375531667354
5.3538335953974	5.48488570519543	5.51437465522421	5.88314303862668	5.39407208526455	5.33811780773585	5.55355743066841
7.04499549995049	6.79463908613669	6.76305376808094	7.76039997391444	7.95290485416105	7.71629512556788	7.7498228242895
9.05773716884207	9.14848865515615	9.26767416048449	8.8123699642133	8.68798580398231	8.85637990724949	8.92536143219534
10.2066231669998	10.496958537496	10.5665391436769	9.25138632642659	9.08766626249124	9.37034614063366	9.37994622357445
7.80504470722974	8.27656846907071	8.30531181784786	7.04279970461517	7.03704018942127	7.23687397560319	7.18137541035136
9.60492144973432	9.81044626958271	9.8081763373619	8.51177601100482	8.36180823609359	8.64957890357215	8.64570365966742
6.96362794909849	7.40384913310452	7.52149908965759	7.01971609150213	6.94155988056704	6.87596771261889	7.05392392220499
13.3670981038445	12.784593971258	12.7467124638254	13.3425165204124	13.2991581840263	13.485138785841	13.6300507817852
9.05195944770025	8.7835933023887	8.79280111147499	9.8103536186148	9.83676044006726	9.78245916725353	9.83802989823155
8.63150845223504	9.22940865053972	9.33796260413817	8.967593360426	8.79061100349399	8.94535898094721	9.13064460823043
6.3387267030072	6.83324192536044	6.88958617400987	6.39464337740682	6.34898419573601	6.46292426347214	6.45609162123279
7.56653262053001	8.47728855735587	8.52504815673866	7.92846702913617	7.76402169501485	7.8085684273333	7.96814175103952
8.11316700259206	7.83324192536043	8.01351010783526	8.43358965764734	8.27859486784461	8.35646883383292	8.45415121066336
6.13519330892206	6.07388371915174	6.59087279269825	7.25534433999527	6.88740411052013	7.02377430807648	7.07680414690315
6.57622601673386	6.18252497915557	6.19601317535704	7.10991390047371	6.8952662282931	7.03454073894556	7.13367866832007
10.5890500570914	9.91312270222913	9.73344730599561	11.0683347967223	11.2461093486456	11.219581943822	11.3579317106651
7.56328696102636	7.11754494794788	7.01098128152452	7.77425882247483	8.10132501578913	8.03721983914143	8.10180815303304
9.13191072493276	8.58724742282511	8.54091179289404	9.39822771475586	9.54288106988787	9.39196192839912	9.35416471116424
4.65151414403809	5.81888663238337	5.76305376808093	4.72087160972781	4.32590058262297	4.92886266105102	4.45609162123279
8.79262544797566	8.73981506139217	8.68747041627446	9.20507113351405	9.46841942672463	9.32447390955482	9.40878590645443
7.34251828216957	7.91874286921543	7.8219474571345	7.10991390047371	6.9678940283805	7.17496667093493	6.94759994637171
10.0652137793691	9.74930859229916	9.70086893688435	9.90724136224371	9.98226777616113	10.1238952260625	10.0156229067984
3.22830271331355	4.79952130751643	4.92225236293019	4.10114369084597	3.95666677295725	4.30292837927356	3.98302200058253
13.7495016050343	12.9531760355461	12.7794906578916	13.8524019747799	13.8902652281944	14.0343102714581	14.006672926727
10.354772544367	9.35742479601317	9.17131273472872	10.849500194799	10.6674732066566	10.7560719673916	10.8098550337554
4.9783244603052	5.66688353893832	5.61105067463589	4.87287470317286	4.95666677295725	5.18224689685109	4.56078899989949
12.9321276550623	12.0718673735532	11.9144931986781	12.9769866732987	13.004869802724	13.1337076468425	13.1378023323649
2.93879609611856	4.1136298979445	3.94362601372276	2.74359168622789	2.76402169501485	2.54804087711008	3.04621582706973
9.42797505814991	8.53258244722673	8.46349348622203	9.93341624510791	9.90989320428852	9.89011554510922	9.89313890027336
10.4154298048308	9.52080527945037	9.4155402629991	10.853748705182	10.7840094771914	10.8101357224803	10.9845352290143
9.18144094148146	9.26954804139293	9.19043645777961	9.27789456868252	9.34683572915743	9.37829197515421	9.34214871342414
8.03565763537115	7.95857440339518	7.75702998045317	7.79071559834191	7.93966034765156	8.16520220021939	8.18020201049742
9.99468103529979	9.88927596027477	9.86739042789567	10.7780467815551	10.8542601637851	10.8949239165726	10.9744169289237
10.0617678500854	10.0095014925929	9.97640104981438	9.68976692695145	9.79901711637106	9.97570291525399	9.84322880490587
8.48825991561833	8.30774436495388	8.11119174229115	7.59534072764395	7.73145383255843	8.07682054243812	7.96269247150744
5.12642309929433	6.09786258208618	6.23986746494647	5.047372434405	5.11317125863724	4.92886266105102	4.61737252826585
10.2481461249265	9.66153030444411	9.59931456658492	10.4252693414376	10.5413161548403	10.6576539139149	10.5738045357387
7.55677365406768	8.2248789920592	8.20267690563805	7.88058279830812	8.12659177439956	7.91581962357542	7.80262918346416
5.93879609611856	6.87083871201809	6.79280111147499	6.5444915861482	6.61487825570905	6.12798530306462	6.22981576540912
4.74615101817616	5.79952130751643	5.62434749724934	4.9135166876702	4.97161711442322	4.83344309597233	4.97221524562595
10.0525382621677	8.97485169198084	8.79132822207611	10.8796215356134	10.9678940283805	10.7918099090719	10.7323161059383
10.3172113823524	9.47118190256258	9.27717602825164	10.8625327589514	11.0773366595975	10.9294035702772	10.8954645298341
3.67576169028477	4.98238536466625	4.98544618941738	4.32855418694905	3.95666677295725	3.86996897199745	3.79957585948661
6.32345994635389	6.65076387357504	6.75702998045317	6.98676566970084	7.15633911779362	7.18708005058704	7.19072840933903
8.95250647614947	8.88353959072562	8.79427249869166	8.62317493584067	8.37873153913006	8.74771322194645	8.73471593189929
9.65456746801565	9.22940865053972	9.21701025665208	9.50929217387899	9.534095600993	9.74279773153233	9.69542067134714
10.3826605591488	9.84863397577742	9.81471588790343	10.5879051474312	10.683452587241	10.7405391890587	10.7791827109763
8.29243305073326	8.23392413166221	8.15765936745497	7.7687312485064	7.55905634543659	7.97430563181218	7.67515602485149
6.95869565355627	6.44181698330354	6.48551979255203	7.64445849420864	7.36888375317372	7.57225711453091	7.76868185154082
8.65151414403809	8.23031287810983	8.2137151770905	8.39822771475586	8.4350993535246	8.43373725044948	8.39063855974418
8.43420701186142	8.33658226302595	8.17357578623728	8.22539111789364	7.92821032690802	8.38514314256174	8.32526255089215
8.66065479789456	8.49093474986823	8.44487780805468	8.5233110413713	8.54413178088157	8.68417756509611	8.68180440086085
9.78915659552089	9.73790883555982	9.68350587670653	9.62623473558973	9.69024708193882	9.88454743692034	9.75692388066465
7.95622316787674	8.24291291488947	8.25062586708274	7.41954871916964	7.16286716079111	7.51190028484768	7.32420057436949
9.53622794880194	9.20385740636007	9.06073431672162	9.29337635417575	9.29428867494976	9.49055538244932	9.4844136112678
9.89686541565264	9.46504928954126	9.45978951745861	10.0399343709208	10.0573291119625	10.22017152088	10.1351933089221
8.0096624268382	8.71160145922752	8.71569795885507	7.92846702913617	7.72925627685418	8.03855752587694	7.88127367791718
9.72234005690509	9.2677875835285	9.27822793864523	9.51508115572849	9.47892134782748	9.65961129046723	9.6422990680204
9.65989528482575	9.22033506691425	9.11001065745982	9.60932495707965	9.61189932621602	9.76962799837489	9.68138977374465
4.32345994635389	5.41024690430267	5.29910666832114	4.3583015303431	4.01556046201082	3.9172746867758	3.84767014768765
10.4095679322463	10.1783140939323	10.0837791158866	10.0173872854422	10.0859497899022	10.2582733322696	10.1651568997932
8.78707127348947	9.12631515757561	9.17357578623729	8.99270513894162	9.14319374173669	9.26514604891545	9.2673195524376
10.4933849477962	9.94816964932833	9.83773045437543	10.257812595586	10.3635803712395	10.5754861695276	10.6229970774597
11.3900072079509	10.4592761924383	10.3313899502147	11.7372377462445	11.8375257278799	11.9431286755825	11.9626924715074
10.4959406527	9.81044626958271	9.72421402621758	10.9906291050165	11.0792791021631	11.1864767911006	11.2340627365093
6.49679154923944	6.78974028672385	6.96468762925059	6.3509219999775	6.1661201385862	6.51382516177218	6.21155355901639
6.75755578144841	7.22669256243113	7.16904612775677	6.09231984045897	6.33170620430417	6.34678266886298	6.10180815303305
9.92558623890095	9.45425408654176	9.34601113291171	9.7749482824836	9.80006444494038	9.99132980455172	9.8450810262938
7.46931081281734	7.41024690430267	7.43736375439738	6.2434375733111	6.1790591942937	6.43068392647193	6.37636442876206
8.92495417096493	8.69989859616628	8.57897070364197	8.89967476251657	8.89330471195982	9.10709924565582	9.00902922511555
4.93879609611856	5.93879609611856	5.93297876952325	5.41601702819939	4.94155988056704	5.14298746640386	4.71134867647487
9.23443749948565	8.79219176571795	8.71258870109794	9.68022962523046	9.69419580983356	9.71963469891302	9.70320243777322
7.8022940962137	7.80438706268825	7.66351809453002	6.91851736872857	7.01556046201082	7.51190028484768	7.47343886479669
6.09978797279087	6.74488605093959	6.90055729183087	7.10553545996313	7.26652203554404	7.32940059063475	7.2092544429268
6.24460452564264	5.86619234716172	5.79867767781166	5.94326403106426	5.21719432318047	5.61413006756786	5.45609162123279
8.40186629181921	8.54571784941586	8.48551979255203	7.41601702819938	7.51636251506798	7.51766722806657	7.40878590645443
9.62607456618441	9.20201488370747	9.16563952631352	9.67949336849548	9.90308573275241	10.0445618144826	10.0290464682226
3.09079918956361	4.23392413166221	4.28242792717452	3.99151919967147	3.89526622829311	4.11282549589361	3.93930062315322
8.77869971204436	7.88927596027477	7.91955825376093	8.5812196193993	8.69925691631733	8.87297146015897	8.86237664650267
11.0820375706534	10.2752547384828	10.1650709765364	11.17665545135	11.3575462092394	11.3367592098005	11.3121991599639
9.82686281743542	9.32477756211333	9.2559751317981	9.89333880573257	9.91086308334412	10.0139473396797	9.96507906434432
6.96362794909849	7.43555799283186	7.64079801802994	6.21932511719429	6.21719432318047	6.2345414042933	6.36401603633442
5.74615101817617	6.04949956052478	6.19601317535704	4.93341624510791	5.13988859701302	5.20148311571401	5.06667992962944
3.76887109467625	4.61243575491594	4.52858851444391	3.13590910900665	2.83113589087339	3.00747249574738	3.12638617575371
9.62685208980382	9.27306252556917	9.15078392136404	10.0845544504796	10.1374047598872	10.2731230560364	10.1813754103514
9.63537730690245	9.18439254581233	9.01477286068689	9.645212844574	9.69419580983356	9.82997090406553	9.79995787856493
5.16118851745501	6.17503044260864	6.2570426087546	5.01037822692279	4.60052296273197	4.77043329844653	4.64485326468796
8.9109781519788	9.39903211680675	9.53300177894657	8.86382956356985	8.87055347876782	8.83035711609859	8.85724640727073
9.8118983782708	9.30431345955361	9.31149039277698	9.93218053193524	10.0669325637318	10.1373799208566	10.0887350988077
6.61436114562062	7.31798839645069	7.23986746494647	6.25138632642659	6.12659177439956	6.31180653062001	6.12150395437396
5.44129643664774	6.95201171562273	7.08978284923212	5.15298262236559	5.15306398576075	5.26685912456603	5.07680414690315
10.3354008773004	10.3710177406371	10.3909523839527	10.3693005292924	10.3479103623847	10.3195303466107	10.3660814555002
9.15688838002138	9.4803322189086	9.45421567263402	8.76179186504112	8.77471629581109	8.93318426700111	8.92115327644295
4.01679860811983	5.1136298979445	5.29910666832114	4.06551978111525	3.61963178567968	4.28500647127629	4.02545726690293
10.0467396408531	9.45889049666248	9.42886339895971	10.0347623855498	10.1286774984015	10.2556875991532	10.2112663697966
9.73104412578595	9.55729420072348	9.43547911005243	9.32007603302474	9.27709127725423	9.57640743075998	9.49436163816051
8.9783244603052	8.78236075635825	8.64569681744278	9.24044546361593	9.41950982624368	9.28613313673058	9.26289240652887
5.09079918956361	6.49093474986823	6.59087279269825	5.79887412172908	5.53157560901448	5.63550371836043	5.48678841845571
10.589448977332	10.1637151293808	10.0582869963029	10.6323349351261	10.5851123130944	10.8313221940936	10.7295112542601
9.25470040337815	9.35825226666441	9.28242792717451	8.7852508378651	8.60652170335342	9.02039325417163	8.855042136344
9.89299240650544	9.74425315115278	9.69929908358377	9.49680843540685	9.47892134782748	9.76397827630923	9.71012966918571
8.54036056417685	8.57448640068863	8.49640810869477	8.40536978399988	8.29800026701721	8.40705791899018	8.4057771565821
5.17826203081395	5.17503044260864	5.26555410861012	5.48505867262904	5.50098728918106	5.62128985914072	5.62429194220564
7.84033345723287	7.81406961608559	7.83915674716673	8.29241359468664	8.69024708193882	8.17253174201788	8.34947471051302
10.5898477872975	9.95365518841206	9.8262690630846	11.1782199138646	11.2847806677909	11.279218460511	11.3709750075948
8.0703672896588	8.29224062725303	8.33594343650152	8.65648102245785	8.79376903840891	9.01360728191948	8.95859196176198
4.38358093879146	5.90295089717184	5.72652789205582	4.44403140436898	4.12659177439957	4.07160283316709	4.34319756482686
7.9109781519788	7.86386354110175	7.77502640974701	7.82840007403225	7.94724351907063	8.07029545198031	7.91552323987009
10.819740057967	10.3357422658896	10.1965696633257	10.6875716005716	10.8347176856858	10.975702915254	10.9853752261506
10.3566486110045	10.0319746464297	9.93698070008074	10.3693005292924	10.5808529825918	10.5471013166465	10.5583072344193
9.317693003135	9.42137518568953	9.43547911005243	8.89587652853447	8.87850771003174	8.98821793866744	8.87112912051163
9.88196207811863	9.08791977883861	8.92628411694924	10.4968084354068	10.7101621153669	10.4723585444768	10.4767878516384
9.50527302599454	9.50818579291926	9.35800035737471	9.41954871916964	9.4834920080371	9.53008374663596	9.41926739032276
8.12862065499858	8.16938387946749	8.15537119085969	7.11863111757481	6.8715501593193	6.94035829988885	6.85357074912733
5.94878018469118	6.28355489938681	6.19601317535704	6.08344168911252	6.1790591942937	6.28500647127629	6.04621582706973
10.3085146009143	9.93547318860528	9.93897751014469	9.39284786374521	9.52335510220951	9.69609369807489	9.70442730982152
7.28062374844363	8.27130635366529	8.30531181784786	7.02899390509014	7.06519122973542	6.99098437295881	7.0043956513751
4.55023080820091	5.80923646234965	5.90055729183087	4.85211614300606	4.50098728918106	4.59243499646854	4.51684565231189
9.9697696997147	9.20845344414609	9.04968853297363	10.1787410245948	10.2327911782315	10.1734453220215	10.2870752896202
6.04499549995049	6.67221698324136	6.53564327197786	6.40180316897969	5.76402169501485	6.63196336065517	6.12150395437396
12.8344555227378	12.1136298979445	12.0092401385791	12.7126183883787	12.6901058558567	12.9057761392757	12.9159198207241
8.56491070350602	8.13309976214272	8.16677595413195	9.03706333506603	9.04677919262154	9.22634757676159	9.34476941358328
7.09079918956361	7.74993927866588	7.8219474571345	6.78798580558634	6.81878749844575	6.8303571160986	6.61737252826586
8.11094576267539	8.39742286394508	8.5125880357502	8.11427909303511	8.27257108021684	8.40187022896719	8.35676369410615
4.49679154923945	5.52080527945037	5.58408362703562	4.20302330486519	4.20459428640083	4.40602187223766	4.22071355830186
9.18038208268832	8.76748747987672	8.74490642137068	9.23644630640264	9.4037499991669	9.31677658543696	9.36453266840471
10.2672217026059	9.95584357721375	9.88337805763225	9.60700364516953	9.64258356756488	9.9019228338551	9.82006148693708
8.55840473964661	7.85685448258239	7.78394113455476	8.24940324014749	8.40650323481336	8.48173153206232	8.35572466270302
6.90329741489717	6.46043266147089	6.37972512852943	7.90849861290358	7.65479262526009	7.7493480040374	7.92816006554801
9.80504470722973	9.21394943190094	9.09695450463437	10.0502230479404	10.122411258461	10.1351933089221	10.1150708625259
7.04964186480685	7.4166164291784	7.45978951745861	6.30583411044896	6.40512727377354	6.44689415365319	6.10180815303305
10.1198102762227	9.27656846907071	9.13809319942786	10.8426106772471	10.9023544519861	10.8772766188439	10.8047246014663
10.3627290335345	10.334901779387	10.2954746342913	10.3638115117354	10.3787315391301	10.5501526535899	10.4392691310381
8.80367005725352	8.77742001508798	8.73114452012619	8.57331442131395	8.50997607240831	8.59879649671998	8.6328948003799
10.5001901257013	10.1111775855388	10.0323363215799	10.2494032401475	10.1974581051192	10.408869212437	10.3408365759614
9.04732055289673	8.96402059725768	8.84342718454496	9.5257708800591	9.56461349134811	9.71085177691572	9.55627351877699
8.56653262053001	8.91874286921543	9.01729505545672	8.86641968103556	8.98088301037807	9.06898688496008	8.98772461954782
9.59700757887036	9.51042079730257	9.45514614350851	9.46980984556009	9.37170427223609	9.63018991846396	9.58980008655855
9.19513584937835	9.0121327080603	8.94495141118932	9.03476238554975	8.94535145972942	9.22340989494653	9.02611051348003
6.58265228589328	6.66688353893832	6.69536696056936	6.20302330486519	6.21090806033304	6.57040869013854	6.33899757629757
7.17826203081395	7.69073028089268	7.71725007846781	6.74921623542177	6.47499208064811	6.82416528238432	6.62773924382411
8.61905793232202	8.31968868544052	8.40112760526165	8.98557483592222	9.11148488200935	9.20028833714395	9.24167592061918
6.14391052602318	7.03715116809714	6.99058949269334	6.47830130645373	6.7810952083738	6.66351809453002	6.60343333730797
5.3387267030072	6.2047777860027	6.54965012997174	5.2671536422849	5.1790591942937	5.36395781267111	4.92816006554801
10.648454344289	10.7099817273398	10.6570630723927	12.2800817594271	12.429188391035	12.3667561875252	12.4858389646268
8.46757576144659	8.46197317954667	8.56696960617177	8.29818053790553	8.49969859321249	8.49835375300973	8.4326326484088
6.26072419100592	5.35825226666441	5.02608817391473	6.76039997391444	6.89134052507931	6.48271462923214	6.53531831238337
12.4784934473205	11.5093037279158	11.4023341747398	12.9410387743305	12.9187192731307	12.9085679364034	13.1922571122526
6.98803961513841	6.63991649133805	6.95419525543294	7.49178453581735	7.24514838475147	7.05583551730878	7.57156883865273
7.444828127618	8.44649347051301	8.54091179289404	8.65947106506366	8.62909211492875	8.53672556388225	8.48773724784926
9.68101195097197	9.56017383249967	9.49911739595275	9.41159022190042	9.42359292814147	9.62885840471841	9.51916771146582
7.71431493105416	8.11558875098256	8.18931852278303	6.98676566970084	6.87949891243479	6.92308030845701	6.90845465620046
7.10426144937018	6.77494328479577	6.65057903882252	7.80968087668566	7.90503400454193	7.93174516958414	8.00836819644837
6.346299922712	6.32477756211332	6.30737428430474	7.01037822692279	6.87949891243479	6.89676903134116	7.00968995104461
8.95374643758453	8.90748055565235	8.82770672642319	8.80158340898707	8.6811806260772	8.96659628849753	8.82382340573328
8.40911603089859	8.59006794188749	8.60603259986926	7.98199642555297	7.79587056105419	7.95034238846147	7.81477826613027
8.98075938922225	8.66821874962213	8.61105067463588	8.2294209949298	8.2710611951592	8.36182206832712	8.33161804593198
7.67275294041243	7.80923646234964	7.81905917780968	6.64445849420864	6.67091229062337	6.63903540933068	6.72750444486591
7.47277466812091	7.69597645045864	7.8161651045405	8.03361053316051	7.87354145713839	8.01292692583949	8.08560492825699
9.88846071541738	9.50594732072326	9.37186301075646	9.28275049733592	9.31201786938206	9.6015142903794	9.57201625532274
7.96116390914701	7.93879609611856	7.90873122327658	8.21729743584731	8.13657586297218	8.20863108264461	8.05135913034569
9.90970086544925	9.37060770935945	9.16108484205409	9.8760914158564	9.98088301037807	10.1673438325258	10.0996375206437
7.10426144937018	7.46351205440286	7.39919499272765	6.43707864372722	6.32590058262297	6.44689415365319	6.25678281300939
7.89299240650544	7.75245927064439	7.7203493171267	7.46469087493508	7.72043242646717	7.76720939757225	7.62773924382411
9.14499648395242	8.58442137874634	8.28452334517671	9.32479226815285	9.36888375317371	9.48173153206232	9.46479131618318
5.7912389077047	6.80923646234965	6.68905318663716	6.2749731467442	5.88740411052014	6.13300337783124	5.94483880669464
10.0233092429435	9.79952130751643	9.73498045708665	9.92536512503669	9.83930982231909	10.1442306332545	10.005058502313
8.34818703225626	8.47881119078574	8.37383256060622	7.40536978399988	7.1726041721564	7.42045925546146	7.29197224147169
9.71796825040546	9.4174106461216	9.43547911005243	9.28855611901713	9.35612273103723	9.56206134742502	9.50611577716411
10.1558113400006	9.7798925007675	9.75627523544987	10.008620628686	10.0577670221315	10.1915964741051	10.1451502524182
9.12862065499858	8.60408841220242	8.54091179289404	9.11209814773558	9.29503175765528	9.18647679110056	9.16604626283849
8.83630545543277	8.54280918907397	8.67154646828595	8.45095081830877	8.43104873306052	8.52818045474924	8.41178839461596
6.57622601673386	7.04539516219205	7.3196875457436	6.21932511719429	5.92629312391373	6.33811780773585	6.24336229724706
8.50696335429674	9.06174315627953	9.16108484205409	8.42834030664952	8.43104873306052	8.39457598064698	8.46286257921023
4.74615101817616	5.55585222654957	5.75098093578036	5.15298262236559	5.09962472679929	5.43881180735533	5.20233502898701
8.8295670263638	8.88353959072562	8.74642744949352	8.61241424100289	8.5957059464342	8.87297146015897	8.737909502746
9.73032078907445	8.95748269313431	8.74642744949352	9.93650090533991	10.1236666856969	10.01700425792	10.0306749761739
8.64845434428903	8.72961929428628	8.72960728498779	8.8625327589514	8.83930982231909	9.19069431980315	8.98772461954782
7.5794427294174	7.96510737323441	8.0059102919771	7.35461648353525	7.24514838475147	7.25769912528055	7.21155355901638
9.81531304268356	8.94651991210924	8.93964249980426	10.9075557776402	10.9339466964572	10.940894916983	10.911463037014
