LL20_1	LL20_2	LL20_3	LDZT8_1	LDZT8_2	LDZT16_1	LDZT16_2
678.814566038551	216.046441385161	186.327624068798	475.456340511896	505.491249203776	551.875920544288	559.335679509171
92.796747791787	20.3585598705757	27.1445029860892	54.1097700955703	51.1554112762441	54.6329428880527	60.4845931647712
75.635705391936	26.1502191441016	24.6239419945238	129.065107359106	131.867282400985	111.207157858422	156.790158980523
3863.14132245535	690.084977681929	577.208467068483	3379.19949473893	3766.93291479365	3938.28640585399	4345.49504290589
2138.7743583518	530.902100073203	454.670425016994	1210.81698656481	1317.15710812018	1564.38797376399	1628.67979749993
400.42432266319	107.408953799934	85.6990737132245	110.880676425349	134.140856235485	151.419222420694	145.926421373259
1270.55273175193	305.904912538047	243.912748260716	1097.27517390525	1233.03487624369	1214.68167436381	1286.32525560613
554.87370426185	174.451797511657	148.325319888273	247.042147075677	242.135613374222	287.308268182856	293.027300866222
1979.24022344948	412.260837379158	375.757477050292	1397.0965229594	1529.73626164591	1734.66526784147	1839.20141545693
928.603072080827	235.000962643973	227.626046469062	526.461451667557	607.802071756264	639.233164248535	701.44511199339
2706.99554003576	527.918518023205	459.129879078995	1977.22422201682	2349.35962898306	2670.63573610125	2828.97599583772
610.170396439147	151.460665244025	143.865865826273	570.813722237696	654.410335363508	649.494173826494	682.360167548195
91.5255594658721	50.8963996764393	45.1762085411342	65.6413604438066	73.1332916764083	68.2218474642688	72.5227888917402
1075.425323724	259.045123870429	238.483847663498	905.229842336549	1202.72055845036	1336.98181554976	1475.70662740845
19.7034190516808	10.7057944146993	9.30668673808773	25.2807942249796	29.17753087608	32.724300816194	28.1869948729031
376.271744470807	139.350832217561	127.579164034619	131.282720887613	134.519785207901	203.001594893678	192.611131631504
141.73749833951	48.7903417587935	47.1151016115691	51.0051111556605	51.9132692210774	59.3474608022501	62.5398948742537
185.593495583574	71.0794547205445	73.4840473694844	60.3190879753898	61.386493531493	82.3654012068611	78.1014649603356
404.237887640935	125.836960579334	120.793038288097	132.613289004717	125.804418842319	143.37680950824	146.220035903185
75.0001112289785	10.8812992411698	8.72501881695725	85.5998822003694	103.447609469738	116.753649522184	145.926421373259
9.53391244436168	7.54670753823066	5.42890059721784	9.31397681972931	8.71536636558234	7.2104391628902	5.87229059852147
378.17852695968	97.2296738646461	83.1785127216591	325.989188690526	363.392884547542	365.236476058707	385.222263263009
27.9661431701276	16.8484633411661	15.705033870523	11.5315903482363	11.3678691724987	11.6476324938996	11.4509666671169
202.118943820468	57.0390686029061	57.7790134989613	155.67646970119	178.854474980646	122.577465769133	125.66701880836
310.805545686191	87.5769084087697	86.4746309413985	147.249538292863	148.540157187316	165.00812699691	187.913299152687
83.8984295103827	56.8635637764356	53.9012273580914	54.1097700955703	65.1757832556592	70.4404441297735	71.641945301962
1918.85877796853	349.430109502726	293.548410863851	2335.14704551785	2871.14482400075	2724.15938065655	3100.56943601934
834.535135963125	160.411411394019	158.019785240448	676.81564890033	822.654799116489	811.451730408335	921.656009437945
1584.53624825291	312.574095943925	274.159480159501	1083.96949273421	1339.51391749276	1198.87417312209	1236.4107855187
413.136205922339	181.120980917536	178.572051787058	394.291685368541	430.463312665284	468.401221004675	486.81289061743
596.822919017041	238.335554346912	201.644879325234	242.163397312962	260.32420405022	333.621473575266	308.001641892451
460.805768144148	156.023790732257	147.161984046012	199.141694859927	227.357383449974	238.499141541753	245.755361548124
94.7035302806593	34.2234411617437	38.1961934875684	183.174877454676	177.33875909098	208.270761974252	208.759930777438
2544.91902848161	568.986647417297	490.539946820041	1441.00527082383	1724.88468244047	1762.95237532665	1954.29831118795
395.339569359531	127.240999191098	119.82359175288	244.82453354717	268.281712470969	310.880857753843	317.690921380012
720.763780793743	185.333096752827	153.560331178448	560.612700006564	599.844563335515	597.91180135351	629.803166691428
136.652745035851	53.1779624205556	46.1456550763517	144.144879352954	202.348071270477	177.210408657186	229.312947872264
169.06804734668	71.254959547015	65.9223643947881	151.684765349877	158.771239442565	208.270761974252	224.615115393446
1168.85766567874	260.098152829252	223.554371021149	979.741656894383	1290.63208005102	1298.98834765299	1301.59321116228
3212.92849374988	837.158022264191	740.463263599105	2964.06224220243	3757.45969048324	3748.04174178696	4392.47336769406
200.847755494553	73.0100078117198	63.0140247891357	143.257833941551	156.876594580482	188.026067401521	202.300411119065
535.805879373126	77.0466188205409	61.0751317187007	395.178730779944	655.926051253175	437.063543104421	482.408672668539
1337.29011886246	315.733182820394	278.425044914458	978.85461148298	1012.87714326963	1082.67517276628	1121.02027525775
153.813787435702	79.1526767381866	73.2901580624409	93.5832909029945	78.8172262626577	92.9037353680083	82.5056829092267
97.8815010954465	57.2145734293766	53.1256701299175	66.5284058552094	85.2590187937403	81.810752040485	81.0376102595963
438.559972440637	233.94793368515	244.106637567759	380.098958786096	368.318961188958	418.48279603082	467.140717112383
4532.42197604954	1178.16390009633	1101.87293192818	2699.7227096044	2968.90849888424	3501.77751191594	3735.95127877936
37.5000556144893	17.1994729941071	15.5111445634796	18.6279536394586	33.3457495726629	23.2952649877991	23.1955478641598
2150.21505328504	717.463730611324	649.72306790275	1131.86994494996	1256.52847253352	1497.27542463247	1595.79497014821
1683.68893767427	311.696571811573	252.831656384717	1839.28866054369	2368.68500657631	2165.90499469894	2215.0280137623
1213.34925708576	206.042666276344	165.387578908101	1263.59618854328	1602.4906243499	1353.89861512423	1567.31436074538
104.873036887978	41.7701486999743	33.9306287326115	91.8092000801889	99.2793907731553	105.66066619466	103.645929063904
923.518318777168	288.52993471747	265.434461342544	700.765875008205	902.22988332398	965.644198660911	1058.4803803835
500.848200410467	136.016240514622	114.006912541575	497.632475796966	568.014529652518	552.707894293853	643.603049597954
422.034524203744	103.372342791113	91.9035315386164	330.42441574754	360.740381740625	381.598626466804	384.341419673231
1273.73070256672	237.984544693971	217.737691809844	1446.77106599795	1587.33346545324	1640.9295587239	1682.70487100633
371.186991167148	238.686563999853	247.596645094542	361.027482440936	342.172862092211	366.34577439146	454.808906855488
4235.59950194841	855.05951456418	716.227100218668	3196.46813998996	3642.26528286858	4144.89322032911	4330.81431640959
47.6695622218084	17.3749778205776	17.256148326871	52.3356792727647	49.6396953865777	57.1288641367454	63.1271239341059
3596.19177401322	807.848716243621	722.625447351104	2935.67678903754	3076.52432705056	3267.16091453882	3802.30816254266
155.720569924574	71.4304643734855	66.3101430088751	78.503518909147	72.3754337315751	65.448601632388	71.0547162421098
338.771688856318	98.9847221293509	90.1585277752249	267.00066883224	302.385319988465	331.125552326573	332.665262406242
474.788839729211	89.3319566734745	83.3724020287026	463.481227457958	568.393458624935	598.466450519887	685.296312847456
11529.6781160481	2129.92657404575	1783.58773549311	7821.96643774981	8622.90769631268	9493.6524562777	10409.5159294691
2237.29145361021	376.633357605651	312.743452261157	2209.18659709865	2575.20129654337	2640.68468111694	2783.75935822911
2684.11415016929	472.810002511474	386.421388937684	3425.32585613188	4063.63430019587	3906.39407878736	4533.11472752865
562.500834217339	172.170234767541	157.632006626361	534.444860370182	611.59136148043	633.409348001585	642.428591478249
708.051897534594	169.362157544014	149.100877116447	750.440418046761	789.309049543826	795.921553749803	853.24382396517
33.0508964737871	20.7095695235167	19.0011520902625	40.360566218827	31.4511047105797	41.5986874782127	39.63796154002
71.1865462512338	30.5378398058636	30.0528425917416	118.864085127974	108.752615083571	117.30829868856	126.547862398138
214.195232916659	86.1728697970059	76.5862762821803	111.32419913105	95.8690300214057	123.13211493551	112.16075043176
1591.52778404544	334.161189599795	309.05955542733	987.725065597008	1089.79972467021	1169.20044272096	1216.1513829538
1609.32442060825	316.961716605688	280.170048677849	1489.34924574529	1775.28223577188	1695.00785244557	1959.58337272662
64.1950104587019	20.7095695235167	21.9094916959149	55.4403382126745	61.386493531493	56.5742149703693	61.0718222246233
33.6864906367446	10.8812992411698	10.2761332733052	27.9419304591879	34.8614654623293	31.3376779002536	31.710369232016
156.356164087531	60.9001747852567	48.4723267608736	75.3988599692373	89.8061664627397	90.9624632856917	71.3483307720359
643.221292912934	201.304035961641	163.448685837666	693.669511716983	733.985419570999	678.335930478055	703.500413702873
1641.10412875612	685.346347367226	691.021490303014	1106.14562801928	1112.53546301521	1237.14496560205	1303.35489834184
1950.00289195344	353.817730164488	286.956174424372	1133.20051306707	1303.8945940856	1326.99813055498	1407.5880564656
211.652856264829	66.5163292323121	63.5956927102662	221.761352850698	265.250280691636	207.438788224687	249.278735907237
2125.4268809297	434.549950340909	394.758629140555	1810.4596846731	1910.1809499522	2044.99147642894	2318.08671376635
50.2119388736382	26.5012287970425	26.5628350649587	114.872380776661	103.826538442155	105.106017028284	101.003398294569
61.0170396439147	41.0681293940924	42.0739796284383	79.3905643205498	68.9650729798255	68.776496630645	69.5866435924795
76.2712995548934	34.2234411617437	31.2161784340026	54.9968155069731	43.5768318279117	63.2300049668833	50.7953136772108
73.7289229030636	33.6969266823322	31.6039570480896	55.8838609183759	54.5657720279938	56.8515395535573	55.786760685954
366.737832026446	112.323088941107	92.8729780738338	313.570552930887	362.635026602709	320.03256899905	337.069480355133
815.467311074402	233.421419205739	202.226547246365	962.88779407773	1057.5907620148	897.145026613454	977.4427701239
94.0679361177019	32.1173832440979	32.3795142762636	114.42885807096	102.310822552488	99.2822007813343	123.024488039025
130.932397569234	47.2107983205592	48.8601053749606	131.282720887613	131.488353428568	133.393124513469	177.049561545422
649.577234542509	256.412551473372	248.759980936803	457.271909578139	506.249107148609	526.916708057361	600.735328228747
1823.51965352491	465.087790146773	427.138143416818	1265.37027936608	1413.02613814159	1645.92140122128	1687.989932545
45.1271855699786	18.7790164323414	22.6850489240888	48.3439749214521	37.1350392968291	62.1207066341309	56.3739897458062
133.474774221063	52.1249334617327	40.3289758650468	208.455671679656	233.42024700864	236.557869459436	275.704043600583
350.84797795251	137.771288779327	126.609717499402	357.479300795325	411.89579301687	481.158151831327	519.404103439225
502.119388736382	135.13871638227	120.986927595141	167.208060049426	170.896966559897	186.084795319205	192.317517101578
995.976053354316	386.286123061527	363.930229320639	500.293612031174	538.079140831605	615.105925511172	632.445697460763
944.492926154763	226.752235799861	194.664864271668	339.294869861568	422.884733216952	346.655728985106	373.477682065966
489.407505477233	106.531429667582	101.404107583748	403.60566218827	480.481937024278	317.813972333545	377.881900014857
60.3814454809573	25.2726950117492	24.6239419945238	29.2724985762921	26.5250280691636	29.1190812347489	29.0678384626813
1931.57066122768	304.851883579224	241.779965883238	1959.03979108306	2164.44229044375	2198.62929551513	2585.27593599908
954.662432762083	230.437837155741	217.931581116888	832.49211860152	980.289251641805	1043.57240653676	1217.91307013335
1077.96770037583	213.940383467516	168.295918513753	887.488934108493	1087.90507980813	1047.73227528458	1121.02027525775
10718.6599641144	1686.77688720779	1321.93729542255	17214.0032536826	21545.9013716092	19754.1073850705	20730.6538854304
93.4323419547444	41.2436342205629	32.3795142762636	149.46715182137	187.569841346229	182.756900320948	170.883656416975
47.6695622218084	28.6072867146883	24.0422740733933	44.3522705701396	37.1350392968291	47.6998283083505	44.6294085487632
46.3983738958935	26.1502191441016	26.7567243720022	31.9336348105005	42.4400449106618	45.4812316428459	50.2080846173586
83.2628353474253	53.8799817264375	41.4923117073078	68.3024966780149	64.0389963384093	57.1288641367454	59.897364104919
165.254482368936	80.38121052348	76.0046083610498	78.9470416148484	93.2165272144893	94.0130337007607	101.884241884348
78.8136762067232	23.1666370941034	17.8378162480015	88.7045411402791	106.857970221488	103.164744945967	132.420152996659
38.1356497774467	31.7663735911569	28.5017281353937	32.8206802219033	33.7246785450795	35.2202220648867	26.7189222232727
50.8475330365956	15.2689199029318	15.705033870523	91.3656773744875	80.7118711247408	89.8531649529394	97.1864094055304
355.932731256169	157.427829344021	144.25364444036	288.289758705907	307.690325602298	325.301736079623	379.937201724339
352.119166278425	168.660138238132	161.897571381318	290.507372234414	339.899288257711	337.226693156711	369.954307706853
60.3814454809573	31.2398591117455	27.7261709072197	51.0051111556605	56.4604168900769	67.3898737147045	61.9526658144016
1147.88305830115	293.444069858643	263.883346886196	679.476785134538	801.434776661158	815.334274572969	833.865264990049
483.051563847658	168.835643064602	153.948109792535	264.783055303733	266.00813863647	274.828661939392	298.018747874965
523.093996113977	136.893764646975	115.94580561201	443.966228407097	502.459817424443	466.737273505546	493.272410275804
1428.81567832834	286.072867146883	248.372202322716	1244.96823490382	1475.17048961791	1461.22322881802	1567.31436074538
467.79730393668	118.290253041104	114.588580462705	184.061922866079	239.483110567306	234.893921960308	251.040423086793
76071.7229877248	11341.8239058283	9258.60218994095	91040.1317085027	107096.69547411	100261.433884571	120876.404138086
1865.4688682801	256.763561126313	208.237115764713	2342.24340880907	2643.40851157836	2421.87558498154	2891.8095052419
322.246240619425	64.5857761411368	59.3301279553093	338.851347155866	458.882985596531	361.353931894074	410.179498306725
172.246018161468	79.5036863911276	80.4640624230502	175.191468752051	197.800923601477	185.530146152829	231.07463505182
270.763113419872	87.7524132352402	81.0457303441807	480.335090274612	468.735138879363	537.455042218508	583.412070963109
126.483238428532	32.6438977235093	41.2984224002643	218.656693910788	193.253775932478	193.849883648471	221.972584624112
229.449492827638	57.5655830823176	53.707338051048	314.901121047991	392.949344396038	337.781342323087	397.554073519904
73.0933287401062	24.9216853588082	24.0422740733933	77.1729507920429	65.9336412004925	79.3148307917922	110.69267778213
197.034190516808	78.0996477793638	77.1679442033108	199.585217565628	243.272400291472	224.632912382349	274.823200010805
209.110479612999	87.4014035822992	79.1068372737457	315.344643753692	310.342828409215	353.31151898162	372.890453006114
1138.98474001974	462.104208096775	440.128726988732	1168.68232952318	1295.55815669244	1335.872517217	1582.58231630154
191.949437213148	50.3698851970279	46.7273229974822	249.703283309886	230.00988625689	235.448571126684	266.895607702801
77460.4962337868	11817.4419855633	9792.37945223169	101264.217120331	125689.224434704	108886.783070887	130972.633364124
118.856108473042	28.4317818882178	31.9917356621766	153.902378878384	234.55703392589	242.936334872762	247.810663257606
753.81467726753	283.791304402767	272.41447639611	520.252133787737	531.637348300522	637.291892166218	748.717051311488
3078.81812536586	649.543362767248	593.495168860136	3697.20527472683	4124.26293578253	4103.2945328509	4770.64888223885
172.881612324425	42.1211583529153	41.8800903213948	267.444191537942	257.292772270887	271.500766941135	347.052374372619
222.457957035106	61.0756796117272	58.1667921130483	215.108512265177	190.980202097978	214.649227387577	233.129936761303
150.635816620914	38.6110618235057	33.736739425568	194.262945097211	200.453426408394	194.127208231659	199.364265819804
191.313843050191	45.4557500558544	45.1762085411342	291.837940351518	262.59777788472	258.466511531295	319.746223089494
4463.77780645014	1007.92421841997	892.084701707118	5331.58644523648	5819.5911583745	5753.37580282	6610.73114128555
61.0170396439147	20.8850743499872	19.5828200113929	62.5367015038968	49.260766414161	46.035880809222	58.4292914552887
197.034190516808	51.7739238087917	46.5334336904387	229.744761553323	290.259592871133	239.331115291317	267.776451292579
795.128297859764	264.661278317484	264.077236193239	476.343385923299	483.134439831195	527.471357223737	604.845931647712
1763.13820804395	673.938533646645	649.72306790275	645.769059501232	637.35853160476	753.213567938838	828.873817981306
333.686935552659	144.615977011676	135.528625623403	139.70965229594	153.845162801149	171.663916993424	180.572935904535
1161.86612988621	418.754515958566	384.094717253162	386.751799371617	385.370764947706	457.030913093963	498.263857284547
186.229089746531	78.9771719117162	78.7190586596587	137.492038767433	143.993009518317	133.670449096657	165.30498034838
15764.6420238335	3290.53999149504	2944.59690606955	11006.0159419801	11807.8057094744	13049.5082619153	15772.3853185688
791.950327044977	205.516151796932	190.011520902625	951.356203729494	1071.23220502179	1002.25104364174	1138.63714705331
591.738165713381	279.930198220416	277.261709072197	530.453156018869	518.753763238357	561.027631789495	697.334508574425
120.762890961915	53.1779624205556	50.7989984453955	89.1480638459805	95.4901010489891	100.391499114087	109.224605132499
282.839402516063	166.203070667545	157.825895933404	258.130214718212	254.640269463971	255.138616533038	311.525016251564
413.136205922339	106.355924841111	110.710794321835	366.349754909353	363.771813519958	373.001564387974	436.311191470146
104.873036887978	31.415363938216	41.2984224002643	161.885787581009	138.688003904484	148.091327422437	167.947511117714
142.373092502468	33.8724315088027	31.4100677410461	146.362492881461	139.445861849317	149.20062575519	174.700645306014
2298.30849325412	449.643365417371	364.705786548813	2275.27148024816	2845.37765387642	2713.8983710786	3265.28718730787
282.203808353106	64.7612809676072	55.2584525073959	231.96237508183	321.710697581713	298.955900676755	341.76731283395
837.077512614955	179.365932652831	159.570899696796	714.95860159065	873.810210392733	764.583875849549	814.193091485002
37.5000556144893	26.3257239705721	23.2667168452193	27.9419304591879	23.4935962898306	34.6655728985106	27.3061512831249
661.6535236387	199.373482870466	176.633158716623	625.367015038968	829.854449592405	729.64097836785	845.609846187092
242.161376086787	112.849603420519	96.9446535217472	146.362492881461	146.645512325233	164.453477830534	153.560399151337
1598.51931983797	401.379538137989	356.562435652986	1017.441086879	1184.91089674678	1269.86926641824	1287.79332825576
13.9830715850638	12.9873571588155	12.9905835719141	18.1844309337572	18.1885906759979	22.4632912382349	19.6721735050469
20549.3948825772	3698.41320821243	3012.26427422773	15671.8748059588	17787.3048942087	19094.6295262492	20477.2645461042
1953.81645693119	305.904912538047	247.014977173412	1955.04808673175	1905.25487331078	1968.17256688584	2233.23211461772
47.0339680588509	23.6931515735149	20.9400451606974	31.0465893990977	36.3771813519958	41.3213628950246	29.3614529926074
11661.2461077802	2007.7752148223	1653.87578908101	8542.69083451458	9628.96411807881	10228.2852771429	11212.8452833468
11.440694933234	8.0732220176421	6.59223643947881	7.09636329122233	7.95750842074909	6.65578999651403	10.2765085474126
1027.75576150219	172.696749246953	151.233659493926	1036.06904051846	1126.93476396704	1079.9019269344	1182.97294107215
2037.71488644157	342.585421270378	292.578964328633	1960.81388190587	2065.54182864301	2043.32752892981	2520.68073941534
866.314844110998	287.827915411588	250.311095393151	657.74417255517	762.784021474663	757.373436686659	807.439957296703
391.526004381786	116.008690296988	92.6790887667903	234.623511316038	287.607090064217	326.688358995564	360.852257279145
1522.24802028308	442.272162705611	400.187529737772	1860.57775041735	2168.61050914034	2167.01429303169	2503.06386761978
1594.70575486023	480.707719702646	431.597597478819	875.070298348854	1043.57039003538	1145.90517773317	1142.74775047228
535.805879373126	147.775063888144	118.466366603575	204.907490034045	248.956334877722	307.275638172398	310.35055813186
52.1187213625105	31.9418784176274	32.3795142762636	35.0382937504103	40.5454000485787	34.6655728985106	30.5359111123117
1814.62133524351	377.686386564474	332.326272272549	1456.97208822908	1745.72577592338	1838.38466195381	1896.16263426258
280.932620027191	139.526337044032	126.221938885315	249.703283309886	327.394632167963	274.828661939392	277.759345310066
91.5255594658721	54.5820010323194	47.5028802256561	98.9055633714112	114.815478642237	79.5921553749803	93.3694205164915
40.042432266319	25.9747143176311	21.1339344677409	31.9336348105005	36.7561103244125	32.4469762330059	39.0507324801678
1584.53624825291	234.649952991032	189.817631595581	1996.29569836198	2346.32819720373	2017.53634269332	2116.37353170714
1903.60451805755	331.002102723326	265.822239956631	1972.78899495981	2531.24553574304	2219.42863925424	2369.76287103334
19.0678248887234	14.7424054235204	13.5722514930446	21.289089873667	18.1885906759979	16.6394749912851	17.3232572656384
119.491702636	46.8597886676183	46.3395443833952	134.387379827523	167.107676835731	165.840100746475	181.74739402424
739.196011519509	220.258557220453	190.205410209668	417.798388770715	389.917912616705	489.200564743781	529.974226516563
1202.54415631549	279.930198220416	254.964438762195	772.17303062613	868.505204778901	975.073234489305	1031.4678436303
1991.95210670863	429.986824852677	385.839721016554	1630.83298886403	1926.47489576611	1947.09589856354	2186.25378982954
467.79730393668	140.403861176384	122.344152744445	231.075329670427	220.915590918891	286.198969850103	254.27018291598
185.593495583574	40.541614914681	38.3900827946119	212.003853325267	193.632704904895	216.590499469894	271.299825651692
600.000889831828	140.052851523443	127.191385420532	357.479300795325	405.454000485787	393.523583543892	417.519861554877
516.102460321445	150.758645938143	123.701377893749	317.118734576498	285.333516229717	380.489328134052	399.022146169534
603.814454809573	167.782614105779	149.294766423491	389.856458311527	437.284034168783	468.123896421487	510.889282071368
1320.12907646261	398.22045126152	352.296870898029	837.370868364235	967.784595552056	1075.74205818658	1076.39086670899
370.55139700419	141.281385308737	130.487503640272	181.400786631871	167.865534780564	207.716112807875	199.364265819804
1107.84062603483	275.016063079243	228.789382311323	664.840535846392	735.501135460666	818.662169571226	891.120098325634
1422.45973669876	329.598064111562	301.691761759677	1115.45960483901	1248.19203514036	1357.50383470567	1399.07323509774
384.534468589254	195.512376688115	180.123166243406	258.130214718212	248.577405905305	299.233225259943	293.320915396148
1260.38322514461	287.476905758647	266.016129263674	775.27768956604	835.917313151071	920.440291601253	994.178798329686
1206.99331545619	278.175149955711	236.738843900107	827.613368838804	916.629184275812	993.376656979719	1021.48494961281
29.8729256589999	19.8320453911643	16.868369712784	21.7326125793684	18.9464486208312	17.1941241576612	17.9104863254905
2029.45216232312	540.379360702609	464.9465582903	1098.16221931666	1273.20134731985	1393.83335510331	1428.43468809035
659.11114698687	260.624667308663	247.402755787499	539.767132838599	662.367843784258	700.244572549914	766.627537636979
2150.85064744799	460.700169485011	392.044178841946	1297.30391417658	1543.37770465291	1736.60653992379	1961.93228896602
4004.2432266319	656.563555826067	552.002857152829	3617.37118770058	4287.20239392168	4481.28793973626	4965.60893010976
2154.66421242574	418.754515958566	362.379114864291	2155.96387241448	2534.65589649479	2652.33231361084	2996.62989242551
134.745962546978	51.5984189823212	53.5134487440045	86.4869276117722	84.1222318764904	103.996718695532	92.1949623967872
161.440917391191	69.8509209352512	61.6567996398312	72.2942010293275	94.3533141317392	92.6264107848203	85.4418282084875
1451.06147403185	327.140996540975	278.812823528545	928.293023033021	1044.32824798021	1158.38478397663	1144.21582312191
264.407171790297	79.3281815646571	74.2596045976584	80.2776097319526	84.8800898213236	98.172902448582	103.352314533978
725.212939934445	193.932833249881	163.836464451753	506.059407205292	557.025589452436	627.585531754635	640.960518828619
45.762779732936	28.6072867146883	26.1750564508717	45.2393159815424	35.9982523795792	40.2120645622723	32.5912128217942
898.730146421827	206.744685582226	179.735387629319	869.304503174736	970.437098358972	959.543057830773	1037.04651969889
333.051341389701	104.249866923465	86.8624095554855	128.178061947703	151.571588966649	207.716112807875	221.091741034334
102.330660236149	50.0188755440869	51.1867770594825	145.918970175759	180.370190870313	183.034224904136	184.096310263648
113.135761006425	27.2032481029245	23.8483847663498	65.1978377381052	43.5768318279117	55.742241220805	54.6123025662497
504.661765388211	174.276292685187	153.560331178448	180.957263926169	214.473798387809	208.54808655744	211.402461546773
1179.02717228606	274.665053426302	246.045530638194	868.860980469034	1121.62975835321	1201.92474353716	1299.83152398273
12.7118832591489	8.77524132352402	8.33724020287026	16.853862816653	17.4307327311647	19.690045406354	19.0849444451948
655.297582009126	110.568040676403	103.73077926827	405.823275716777	486.923729555361	533.572498053875	579.007853014217
3234.53869529044	577.937393567292	491.897171969345	2452.68056252872	3073.87182424365	2943.52312595833	3163.40294542352
1355.08675542527	299.060224305699	261.944453815761	1007.68358735357	1127.69262191187	1176.68820646704	1243.45753423692
186.229089746531	80.732220176421	85.505184406181	78.9470416148484	87.1536636558234	85.6932962051181	102.4714709442
80.0848645326381	30.8888494588045	31.4100677410461	32.3771575162019	41.3032579934119	41.8760120614008	41.6932632495025
20.3390132146382	11.4078137205812	9.88835465921822	9.31397681972931	8.33643739316571	9.15171124520679	10.8637376072647
1179.66276644902	288.52993471747	243.524969646629	1150.49789858942	1319.43068195468	1408.25423342909	1444.58348723628
1186.65430224155	271.330461723363	221.615477950714	848.45893600677	970.437098358972	1035.8073182075	1108.98207953078
53.3899096884254	33.6969266823322	32.7672928903506	34.1512483390075	28.4196729312467	31.0603533170655	31.1231401721638
718.221404141913	314.855658688042	317.3967956302	493.640771445653	548.310223086854	518.042321395342	576.952551304735
1341.10368384021	294.848108470407	272.220587089066	1035.18199510706	1256.52847253352	1281.79422349533	1354.7374410789
146.186657480212	74.4140464234837	64.7590285525271	80.721132437654	81.8486580419906	90.4078141193156	86.6162863281918
64.8306046216594	57.741087908788	58.3606814200918	37.6994299846186	41.6821869658286	43.8172841437174	41.9868777794285
1927.75709624993	617.60148434962	575.269573998048	1401.53175001641	1526.70482986658	1454.29011423832	1641.8924513466
851.696178362976	333.108160640972	300.528425917416	459.933045812347	513.069828652108	556.313113875298	603.084244468155
24.1525781923829	16.1464440352842	16.868369712784	17.7409082280558	14.3993009518317	22.1859666550468	20.2594025648991
1578.18030662334	328.194025499798	295.293414627242	1111.4679004877	1311.47317353393	1391.33743385462	1474.82578381867
1268.0103551001	351.360662593902	296.650639776546	677.259171606031	726.785769095084	868.857919128269	897.286003454081
752.543488941615	205.340646970462	171.592036733493	640.890309738517	802.192634605992	710.505582127873	764.27862139757
50.8475330365956	41.9456535264448	41.2984224002643	58.9885198582856	54.1868430555771	56.5742149703693	55.786760685954
2298.94408741708	534.938711082024	456.803207394473	1681.83810001969	1799.53369000654	2073.55590849731	2112.26292828817
911.442029680976	306.080417364518	266.791686491848	467.472931809271	456.609411762031	590.978686773808	576.071707714957
1418.64617172102	399.975499526225	356.174657038899	765.520190040609	835.917313151071	989.494112815086	1042.03796670764
555.509298424807	177.786389214597	154.723667020709	359.253391618131	368.697890161375	386.313144381002	421.924079503768
54.0255038513828	16.8484633411661	16.480591098697	47.4569295100493	53.0500561383273	56.0195658039931	61.3654367545494
341.949659671105	104.951886229347	98.1079893640082	332.198506570345	483.892297776028	328.352306494692	405.775280357834
2299.57968158004	462.455217749716	388.94194992925	2455.34169876293	2922.67916424942	2828.43342393527	3294.9422548304
401.059916826148	146.19552044991	138.436965229055	427.555888296145	519.890550155607	588.205440941927	618.939429084164
31.1441139849148	27.9052674088064	22.6850489240888	23.0631806964726	20.4621645104977	19.1353962399778	25.2508495736423
359.110702070956	108.637487585227	93.8424246090513	240.832829195858	289.122805953884	305.889015256457	300.367664114373
2696.82603342844	602.68357409963	502.754973163781	1747.4794604635	2139.43297826426	2291.81035546633	2522.14881206497
1956.35883358302	488.254427240876	419.964239056209	1401.53175001641	1794.22868439271	1702.77294077484	1875.90323169769
952.120056110253	319.769793829215	296.650639776546	504.728839088188	551.341654866187	577.944431363968	582.53122737333
1407.84107095074	253.779979076315	208.431005071757	1531.04038008122	1962.47314814569	1616.80231998653	1772.84453169363
1084.3236420054	339.601839220379	281.139495213067	725.603146527483	838.569815957987	841.402785392649	851.77575131554
417.585365063041	134.261192249917	122.150263437401	147.249538292863	137.172288014818	139.771589926795	143.871119663776
92.1611536288295	36.3294990793894	31.4100677410461	71.8506783236261	84.8800898213236	88.7438666201871	82.2120683793006
1892.16382312431	456.66355847619	420.545906977339	712.297465356442	862.063412247818	944.01288117224	1037.92736328867
231.991869479467	144.089462532264	135.528625623403	138.379084178835	156.876594580482	144.76343242418	159.726304279784
34.9576789626595	26.1502191441016	25.5933885297413	30.6030666933963	26.5250280691636	27.4551337356204	28.4806094028292
1496.18865960183	275.893587211595	227.044378547932	1228.11437208716	1409.61577738984	1314.24119972833	1554.39532142863
98.517095258404	47.5618079735002	39.7473079439164	89.5915865516819	63.6600673659927	112.87110535755	86.6162863281918
10897.8975180684	2066.74483651638	1766.13769785919	7112.33010862758	7741.51890647161	8733.50577375916	9614.40778242929
565.043210869169	130.926600546978	123.119709972619	556.620995655252	619.548869901179	681.663825476312	808.908029946333
203.390132146382	100.388760741115	96.9446535217472	117.089994305168	132.246211373402	129.510580348836	122.143644449247
412.500611759382	157.25232451755	156.4686707841	293.612031174324	362.256097630292	384.926521465061	407.830582067316
33.6864906367446	21.4115888293986	20.5522665466104	19.5149990508614	21.5989514277475	24.1272387373634	23.1955478641598
865.67924994804	203.234589052816	183.807063077233	639.116218915711	793.477268240409	725.758434203217	820.065382083524
1838.77391343589	463.157237055598	404.646983799773	826.2828007217	936.333490841476	1088.77631359642	1124.54364961686
562.500834217339	108.110973105816	94.4240925301818	322.441007044915	397.496492065038	406.83516353692	407.53696753739
178.601959791042	41.0681293940924	35.675632496003	254.582033072601	236.072749815556	244.877606955079	303.010194883708
1334.74774221063	276.946616170418	234.606061522628	1123.44301354164	1305.78923894768	1279.85295141301	1379.69467612262
197.669784679765	79.6791912175981	75.4229404399193	83.8257913775638	99.2793907731553	99.2822007813343	85.4418282084875
1660.17195364485	289.231954023352	241.392187269151	1945.73410991202	2242.12272978916	2140.66845762882	2225.30452230971
1964.62155770146	602.332564446689	538.430605659784	1396.20947754799	1559.67165046682	1706.37816035628	1727.33427955509
666.73827694236	204.63862766458	182.062059313841	403.60566218827	427.052951913534	441.223411852243	493.859639335656
2161.02015405531	515.808684996742	448.659856498646	1289.76402817966	1375.51216987234	1547.19384960632	1613.41184194378
789.407950393147	232.894904726327	196.797646649147	781.043484740158	887.072724427315	953.719241583823	936.630350464175
565.678805032126	225.699206841038	222.003256564801	494.527816857056	591.887054914766	611.223381346538	631.564853870985
1155.51018825664	340.128353699791	300.72231522446	751.327463458164	776.046535509245	901.859544527651	958.651440208631
874.577568229444	240.792621917499	211.145455370365	555.733950243849	577.487753962934	680.277202560372	648.594496606697
143.008686665425	47.3863031470297	44.4006513129602	78.0599962034456	86.7747346834067	108.156587443353	100.709783764643
216.102015405531	96.3521497322937	90.1585277752249	113.985335365259	104.205467414571	128.955931182459	123.024488039025
586.653412409722	149.003597673438	144.83531236149	537.10599660439	647.968542832426	669.461543816036	753.121269260379
105.508631050936	61.2511844381976	54.4828952792219	94.4703363143973	128.835850621652	115.367026606243	120.969186329542
60.3814454809573	34.3989459882142	40.1350865580033	40.8040889245284	42.4400449106618	46.8678545587863	37.8762743604635
2394.91880602365	781.171982620108	691.797047531188	5269.93678914398	6460.73897970343	6010.73301601855	7136.0075353233
528.178749417637	164.44802240284	162.479239302448	333.52907468745	424.021520134201	411.549681451118	429.851671811772
114.40694933234	19.1300260852824	13.9600301071316	114.872380776661	139.066932876901	101.778122030027	115.390510260947
8515.05500114089	1359.46038584034	1159.65194542714	8332.46107201212	9070.80174170913	8750.42257333363	11644.1650278082
189.407060561319	46.5087790146773	53.1256701299175	190.7147634516	177.717688063396	151.419222420694	236.653311120415
259.958012649595	162.692974138135	159.570899696796	428.442933707548	463.809062237947	422.642664778641	446.587700017558
1224.789952019	352.062681899784	310.029001962548	721.611442176171	804.466208440491	901.027570778087	912.847573540163
313.34792233802	129.347057108744	125.058603043054	134.387379827523	137.930145959651	138.107642427666	149.449795732372
205.296914635255	51.0719045029098	43.0434261636558	237.728170255948	280.786368560718	277.879232354461	320.333452149346
121.398485124872	37.3825280382123	33.9306287326115	136.60499335603	137.930145959651	135.611721178973	160.313533339636
739.831605682466	223.944158576333	194.664864271668	472.795204277688	480.860865996695	569.347369285138	563.739897458062
507.204142040041	179.716942305772	166.938693364449	267.887714243643	260.32420405022	281.484451935906	280.108261549474
753.81467726753	189.720717414589	167.520361285579	318.005779987901	361.877168657875	374.388187303914	400.783833349091
304.449604056616	104.600876576406	96.7507642147037	106.001926662634	119.362626311236	113.425754523927	131.832923936807
265.042765953255	96.7031593852347	96.5568749076602	277.645213769074	274.723505002052	293.96405817937	337.950323944911
1414.19701258032	339.075324740968	283.853945511676	659.961786083677	744.595430798665	884.110771203614	946.906859011588
371.822585330105	114.429146858753	102.955222040096	315.344643753692	329.668206002462	336.672043990335	330.022731636907
1435.17161995791	308.712989761575	245.26997341002	995.708474299633	1183.77410982953	1308.69470806457	1365.01394962632
205.296914635255	82.3117636146553	72.3207115272234	91.8092000801889	93.9743851593226	99.2822007813343	95.1311076960479
354.661542930254	100.564265567585	90.3524170822684	187.166581805989	247.061690015638	247.928177370148	246.04897607805
844.704642570444	179.01492299989	133.589732552968	679.476785134538	774.530819619578	813.67032707384	879.081902598665
82.6272411844679	52.3004382882031	44.2067620059167	82.0517005547582	69.3440019522421	79.8694799581684	76.6333923107052
1552.75654010504	415.595429082097	365.0935651629	1030.30324534434	1073.12684988388	1287.89536432546	1278.39766329813
486.229534662445	166.378575494015	142.120862062881	179.626695809065	169.002321697814	194.959181981223	194.960047870913
1256.56966016687	318.892269696863	296.650639776546	662.622922317885	767.710098116079	860.260857049438	904.626366702233
1702.12116840004	409.979274635042	370.522465760118	1091.50937873113	1248.57096411277	1330.88067471962	1408.7625145853
835.170730126083	181.471990570477	159.570899696796	586.337016937245	735.880064433082	663.08307840271	714.657765840063
681.992536853338	173.925283032246	174.694265646188	370.784981966367	404.317213568537	420.146743529948	423.685766683324
142.373092502468	61.6021940911386	68.4429253863535	78.9470416148484	71.2386468143252	92.0717616184441	94.2502641062697
542.797415165658	249.216853588082	245.26997341002	365.019186792249	404.317213568537	382.985249382745	438.95372223948
40.042432266319	21.93810330881	23.0728275381758	37.6994299846186	40.1664710761621	49.3637758074791	45.8038666684675
678.814566038551	220.258557220453	184.000952384276	414.693729830805	453.199051010281	533.572498053875	531.148684636267
1267.37476093715	231.841875767505	184.000952384276	1038.28665404697	1306.92602586493	1179.18412771574	1301.29959663236
598.729701505913	197.969444258702	181.868170006798	493.197248739952	536.563424941939	665.024350485027	631.564853870985
285.381779167893	116.535204776399	110.129126400705	173.417377929246	177.717688063396	174.159838242117	184.389924793574
1344.281654655	230.0868275028	210.369898142191	2035.3256964637	2291.76242517574	2237.17741257828	2396.18817872669
