LL20_1	LL20_2	LL20_3	LDZT8_1	LDZT8_2	LDZT16_1	LDZT16_2
8.80631243053401	9.00567702667062	8.9416918242857	8.68163766861248	8.60687517622795	8.67648205703734	8.5868688068222
6.36446153368508	5.71015556963919	6.21623911595042	6.06432844700064	5.98954067802141	5.99077996500128	6.06111499549292
6.16383868118161	6.04471239321675	6.08194154045872	7.000666450788	6.92493666480784	6.68520569088897	7.00123449635398
11.2482666741887	10.6727590314485	10.5666198014999	11.440469343612	11.4160118361815	11.4317751541381	11.4491892412631
10.4069672566716	10.2955747807442	10.22316232438	9.98079001061915	9.92612061327491	10.1199694834457	10.0574770071217
8.09880482291172	8.00965928557273	7.83210191176794	6.82306207565461	6.94419676139066	7.03179907937599	6.92112743442456
9.67335522396969	9.50385376181151	9.32801411152452	9.84209591988203	9.83361473916987	9.76448172324905	9.72717021266803
8.53301835121009	8.70005138747583	8.61500035613925	7.80924632161698	7.64899550937498	7.81562742352531	7.74741781142181
10.2972307383228	9.93211224859735	9.94894760049563	10.1828980623551	10.1364445284416	10.2657638751687	10.2284702388741
9.23691757744546	9.12602418738249	9.22882452045435	8.82087791205461	8.85600509130304	8.87607995636095	8.89185478192935
10.7413895461642	10.2874722211468	10.237206258549	10.6756241073242	10.7433989540801	10.877727972779	10.8377391528353
8.6613799900144	8.49843861393197	8.57132196919778	8.93191248846189	8.95664564527818	8.89781077555108	8.85445505674963
6.35052041119855	6.95878558839631	6.92631472464095	6.25407349229928	6.30967713075851	6.19052766075816	6.21794449668383
9.44065495618604	9.26552551368621	9.29570275942124	9.57210254806567	9.7987699093574	9.89899020860419	9.91913807856447
5.20298244879212	4.8865796585218	4.78566356263957	5.43973471443906	5.57749359456572	5.59597006290362	5.52977790240162
8.01731918058163	8.37971361697047	8.399527199391	7.02090283983906	6.94738192734477	7.3811060155121	7.2376913501372
6.81889605877674	6.89997898121068	6.98538927478286	6.00867200484999	6.0018477962733	6.06325540949078	6.08912652115733
7.13171490488297	7.42635636267089	7.61359233344888	6.16958702546903	6.14743385669846	6.37268042114921	6.28521783816454
8.11126045041679	8.23455546489661	8.32143384944945	7.03290981337827	6.87228280368539	6.96882355469609	6.92335200955793
6.15584467966485	4.90663038463638	4.70361919634363	6.53301051315258	6.6596015744842	6.73825543987463	6.92112743442456
4.9305606314319	4.46788769554607	4.12249758805768	4.92507404425752	5.04683679109685	4.93727725683919	4.99940623698925
8.02392226725829	7.86854290253032	7.78964243622436	8.17338588950986	8.16897502446186	8.12641604946293	8.09596346314863
5.39177972901378	5.46175233490603	5.47106904758903	5.008503261129	5.12767129020186	5.07560771267396	5.15135849824595
7.23397406962797	7.11776601622396	7.27305344069508	7.22656793218677	7.27854466654019	6.79193489760348	6.75870413844464
7.77006657349372	7.7206328683754	7.8449188892927	7.15878406510743	7.0605465011579	7.13233158363892	7.20880123079229
6.263920442775	7.11345861881099	7.17495630229283	6.06432844700064	6.20178966303873	6.22066572869457	6.20702967015633
10.253417987057	9.69470505429172	9.59404164275972	10.9125781793652	11.0286541198033	10.9059698150855	10.9680409661963
9.0894295320987	8.58031049156481	8.70562359447545	9.16707837367442	9.27073848461314	9.20344767711883	9.26511178311509
9.98333901586654	9.53478559057225	9.4958777024627	9.82493413108619	9.94973949774943	9.74614397724176	9.67201230830368
8.13991208301826	8.75362481693934	8.88076114671341	8.42796962933862	8.3922565735696	8.45589540772729	8.4022226324113
8.63142570340805	9.1461956749249	9.05495910539552	7.78341881122644	7.73997108989692	8.00827933824251	7.81007233195904
8.28440529125681	8.54075747169897	8.60373286638367	7.53310430309214	7.57060589063456	7.58020864834865	7.52962628455673
6.38512384361136	6.4104179135955	6.69105184037121	7.42791453701576	7.2683926693047	7.41245374323944	7.33280788527137
10.6536337480839	10.3951918870459	10.3324315245144	10.2266802809111	10.3057711414627	10.2886182162823	10.3140398963548
8.08202825509638	8.25033503117317	8.30992440376085	7.79756383069692	7.77803730112033	7.91689353278577	7.84921007833326
8.88820959698294	8.78646354787749	8.66464261682358	8.90712074375683	8.83809839018769	8.78509746975065	8.74614993298072
6.77781557093468	7.019898983611	6.95615434111372	7.13298581490025	7.42739816074131	7.21699850590454	7.44544712729602
7.0216509365707	7.42982493557031	7.45961084408478	7.19485640931924	7.13786125626762	7.41245374323944	7.42046537453236
9.55676707956354	9.27133725302468	9.2029236845565	9.68293264995425	9.89758725601722	9.8585308573712	9.74362934139836
10.9853244915809	10.950814302024	10.9252894086796	11.2530186660027	11.4124147848707	11.3610231925614	11.4645463815446
7.22636022608994	7.46405958595689	7.39571700323546	7.12552935361987	7.12385279325724	7.28810322379012	7.2955103572587
8.48596794937981	7.53984650413844	7.35149285933579	8.4309974413227	8.95980350379468	8.36352242704276	8.39021023379291
9.74504521480948	9.54920921293965	9.51805412140992	9.68166209084996	9.5590385089145	9.60367669025712	9.53579859814473
6.91201539435651	7.57786161525669	7.60984262107632	6.63105420702407	6.38208125209246	6.49486125406095	6.33619778619784
6.41891674070584	7.12206059168091	7.15451028914839	6.26768580062349	6.45997326380529	6.36595405464853	6.31940383016338
8.2187713008142	9.11959520078356	9.32915481071748	8.37863994016955	8.18660320094926	8.30582257420821	8.3477753983382
11.4766229135504	11.4428713570815	11.4979743831041	11.1195719379607	11.0763512669173	11.2639616012081	11.233519905158
5.58275808631512	5.48860757054276	5.45444003217073	5.24705583268183	5.66521983779101	5.38596297163911	5.42692176818199
10.4145251297079	10.7287452522661	10.7370151186246	9.88578400922355	9.86005225354931	10.0581989933911	10.0288370334662
10.0688420431694	9.53075330390726	9.37957458975748	10.5728014940704	10.7550337762669	10.5800857585034	10.4909417628405
9.60893731681318	8.93786709310444	8.77088032520435	10.0409856185067	10.2019175989854	9.91664621485512	10.0035648661689
6.4905872012702	6.68460185891878	6.52577869979421	6.6098352567914	6.61623200586674	6.63013057924742	6.55857523590888
9.22931924639569	9.42000819506682	9.4494265775624	9.21529287878626	9.39841672636145	9.44438672190894	9.45622041516251
8.39550932032055	8.34522950157202	8.23887017147851	8.74383446666156	8.76416263977294	8.67851932769779	8.77538403331943
8.16800576486361	7.95533917231791	7.93158439366494	8.19135326620211	8.15939295053476	8.18395771822706	8.09300210118345
9.67685103580298	9.14408559303561	9.16509675339368	10.232332015519	10.1885202458558	10.1873340810258	10.103328053928
7.99956175619648	9.14830267512366	9.34953465575159	8.3095800459961	8.09047498451416	8.13039054226272	8.31256589068886
11.3797775655148	10.9812732694112	10.877358062549	11.3609423222048	11.367941580848	11.5048749000399	11.4443564157772
5.76195910287445	5.50185004982842	5.59762186306118	6.03278812784997	5.96460695259131	6.02960232874331	6.09703093116419
11.1460425187224	10.8995136711961	10.8901674534992	11.2392662492328	11.127093758725	11.16499073427	11.2586243831334
6.9261841930149	7.43328518929765	7.4679201562143	6.43988954602449	6.29974278331056	6.15194759985086	6.19970697390316
7.88091060524011	7.89387922205373	7.9042912738898	7.91033817727088	7.93067749759175	7.99852737358017	7.90768155653484
8.32418312515014	7.74867813855925	7.79295328444582	8.64690207844101	8.7650654890347	8.78635749148949	8.8602723444761
12.8160589487805	12.2961344220352	12.1921932361723	12.644587545462	12.602808030803	12.6933187874576	12.7009858327916
10.4707870811348	9.80231877137069	9.6850590205373	10.8335517706083	10.8738379045268	10.8616796184779	10.8148552952162
10.7293194147385	10.128998431091	9.98919283119927	11.459869823844	11.52435890693	11.420153859718	11.509568132556
8.55141711197163	8.6812572032971	8.70210588317201	8.84150518727322	8.86445460000805	8.86359905963228	8.77291895847118
8.8638795245789	8.65778465966915	8.62246342258326	9.3104335914651	9.21368280363461	9.17679162219104	9.15914128033532
5.49676896837278	5.73279667697008	5.72786915718651	5.79969202362522	5.62600416246657	5.76909820157408	5.74124605213778
6.10692758042594	6.25485098827428	6.35709898550856	6.90373887730426	6.71297815052634	6.74345468687722	6.76615958679339
7.30436935615934	7.69779738625383	7.67229901663201	6.82766445755825	6.57975174489145	6.79694458094641	6.63928243730304
9.98953698487452	9.63058881377039	9.66803054416074	9.69431760774477	9.66102100256261	9.71107806377261	9.64900879143415
10.0051945190732	9.5547796850953	9.52702894858712	10.2733962569428	10.3464524721119	10.2331008784794	10.31784982461
6.01269736378252	5.73279667697008	5.92180104726097	6.08753929394732	6.14743385669846	6.02106496262607	6.06917393586178
5.50937134944016	4.90663038463638	4.91282038120746	5.51013634087791	5.69584260162265	5.56693884474915	5.59820632393075
6.93087637151673	7.209413864903	7.02534778048907	6.39717961595439	6.51252903217035	6.47311790562649	6.2033729677528
8.73298124819892	8.90459912293488	8.75399162774562	9.2011743167242	9.11374247363524	8.95719514147166	8.89582521881078
10.0327386064398	10.6628446472804	10.8257603549599	9.853424734681	9.68983327258133	9.79014607742514	9.74551644477198
10.2761822345661	9.71261423448812	9.56140978037104	9.8874381847271	9.91192447441053	9.88846797027484	9.85299247519811
7.28983205273067	7.33311583634243	7.40872415312451	7.67010452739012	7.7636540678593	7.40754916117857	7.54704295767376
10.3980994031197	10.007749692108	10.0198934873527	10.5503531508704	10.4500152647081	10.49863771404	10.5552920578819
5.80348560537348	6.06269684099968	6.18633832290454	6.86396433057458	6.66348037335545	6.62450564463928	6.53258159562746
5.96774266577421	6.66118442840365	6.82645614437192	6.45186370392139	6.25417177413929	6.19812140357454	6.18123596344549
6.1717886342829	6.4104179135955	6.40980526141365	6.07984375985918	5.86032593400626	6.12032312236292	5.9212004232898
6.13972255989051	6.38919496133115	6.42695465555825	6.09519399930606	6.04411433044122	6.02533996037823	5.99496976434035
7.98384266930932	8.07314128161441	7.94652706084562	8.12185315424974	8.1662437769554	7.95436954903357	7.92443752902662
9.05760323382164	9.11636993207901	9.0590899595783	9.65859858057206	9.6191927608109	9.34228179560743	9.34611113035879
6.37826923372151	6.32358610404833	6.4606537557817	6.85947648071451	6.64790221368479	6.56408066641093	6.7361038077736
6.73015719486287	6.85424554995329	7.03656413003591	7.02090283983906	6.92170150192995	6.88661753729773	7.1396902198564
8.74635245844762	9.25089290539368	9.35626446003012	8.62855630423028	8.60888809520597	8.61398649071635	8.68256264002333
10.1814113816308	10.1053333195885	10.1332909040343	10.0429660092391	10.0247832915691	10.1916200591711	10.1077362132602
5.71920191503863	5.60362962578086	5.96939750698372	5.95919570374879	5.74059157307938	6.10424708465472	6.00340566530628
6.75153328502528	6.99201410739693	6.76709135557874	7.59109997655164	7.60328261313426	7.57000213727172	7.67136855749404
7.92626219501225	8.36348173715508	8.38862649590935	8.29635881505248	8.33382233384571	8.49186780825677	8.48813571916348
8.39890005133231	8.33601605304021	8.32372476117396	7.31444781557632	7.22443149797211	7.27559617834765	7.23590256788265
9.33399049628384	9.83865345970742	9.90295829539806	8.75112105391065	8.6909906001264	8.82365533171082	8.75179400031296
9.26040766675363	9.07487990823772	9.00444366400157	8.22663034333707	8.36869100471509	8.05816213270979	8.05596988302424
8.36462870143621	7.99802331170395	8.07174878354967	8.45944908962062	8.5388223877605	7.94537344769269	8.07109769515723
5.95858116525549	5.99874535157167	6.08194154045872	5.5440895686258	5.51875630310862	5.51923861324017	5.54719164183875
10.2627529429805	9.49890859005335	9.31540653044763	10.6624808068252	10.6270517076757	10.6013607094861	10.709874590305
9.27524305685872	9.09795594896784	9.16637376130276	9.45502224667515	9.51356113396169	9.55238615087993	9.65102372187593
9.44394134763758	8.99166371474241	8.79584836329133	9.54441029810901	9.65859380346054	9.55793007866346	9.53579859814473
12.7112028156119	11.9599252963661	11.7604065897581	13.7797641394527	13.9202434471339	13.7475344289355	13.6917987232751
6.37138190171248	6.667074516185	6.4606537557817	7.17693297428237	7.33557168050941	7.25390000033121	7.09894024109279
5.76195910287445	6.16613560320837	6.04909041131688	5.88164688499312	5.74059157307938	5.87711403709757	5.82453682013369
5.74073888619888	6.04471239321675	6.19637426490335	5.60968921403734	5.83990548490825	5.83876464489317	5.91226838841459
6.25646355719864	7.03819391065696	6.8069380408304	6.2945310812144	6.18569685612385	6.02960232874331	6.05301078765599
6.99501318750474	7.59958314133609	7.66147193990468	6.44588904742225	6.55072642828422	6.50714046494845	6.54129828190014
6.20315750003967	5.88205404970289	5.64235680666478	6.57193418070126	6.69414097385434	6.6046438546976	6.81490165737489
5.59463436155761	6.3085921280138	6.28368817222169	5.63090932793564	5.67293667471092	5.64679819088003	5.50027968101769
5.81368313458459	5.33430593223204	5.47106904758903	6.60448139629251	6.40543040829012	6.46054440756707	6.4941886157223
7.9449391701179	8.55353280510534	8.57517302495961	8.01089126342275	7.95303447459804	7.97551311909696	8.07810341959625
7.93095415536807	8.65185636329138	8.74033686232759	8.02097354873789	8.08180523938538	8.02225014465135	8.04375237409442
5.95858116525549	6.28580487979152	6.24553278986278	6.00867200484999	6.07356417059498	6.17906157642012	6.08117856763113
9.5315025091104	9.44422041834178	9.44100971370762	9.17251580447434	9.23469232444322	9.21003544054189	9.12765280472109
8.34718281750485	8.65334072273735	8.66825275499546	7.8994492611707	7.76726334183482	7.75899236735823	7.76860642708349
8.45372632619557	8.35438448382813	8.2629458483119	8.58844031055495	8.59879529702535	8.45113653000345	8.41966184491863
9.83790635844505	9.40774797939538	9.35402467821596	10.020025716095	10.0853129433426	10.0238911675817	10.0035648661689
8.30443129722871	8.1466502630345	8.24613515433595	7.43396402774483	7.6352355833761	7.56119585829243	7.55567307689714
15.5338941621595	14.7079050034802	14.5674149706681	16.1807881625551	16.2316790575478	16.0889168636834	16.2329405467992
10.2135379004243	9.25285251602237	9.10109686542054	10.9169041367905	10.9110205151186	10.7386860588005	10.8689479207607
7.81644575972421	7.29177868824389	7.31049785336691	8.22488682666249	8.47735005604105	8.11241846004836	8.17743814778847
7.04347941870265	7.58410120876489	7.74247461558064	7.37229638432368	7.3997612271691	7.2720027311564	7.45470487512029
7.59488385477986	7.723462056135	7.75271263418644	8.695552878058	8.50571533983272	8.64070443887119	8.64328993254401
6.69196957330589	6.34578888268617	6.80037288362955	7.65205333066257	7.37158451627826	7.32498667858453	7.40622067791961
7.38864508649227	7.13061158048044	7.16987189966608	8.12746339154694	8.27165098323371	8.02438754196768	8.13679666144153
6.13159343507781	5.97994048378697	6.04909041131688	6.42173988450558	6.21241933586434	6.33529119523994	6.62568558080166
7.20327459544074	7.55897926762152	7.68304544422348	7.53591951370697	7.6548526818806	7.50566943010448	7.66739243935953
7.27514677375071	7.71779812158926	7.71829952077222	8.12932863297306	7.96408436976121	8.08298410547531	8.05394080301673
9.52064908342239	10.0960849987146	10.176393315286	9.93086407416054	9.90292915508173	9.89782485365511	10.0171678576691
7.17190763921518	6.94430712554281	6.97376629327037	7.82314157258182	7.58499310959775	7.56413726127453	7.63110547551445
15.5599812400901	14.7671607542414	14.6482697496353	16.3342934191434	16.4625517604585	16.207936927671	16.3486325110396
6.62405741102181	6.15779337849839	6.44390259436678	7.21255990384927	7.60932795023402	7.60327018467879	7.53981154542678
8.94961196442988	9.39626944012683	9.48670635606885	8.80462806231171	8.67474747664524	8.87193164293006	8.98051936987461
10.9245730381862	10.5856490466822	10.6066807348118	11.569205583543	11.5455317347959	11.4904516274131	11.5825549850184
7.04780576109693	6.69616956404643	6.81997940479365	7.91250613291446	7.72520132431481	7.74350651624087	7.96171232353374
7.35062872946224	7.21344448282654	7.28250604720861	7.63114298407132	7.35728707394005	7.44951165437996	7.46543102924839
6.88808705168836	6.57609400563533	6.51779704240279	7.50176890309558	7.41594704167642	7.32671973142508	7.2782328481527
7.1679383809032	6.80167021547801	6.92631472464095	8.02698927161654	7.75095002389434	7.68120067474972	7.85737726703314
11.45479704779	11.2180962216914	11.193641529752	12.094016278638	12.0385414324581	11.9743880956928	12.0494766241787
5.96774266577421	5.74398537824799	5.76879699068412	6.20539284203453	5.95830560796366	5.84844797534258	6.03254884547514
7.20327459544074	6.98259808031781	6.9679194985961	7.71551062371329	7.87823617105723	7.58456085971327	7.63518272638985
9.02286302593391	9.29625438022711	9.44206451103908	8.68417771013272	8.54619418193545	8.61540510266282	8.69172672473618
10.1338753335153	10.6386934593083	10.7370151186246	9.10207950943566	8.92063512261367	9.10084152267954	9.11942958575242
7.86138029625879	8.4325376638423	8.48593600381362	7.0953120517835	7.1011524282207	7.17912832034985	7.1624693597736
9.54839461940755	9.95456067708844	9.98050730376806	8.40197338693119	8.2460123504609	8.42305912125044	8.43299468179878
7.13578494209694	7.5747316695806	7.71131728655549	7.07609971398998	7.0248079727506	6.88896543628565	7.06105241988045
13.2660792014939	12.9232180880378	12.9150952151983	13.1357911407046	13.0546256074782	13.1507574495661	13.2984016006391
9.01735849777138	8.93420830988454	8.96975649355197	9.64170927102484	9.63705651091929	9.49612773500771	9.55744475862955
8.61984893504511	9.3766337167005	9.5120397350792	8.83122841471839	8.64170207841311	8.69873535264519	8.8838809759953
6.64133749028005	7.019898983611	7.09137399703514	6.57740996162553	6.57564085133309	6.57578698670663	6.61195936284422
7.64999222261555	8.63091335954831	8.7038658109724	7.86628054423883	7.71215256715489	7.66485201405302	7.82442738468035
8.13991208301826	7.99568481253021	8.19699625406091	8.3291874519254	8.17033871166144	8.1540102719549	8.25808606171664
6.4905872012702	6.2934406885863	6.80037288362955	7.2745518982712	6.9819623473949	7.00607278107851	7.07912336509404
6.82394983863087	6.39630402301332	6.41840543927466	7.15146008912161	6.98816160664752	7.01469928617148	7.12430182873952
10.5089436155991	10.0568056950531	9.9060193188602	10.8755520443787	11.0158157031511	10.9005982380969	11.041691210411
7.64714366863806	7.29558593741749	7.21005407478084	7.72787388833312	8.01050526628924	7.86655324238963	7.94209863235444
9.09362048121996	8.73971829039911	8.71960929008521	9.24312214089941	9.35410324493117	9.12145573814509	9.09496838259468
5.58275808631512	6.05373263901437	6.00409196185462	5.51013634087791	5.44856290399831	5.63565677826924	5.51215143343657
8.77142131996397	8.89082245753507	8.86511772689748	9.05771393074699	9.28276663147444	9.05714277117341	9.14681864474748
7.45529927206696	8.07978015295126	8.00764912982258	7.15146008912161	7.04576288584911	7.12836246450216	6.97787998080515
9.99570844062918	9.89369478527578	9.87354999371495	9.7359224655179	9.77789911293971	9.82673514527984	9.72876100592878
5.05611381141594	5.12773772442759	5.21877375711673	5.23324762496547	5.31685536366235	5.36587745356543	5.34963366255093
13.6476453653727	13.0917116938942	12.9478600869681	13.6445891687096	13.6442046627	13.6986415235775	13.6740942076309
10.2789451696757	9.50385376181151	9.34615794458542	10.6595795948707	10.4463614001604	10.4443965127324	10.5025192165819
5.75138800550949	5.9121235242825	5.86000873047402	5.58815235539296	5.72582892030058	5.76399090540635	5.55294983046916
12.8323732625683	12.2110038470323	12.0833387068941	12.7713137263562	12.7613648334101	12.8004470274836	12.8077967984578
4.98571182409833	4.54665572318531	4.3552165227023	4.83652424256545	5.0228844304983	4.91901503259959	5.12067121337509
9.37760708983559	8.68561610433857	8.64278999467744	9.76140428217896	9.70778784754483	9.60009853246685	9.61052569861083
10.3384282853743	9.66631509316246	9.58928888380869	10.6637683640094	10.5607464146406	10.4974841655338	10.6739929756068
9.14096117513433	9.41651589490161	9.36518897584524	9.12749859656093	9.16662915375726	9.10841752073103	9.08357542967291
8.06931654933248	8.11898434269965	7.94355088316064	7.74257129974028	7.86650603200058	7.98102609575729	8.01170309482593
9.92691274777074	10.0330564410428	10.0395390384036	10.5891573627297	10.6297803580419	10.5808121041796	10.6640501884899
9.99234546515956	10.1528064314134	10.1482328575414	9.52470451560726	9.60059935392701	9.68293977723067	9.56244913784169
8.48596794937981	8.46332795227519	8.29365534742878	7.56928039632432	7.6837870780868	7.90185876597222	7.81965821999511
5.83386448702581	6.31610859414252	6.4606537557817	5.68263314088198	5.80521571959288	5.63565677826924	5.57575550546918
10.1745037120371	9.80632731768645	9.77235172374322	10.2422773197731	10.3227335740428	10.3478501970621	10.2714528739101
7.64142963195047	8.38150593744735	8.38424304778223	7.82314157258182	8.03316734899096	7.75899236735823	7.68060377165479
6.35052041119855	7.05625974437656	6.99691936606127	6.69290049210315	6.77165572034355	6.33873053893186	6.45474596322314
5.62968769570188	6.03563539847699	5.87258072138465	5.60968921403734	5.73322912733606	5.59021036067432	5.73112335909814
9.98333901586654	9.1238843734984	8.9682929377191	10.6892810998266	10.7415653401046	10.4794852021205	10.4265302931199
10.24213572016	9.61696002645574	9.45152314318754	10.6724294478371	10.8493577961898	10.6147216486662	10.5865096373457
5.18738266424699	5.2891933222177	5.27667397891539	5.32724023008793	5.31685536366235	5.21685917243183	5.29570816351879
6.62984046443009	6.8438826410915	6.96204891267918	7.04876523234614	7.19793208423319	7.13826486287372	7.16998317670893
8.92277499190717	9.03330179905755	8.97121856617285	8.50613465759207	8.26145014050512	8.51409358073915	8.51493553611413
9.59643977307056	9.3766337167005	9.39163598637013	9.35016276253593	9.34567849559751	9.45789240609385	9.42044300448375
10.3062873399096	9.99258434860927	9.98702634659801	10.4020178362145	10.4620356171721	10.4291508787187	10.4724502920167
8.30443129722871	8.3904342911704	8.33966008593308	7.72294128883463	7.5350562900929	7.8106822626033	7.57136211689301
7.13171490488297	6.64336849535819	6.69813252976309	7.61259446672015	7.37395370840397	7.46060377995692	7.65137746989324
8.63861429175685	8.38686957746761	8.39517679658686	8.29635881505248	8.31298328294864	8.22449467523007	8.20055107176218
8.43568141899332	8.49181641663782	8.35542131834047	8.13676557643812	7.85637515441124	8.18012828392518	8.14158166440587
8.64719358223085	8.64441157090672	8.62432317250892	8.41273451185639	8.41314140808507	8.45510335075281	8.46617897433648
9.72694814383173	9.88234698642943	9.85624606033032	9.46317953472238	9.49572272727712	9.59471460085396	9.47946244425328
7.99732663102212	8.3993077301387	8.43174367478044	7.41573892039076	7.20327104882346	7.40918587516832	7.2782328481527
9.48200589961451	9.35124994744076	9.23614014707282	9.14235309846901	9.11657484939219	9.21565825087748	9.21877069175449
9.8316472675215	9.61086121389927	9.63335849115892	9.86522501723666	9.8507265555198	9.92038120032064	9.84450689551664
8.04571680902988	8.86286806207574	8.89315488929982	7.86628054423883	7.68187606783928	7.86774411954622	7.74867285219285
9.66211136020725	9.41476656954623	9.45257028456073	9.35575008976689	9.29281839188895	9.37782262601419	9.36954993931768
9.60159893840843	9.36761926847361	9.28516137392665	9.44681857331171	9.42035985171048	9.48375380697957	9.40699310634443
5.43205117511378	5.67551348745923	5.56700896551089	5.34018155925111	5.33642288599351	5.23173318028842	5.30937964358843
10.3326777796337	10.3210145631364	10.255321354972	9.84323281294941	9.87852472879321	9.95748835519253	9.87355924101673
8.76617974347835	9.27423436672988	9.34840996328794	8.85509465890702	8.97314781970918	9.00072526557561	9.01273885786246
10.4149438528699	10.0917122481214	10.0099694730729	10.0781559045144	10.1489492039378	10.2673439337569	10.3195399018283
11.299508698023	10.6011145269401	10.5023409874272	11.5379507390078	11.6009404243497	11.6164982211817	11.6398184175037
10.4174536429409	9.95456067708844	9.89681669522253	10.7988139816436	10.8512720500572	10.8679418755394	10.9195540249142
6.76210372270174	6.97786692066328	7.16476951525407	6.54423912747552	6.44652963959354	6.61318955351525	6.44238958528025
6.96787434472159	7.40184001034523	7.36490302197497	6.35316667129976	6.56323741937999	6.49177505214967	6.36921038318963
9.85960177445261	9.60012585793334	9.52005335793059	9.60732566419811	9.60161055291485	9.69808207756462	9.56423221754427
7.56501122849487	7.58098478522729	7.62849447814688	6.46373929936788	6.45550595999835	6.55227858427016	6.55571007291794
8.89662910431539	8.85127419928082	8.75738522065415	8.76678353023405	8.73773116488636	8.85100924665673	8.76983167999854
5.73001058478407	6.16613560320837	6.16605454938646	5.89924374536755	5.7183905626684	5.74337899229401	5.6148181226293
9.19169325444832	8.94273108141545	8.89006642097585	9.51546309737909	9.49952510654435	9.43557989153999	9.42790486688509
7.85892031249021	7.96732310716949	7.85128492964757	6.9924917435157	7.08388963958475	7.40918587516832	7.40144101866883
6.46493526078458	6.9345734601394	7.1020904565627	7.14778411116331	7.28862572567638	7.25572052931992	7.18489442161661
6.5709395386556	6.09800686296577	6.03797168519629	6.24721887192529	5.86032593400626	6.0081634390951	5.97794853324957
8.40565769920322	8.69861434146284	8.66464261682358	7.41267889274033	7.49860853780541	7.41408490570385	7.34779233806717
9.56885911782848	9.34941961584823	9.34051246997024	9.51474976103793	9.70119897228862	9.74970103821796	9.74173976638496
5.02134209712581	4.6454092527691	4.64621179861949	5.19101205514963	5.29701884121637	5.29683168657289	5.33634004020068
8.75828149813397	8.05078844180097	8.10409468626879	8.46684403482706	8.55666040046325	8.63091845703267	8.63313253240613
10.9948788679791	10.4176386549496	10.336407856079	10.9826069341613	11.1258642788849	11.0162662034544	10.9965810299403
9.76357581166128	9.47140293206173	9.4304191064267	9.72239303219144	9.70872666376656	9.72000719317336	9.67992832302826
7.13578494209694	7.60572969295079	7.82887979644915	6.44588904742225	6.48210462177148	6.41239308210289	6.54708028514003
6.21858982679425	6.27041094510641	6.41840543927466	5.62033828078677	5.81919186904344	5.7741874829152	5.77612645407823
5.21841539262442	4.96516339840696	4.86329379066196	4.92507404425752	5.03491030517222	4.99943431981792	5.13609642760339
9.56961151562881	9.42000819506682	9.32573000381152	9.90877163125743	9.92854027257846	9.9719573007191	9.88929212101387
9.57786209663798	9.33191466100217	9.19042458518019	9.48154906641558	9.49952510654435	9.54198013782212	9.52081802350176
5.85376744492225	6.38919496133115	6.47721265668189	5.66216557724389	5.56095407313128	5.56106184320893	5.58702458032462
8.88337629658964	9.54521709451663	9.70628531193667	8.73283511360827	8.71641841093044	8.59109691208126	8.62836782717348
9.74903614297707	9.45106421223384	9.48568370928368	9.76020101397594	9.86005225354931	9.83984108296667	9.79949833253315
6.85390630232375	7.49087417123906	7.43439184395658	6.46964064061685	6.41926064753688	6.46684485373593	6.38220677953395
6.02152263101973	7.1348681440188	7.28720922651876	5.74234938932056	5.82612950130923	5.80931850854958	5.78104124031768
10.2599587929157	10.5131090927616	10.5617756869095	10.1873813245834	10.1336509310095	10.0171989382047	10.0688259181539
9.11748499937578	9.62606017492144	9.62780697455703	8.63644736217177	8.62687908851645	8.68731440708047	8.68780638553397
5.30769958649161	5.4064942193211	5.56700896551089	5.21930600730358	5.21482791608748	5.35911966636098	5.36280593067766
9.97768129875335	9.60473650989773	9.60255735068008	9.86017956722998	9.92005365059903	9.95496931696646	9.91830181677786
9.6705524627333	9.70261249671756	9.60914610166777	9.16798603648129	9.10021222509808	9.29791380175281	9.22824873181075
8.94729803123908	8.9329866505824	8.82363274712766	9.09159380197863	9.23599531606182	9.02066978968307	9.00855412235854
5.81368313458459	6.69039730503819	6.80037288362955	6.14766909234978	6.03815153458059	6.02106496262607	5.99496976434035
10.509335816137	10.3064651340827	10.2298960474377	10.4457108787966	10.3656270347492	10.5182978139605	10.4237830546296
9.21111118577592	9.50467631162564	9.45675126617355	8.65857378036026	8.47072425608673	8.76925363642401	8.62632098360691
9.82787873701877	9.88866233542657	9.87198545715254	9.33811655208514	9.29281839188895	9.47830666050496	9.43454871258665
8.53456057502379	8.72708676379484	8.67544604233168	8.30298457577424	8.18795033453809	8.20012035871788	8.2142431530695
5.86361690541732	5.46175233490603	5.53573246652615	5.94231925354661	6.02011384702436	6.012476778054	6.07318658821649
7.89298413769011	7.97683909421957	8.02464728377695	8.19847802719066	8.54829350872585	7.98761397961797	8.16339054343289
10.509727910083	10.0971761186174	9.99854351730457	10.9841537948126	11.0539932104655	10.9594514915542	11.0545605401953
8.10088824296115	8.44801494786795	8.51629912485245	8.53737649697302	8.64464848778304	8.76286706035879	8.72271173536689
5.45828763561795	6.13247332899393	5.96939750698372	5.37832339069764	5.37477943312026	5.28261703151916	5.47016580019429
7.95649067623426	8.02579357577885	7.96131654580622	7.77629395232238	7.87322064248651	7.89603418553334	7.77847087499251
10.7360375064802	10.4779391419611	10.3678300226919	10.5000621788101	10.6105705311333	10.6602762313438	10.674818456381
10.2807841911467	10.175194991249	10.1089243244414	10.1873813245834	10.3614543212138	10.2395549202826	10.25631154713
9.27154848672538	9.56743200100044	9.60914610166777	8.76318417532104	8.72386730681573	8.7389878113885	8.64126416556435
9.81714746347623	9.23611036323205	9.10243177158646	10.3125032850214	10.4882424102324	10.1664371035531	10.1767274145516
9.45212472242652	9.65376297136967	9.53199094419823	9.26364736726073	9.29719411011232	9.25350521210337	9.15677970259676
8.15402730634166	8.32674338666858	8.33739435899492	7.15878406510743	6.96948333885525	6.93967547374842	6.90545861787048
6.35750781120171	6.4923191162809	6.41840543927466	6.34676805253793	6.45550595999835	6.44786036801483	6.33285459732316
10.2336157388312	10.0790662559783	10.1109153969548	9.23794488060483	9.33538185826201	9.41291686702049	9.42907953568974
7.4022245590631	8.427341450073	8.48593600381362	7.08381537770253	7.12385279325724	6.97987939520198	7.02214271506605
5.53425063204941	6.04471239321675	6.13508396835465	5.57726216437915	5.51875630310862	5.48239922367066	5.53560586452987
9.90263497567281	9.35581564285111	9.22515274891913	10.0007959806865	10.0213868791625	9.87491023261485	9.99195360702292
6.42558136617981	6.86453455400498	6.74674757079188	6.5828650383344	6.18029244951981	6.7013264323638	6.38220677953395
12.7350412263912	12.2527288772565	12.1780185508389	12.5078904504777	12.4479575125775	12.573402143314	12.586858714474
8.5574982569027	8.29095349255126	8.34868757771258	8.89730245972112	8.88203910634058	8.96389250727273	9.08605982335618
7.24154794237623	7.91383271234748	8.00764912982258	6.88619653463715	6.92816458938798	6.85333932303879	6.72849099957613
8.13788430147662	8.55194206141955	8.69150099144779	8.03497141343594	8.16487621175412	8.19538540825972	8.16996311748903
5.50937134944016	5.77704013018277	5.83453126079845	5.27428206128756	5.40289221271891	5.40577273622019	5.42692176818199
9.13994837622039	8.91824547500218	8.92217021328877	9.08776184263243	9.22093938810513	9.04981664699797	9.10480268893176
10.1931766926053	10.099355885876	10.055478698635	9.44457308796576	9.44985648188822	9.61151753790134	9.54015389049021
8.55141711197163	8.01890096231041	7.97011800651361	8.15884911767455	8.2868182715794	8.26843929598867	8.16902600959355
7.08616988768171	6.66118442840365	6.59569355402166	7.84827373397782	7.61734919562532	7.6132448343176	7.78948834999098
9.74237844941432	9.36127547274944	9.27217197353226	9.87526328839138	9.91396106676227	9.83771565492337	9.82500678655846
7.207147945003	7.58721091495271	7.65056299438993	6.51028766350109	6.61623200586674	6.56408066641093	6.36921038318963
10.0490161221558	9.42349206191337	9.31310235864939	10.6527873250481	10.6770746097354	10.5634618233665	10.4974888383408
10.2867448725451	10.4771012012222	10.4665052756245	10.181999735641	10.1637446736322	10.2425416532911	10.1401358761433
8.78184768582386	8.92808964214677	8.9084988275417	8.45944908962062	8.38169967604758	8.376130142838	8.42123682437538
10.4216269481164	10.2541100457881	10.2040146069246	10.0699242533614	9.98697559758076	10.1043942214455	10.0442505483992
9.01293970346348	9.11313743685764	9.02006744390433	9.36606949258214	9.37495236265082	9.42712292218361	9.28730407667873
8.55901454644177	9.06821838663072	9.19293308315225	8.73528667174791	8.81996663550016	8.81503835290073	8.74991509685826
9.54074089740271	9.65598600220676	9.62873371208775	9.3120767884329	9.19034780249216	9.34954559503376	9.3193319204882
9.15406326564149	9.16088046142061	9.1209919136079	8.8951115148947	8.78656608154323	8.96110571561666	8.78581386437956
6.82898597721459	6.8593992241402	6.90199054955302	6.43386499224406	6.47770542597011	6.65517487211263	6.52966429102748
7.31517700413726	7.85570590951184	7.9042912738898	6.85497462705287	6.66734877202725	6.84852200607147	6.7361038077736
8.60817851821154	8.47512670366644	8.58093040233132	8.84831592376883	8.94314709473309	8.93918199336474	8.98850916158061
6.49692955063058	7.21746387148003	7.19010287580855	6.64154778969915	6.8988499285862	6.72517475333419	6.71827769583466
5.95858116525549	6.41742341784407	6.76034191778749	5.8090314144586	5.83990548490825	5.86285219742516	5.71066239337687
10.5673671087993	10.8511801058732	10.8273758039472	12.0773249880497	12.1884107633088	12.037126939423	12.1590762131361
8.46670956752862	8.61576572126852	8.74547255644224	8.20379860201549	8.37225047289497	8.28368750345705	8.2385661253264
6.58291366930283	5.62799100584959	5.31402242056653	6.86396433057458	6.9850653067335	6.59028756678225	6.66875197387283
12.3805321384718	11.6490667334077	11.5716294721356	12.7354844172391	12.6755568187001	12.5761822151827	12.8620410743517
7.15596465999505	6.83344475805731	7.15451028914839	7.47854429374293	7.27093737368088	7.03179907937599	7.48363520213996
7.54372615259559	8.60045735091724	8.71960929008521	8.54018340053821	8.49160240900713	8.31894241457873	8.28860625013451
9.62205306075899	9.70547721846737	9.67253124510677	9.2559845867527	9.23989724487013	9.34826640269722	9.25189622712723
7.78050267524737	8.27368542011999	8.37101222120876	7.04876523234614	6.97573633543007	6.92602128544142	6.94759858841677
7.25283471771672	6.96357963309034	6.85841075747706	7.75953115553602	7.8358974468957	7.7730431723266	7.85970228253643
6.64705182777154	6.53158973054726	6.52577869979421	7.06834256491847	6.97573633543007	6.90529460434264	7.0262882424033
8.92395225655074	9.05704703806057	9.00444366400157	8.67399060103327	8.53987781021656	8.71867200758492	8.59735600812437
8.41238384154756	8.74251034026791	8.78425036444614	7.91467083564853	7.73997108989692	7.78947414621736	7.6910864169691
8.94961196442988	8.81989385165762	8.7892323565662	8.14046972120278	8.16350734897959	8.15888274944034	8.14730279743956
7.7436411861704	7.97208894655043	8.0047965305176	6.77144250295838	6.81414900158625	6.7066602311647	6.81010088890208
7.56802647963089	7.86085442144781	8.00193827969927	7.96149058363214	7.8081337025264	7.8449476280952	7.92776549640186
9.82346964021537	9.65153650980656	9.54579442072942	9.13215707937504	9.13345331400718	9.32200708702549	9.3023389278753
8.00179342392836	8.0995154113753	8.09339309545462	8.12932863297306	8.04213343878383	8.02010957602975	7.8975337580359
9.844138411752	9.51695861122096	9.33598013022676	9.70561342472421	9.77655662738671	9.86897558992085	9.81005649128543
7.25283471771672	7.63306964164019	7.59094646382685	6.6098352567914	6.55907913194863	6.56408066641093	6.4730843446854
7.94029254510497	7.91630760578752	7.90734946603207	7.45493969098919	7.67420661252886	7.62878126639718	7.53108573164598
9.10612077321242	8.73692082660154	8.46533299607666	9.17251580447434	9.18765675258402	9.20721579601912	9.20008453544205
6.24896793071375	6.99669917536532	6.89584488263412	6.48720120096933	6.25930688550915	6.342161703193	6.26781620321492
9.95482591036763	9.94368344389808	9.90754739852132	9.75356503987005	9.63952018514053	9.84650068722434	9.71854948621839
8.3559321299232	8.63241941261706	8.55386386256112	7.40345967356612	7.21124263205902	7.33190643390253	7.25192232167309
9.65787221581787	9.56349005869091	9.60914610166777	9.13772747529907	9.17548452158577	9.28415451876144	9.23945152119502
10.0841930322523	9.92414130067843	9.92877228970338	9.83468419648828	9.85115176122155	9.89256907596872	9.85415899291355
9.09047841128739	8.75639010847858	8.71960929008521	8.96884009089867	9.11728207532951	8.9260946985189	8.91719040271802
8.81268215869962	8.6957359480447	8.84930282155654	8.34532582355071	8.30927435195353	8.31108483633943	8.21968380671588
6.82394983863087	7.22546921003703	7.51278512917361	6.44588904742225	6.28471181453926	6.48558277222706	6.46394429049702
8.50339843965852	9.21012290918077	9.33598013022676	8.3243105262991	8.30927435195353	8.1887302611561	8.26599598739572
5.62968769570188	5.80935454194687	5.9926195925759	5.74234938932056	5.79817654674394	5.90522163644993	5.84345514112451
8.80631243053401	9.03330179905755	8.92368128977532	8.49605049765496	8.46072814826206	8.63091845703267	8.51788279384941
9.66985092081659	9.10665063682097	8.92368128977532	9.76440806935288	9.91518164361405	9.72297133080157	9.74331458404588
8.63574315324996	8.88071978283243	8.90697175655688	8.73160777055302	8.68718510879638	8.93009037083769	8.74991509685826
7.66133052612896	8.1254160367413	8.18947890390916	7.35964011340505	7.27093737368088	7.19629302347182	7.18674753745234
9.75235350372103	9.09577406472849	9.11571333576138	10.7168336408008	10.7081554213155	10.6260259480481	10.6022158927532
