k4_temp14_1	k4_temp14_2	k4_temp14_3
4.61590160829383	4.62960585327887	4.47083584842364
8.67840935098835	8.64287471386529	8.66533367159253
8.52806998259691	8.48010704262489	8.42366559065228
9.18573315597737	9.2226992233456	9.23770299550002
4.35111066003881	4.65177908568993	4.54734435382044
9.69048298378531	9.64814696457824	9.62981318509233
8.84650696728922	8.80461293163108	8.82691859487549
4.50836928164684	4.58001903386872	4.56083591366346
8.6473656018165	8.64922708365732	8.55672343406568
4.66414395643244	4.62820067039635	4.28455005805416
4.85558476902685	4.80856903876157	4.94302914793411
4.65486518254446	4.36399405212646	4.44156595892129
8.73066528093686	8.70139896091979	8.65460609450143
6.64081474103083	6.33061137319939	6.42125061125814
9.47786365116649	9.4170309629946	9.43842009527018
4.78259365801726	4.99094914778249	5.01080978101618
4.78010270969329	5.14441129757666	5.00277767787964
6.74092922750363	6.88013642834035	6.93042328468596
9.12646027295987	9.27133386107729	9.21634759312429
4.96148352629198	5.05753396881117	4.9655531683927
7.38317232239425	7.30983291221935	7.28970481654328
4.6615147564749	4.56831536747301	4.49740565003693
4.65285441003698	4.80465382230883	4.76485964955505
4.9649855861216	4.93322476269744	4.88527129439618
7.48608029355885	7.66847696905172	7.64385109258634
5.46921859636619	5.38536861609292	5.41041265795987
5.05555296908496	5.25736426893317	5.26361008189612
4.56070206739338	4.32022118962207	4.59644111099738
4.10609327704928	4.31223963042554	4.26116333027326
8.35427262518646	8.38184481571196	8.40233923704361
7.71543662338946	7.70537460059101	7.7058662691928
8.61575935269572	8.52250293722423	8.54577385395745
8.98659863503131	8.96319334017022	8.98760139942647
5.30705218314719	5.22650116674362	5.14246077383926
4.9247195832214	4.79640629939624	4.74498652124956
9.32054606277778	9.32720054636051	9.2909277187193
4.83039138748574	4.72921769353529	4.79848198281269
4.60150980341466	4.24106336641645	4.35512889877892
7.87061852507435	7.78886647926363	7.84325595243067
8.03834099621436	8.15603595331051	8.05377357954095
4.27777052077605	4.28330492048799	4.23116054554549
4.6274509194666	4.51715345626005	4.57394914360017
5.94218765372885	6.1326396588616	5.91143243274446
4.66644375821578	4.65720566446684	4.76365819742956
8.74317742226835	8.69229937346316	8.66387832141232
4.69174942088119	4.6671814409881	4.55056893212919
4.57510626886872	4.21082079179108	4.55808585949811
4.73273648652892	4.95142395647764	4.97221768244457
5.29020211915528	5.17892339760662	5.36375283214904
9.2495320814992	9.14339232535351	9.15250952646506
4.24908233049217	3.89386526107753	3.69893985376978
8.83738639654956	8.87386495898937	8.85621656352796
8.07675566883624	8.02929774011136	8.15457913296793
4.81506416640479	4.52089792253342	4.75269912070038
7.98580808685067	7.97291701396972	7.86411045169283
4.81397878209472	4.89284068628661	5.01952179233955
5.09094753692875	5.46630872287645	5.36449433994206
4.3387980832296	4.51444307405116	4.59618953524906
4.47756162675722	4.60785510843537	4.8780336209459
8.61367623291195	8.65622299956255	8.64905209166656
9.0666547562401	8.82675323949401	8.83594332155507
4.62626115907743	4.14302500142206	4.35446011119033
9.06618213742141	8.9300691012004	8.94263109896938
4.60636922704049	4.62836715112285	4.35869961350731
4.77363121544826	4.85605660696308	4.48771613002374
8.32144684064566	8.15478892465992	8.16379662547432
4.98058324964549	4.56258305731884	4.86162948982129
9.05308625415239	9.11280223461875	9.14040052610788
9.56627973435449	9.61091883687789	9.59446531282055
8.80882893915501	9.10859092813525	9.06717119686389
8.89231663665316	8.87513213830291	8.89873685594015
4.10067518579808	4.53559711481624	4.35324421548974
8.93044537517642	9.00300131281521	8.93752578607578
2.76231894192111	2.6221310749777	2.6173000761927
5.11172794135114	5.2612613228159	4.81638169628271
7.3660615463564	7.43000379700881	7.30020270514917
4.67069822953657	4.96887609541144	4.84169339106394
4.8293441291486	4.56271782906889	5.02597562597277
9.13287253378357	9.22646944452171	9.21214676441601
5.16193526912352	5.15030425023829	5.19103824527832
7.45747101222234	7.36772793141491	7.50314284176166
9.57992527371288	9.57859117076354	9.54690912223239
8.68373966617048	8.89784823442834	8.90452688887106
4.65264399028141	4.62277802174018	4.95897729718262
4.58254832642545	4.26929462880189	4.06629256788354
9.39414626065328	9.40520353115248	9.43981407408817
4.33000613610168	4.24047715605866	4.56872473833973
8.97974563619161	9.03790773365182	9.06661258205661
5.52856030961063	5.67234419466805	5.52308377131061
9.52360068130444	9.58203196181325	9.51746177529316
9.26786802712833	9.30700673016061	9.36995107178483
5.46265530409774	5.49712118795698	5.32309673631841
4.50301833487765	4.37608230141745	4.35546223365554
7.076560218434	7.21927848485096	7.22007987044108
9.30548400423583	9.24344438659739	9.19358059394895
4.13974907497056	4.28190444910629	4.22988218654641
5.99469961498219	6.06784026161517	6.15851203323257
5.50168486885822	5.77203177218272	5.61959100457327
8.52539189836609	8.64690004651132	8.63569457885005
4.20939882998174	4.10123371334997	4.02537722482743
4.50694742554323	4.53021338299842	4.69335524948244
8.93106793734338	8.64036393399463	8.6716430910626
8.0542597882515	7.98039117082459	7.92587726116183
4.75612935582402	4.50615900673861	4.66031078603437
7.23028256960581	7.13484363722567	7.15208337153968
4.09407029863219	4.26415984847671	4.04390167717788
8.98895565393437	9.01933032777809	8.99620591553322
4.86675003431587	4.76433066020212	4.89305524858304
5.8274272610314	5.67023956369385	5.60269293075906
9.02547665654031	9.06870834368297	8.95151880350453
7.60770296200578	7.6214291342909	7.69470175925024
9.27558482874282	9.14112041697975	9.16669853538695
3.97435672645412	4.21494754932526	3.96861278164021
7.77570173971815	7.83920291757618	7.821250867634
8.59272017116086	8.60071802716485	8.5145671101326
9.28257847498332	9.47927823359892	9.43262477866263
4.66350498759629	4.79426186069249	4.79757444800874
9.58121589943052	9.52007447888954	9.55152729037284
4.51202284022306	4.42037480374245	4.50787991747846
5.17043710324202	4.91580879354421	4.92706925985722
5.05334325460569	5.19742715604183	4.96757406008262
8.68136232897973	8.64912750464839	8.7047938662641
8.87522847676795	8.96832550784129	8.97645328319036
5.00123923050222	4.83121595495696	4.91490916281206
4.72443234830298	4.41115779448676	4.77295278045051
4.20183680401214	4.39971157973214	4.16681365913182
4.57730287102798	4.71328622851414	4.61243869586387
8.36013363256337	8.2035456987782	8.26782536913112
10.0597770846872	10.0876703889445	10.0651760619589
4.50599751527562	4.17559391865033	4.38248970732292
9.46893839259498	9.47979766657555	9.45314983805966
9.43479317295186	9.47672501307283	9.48616732815616
8.84749124307486	8.91990213972412	8.96710114848254
8.72931128073254	8.98333642717763	9.07523521177902
9.40768883141697	9.42767729234398	9.42580409617432
4.45116205274416	4.15348003481489	3.89476143487942
4.35246749520825	4.34156196418552	3.97324993016468
9.17107454342004	9.07587503517579	9.17807445216296
8.54573978957443	8.6931711582492	8.65601338543044
8.35930967165898	8.41257700291098	8.48050150552701
8.9807525813516	8.90413795769	8.96776114559274
7.80788186031359	7.84057267647628	7.83778597284122
8.66502283203073	8.5957641330111	8.60881801773351
8.67542834212356	8.73644053287676	8.72713266519889
5.59799835964926	5.58026414322875	5.56845629323389
9.40546055303544	9.36164319274094	9.37927489397312
4.35872047544	4.43091681693527	4.32523350396917
9.1950559558469	9.1823582855219	9.12593942721892
7.59032694993908	7.80861551125809	7.69981076469661
4.53569446267655	4.6154453107107	4.35793988506887
4.59815774667906	4.40592470735218	4.38543221326723
4.34785091237825	4.41527808996867	4.16829269435484
5.23688353877033	5.28840123066602	5.03587946612434
4.73530328174894	4.42501350512097	4.73996413516889
8.8775113387809	8.81366527032337	8.86694859653761
9.30615647352714	9.32329573668207	9.30135727058977
8.26966878304855	8.32322661677009	8.37141187216957
7.03273763005489	6.81302856582286	6.78485050242781
8.29553284021749	8.03283194711499	8.13835278645802
7.77421870801184	7.88517456678041	7.82960260219536
9.57457202993411	9.51789929037735	9.57911281234359
7.33490004026351	7.43403590432555	7.40316929319555
7.4569932103474	7.22648703449746	7.33090590492873
6.47584631600981	6.06320739467976	6.14504946402953
8.37696310443613	8.25385715010584	8.24955567349304
8.39026949400476	8.31631677497913	8.29903939724507
5.01795650920286	4.59891127185555	4.67528134819202
6.13823874110286	5.9170252244714	6.02843644779945
8.00014127928516	7.89971353044054	7.87998711426981
5.2006109866737	5.14167362061094	5.14935962887601
4.87046740552152	4.98230440339934	5.01150765261963
7.41272417911726	7.10850549445209	7.10403568992094
4.47434832624144	4.79316480678463	4.87966803040143
9.80421330494614	9.84706804457625	9.85329358270702
8.91679456264882	8.96009353580467	9.00104915140273
6.39664344401431	6.22727296640651	6.35940938104387
8.44010755330231	8.36383649073032	8.29118914581816
9.30292978561334	9.3035355321387	9.33606054036996
4.21517913426516	4.14076344301332	4.54144235889632
8.43012986624506	8.61126031241715	8.57054610613414
8.70213558822476	8.82566642473367	8.77289661291694
3.51199665819274	3.88821796195693	3.86356747837403
8.58248849247434	8.62238245359753	8.58539002809672
7.51926376292488	7.56920508083712	7.65910434172115
8.8330353726283	8.60704672915076	8.52411961400762
8.35466874915894	8.09743611402869	8.00392957827428
5.81410874618847	5.94254342984435	5.86248090406022
5.90179476376197	5.84571061524205	5.96376636600473
8.30388641759544	8.47225970481826	8.44779553368802
9.91674109201744	9.87730763246195	9.89107716210636
4.67750840795544	5.01835305970952	5.02866595431682
4.96424748191255	5.03776513409642	4.82380166274033
5.56894916891554	5.6119209654215	5.5875734751454
5.08280569555399	5.36724210305428	5.46983172875016
8.00190655410408	7.93613394788574	7.88666684956287
4.75943369753558	4.53024559061065	4.44402433934641
4.96631306882131	4.61541857133599	5.12561462729997
3.11928063303777	3.44115655075889	3.43680797451309
4.87151077457358	4.69955055338317	5.23337758360841
4.32123268667858	4.72195632032015	4.59791578697468
8.61001537470099	8.7692921156476	8.66383708524058
9.16099511403544	9.2934144951804	9.24800000207769
6.63141741515298	6.61891471145475	6.82445771804858
4.81805955769402	4.6847817725381	4.9896376986259
4.92555784975188	4.67234324927272	4.82022776548887
4.85230924965199	4.84219486323013	5.10054034827692
8.17024099445763	8.24357813579412	8.31448855690737
5.65802212032788	5.83796236697038	5.97642516107911
7.66114703049853	7.73522480220429	7.82618132799818
8.67040739695699	8.67556047966283	8.60487568396789
5.0368326513282	5.05965173949326	5.09526160057881
4.69692847216849	4.39410292303923	4.52237823197465
5.24381459170607	5.17640180617119	5.16694678112732
8.77242040317688	8.78486542477909	8.80817700986229
8.78507773737934	8.61345224430399	8.62324537450472
8.99113384993265	8.97886069733535	8.95651767610482
7.51527100616666	7.59217681484975	7.61528039415102
8.14570416696535	8.24363466923375	8.20235748839205
4.08377474980759	4.42967887218416	4.47758616736659
7.97819577736018	8.06501873152031	8.08376432677386
6.07703741046581	6.11300528611996	6.03883308523795
8.65238106677506	8.58351813506953	8.63809546232983
6.89454000312958	6.89307352987261	7.06052891206449
9.05390791655164	9.03189121092514	9.02167466358326
8.6849535944134	8.59819257714463	8.60081355533993
8.54408169748852	8.49493101471673	8.535629759842
5.59474086009963	5.63224080477625	5.71500380723258
9.28951550090575	9.42651005216655	9.42404103558055
9.83021098307005	9.62584662730935	9.63011618007197
6.57108490899931	6.46491680452615	6.59170489903631
4.59590882499069	4.35007525791964	4.57214620200532
5.80886611654712	5.85787794948324	5.67735362238529
10.7024326921555	10.6439703033268	10.6627947273509
4.55668178962068	4.65336091193408	4.49722676331839
4.55554738810803	4.58125981247646	4.6353112973421
8.90102284650261	8.8365017239818	8.87031055131691
8.86021394415303	9.0019122528618	8.84953268402314
4.66150676510413	4.55571994659834	4.51046589582987
5.25708844715182	5.54135198532965	5.29112675331996
5.0344414066233	5.39523723630292	5.39251736972004
4.29487375916643	4.10445354815905	4.26098892439788
9.72803972239142	9.68980871386007	9.70788093125227
9.43443985080545	9.49241246461811	9.5171396238954
4.63676909132038	4.61881308245621	4.58744810871325
5.6372956388831	5.2467678938544	5.20413200736598
6.09247278788711	5.73562302650017	5.93471863762508
8.58097208175964	8.77647532792057	8.69505091263446
8.59340302163072	8.61030388063764	8.69644430975526
9.08011182164065	8.98992070182308	8.98085589845919
4.38847487074373	4.66589452514274	4.72776505268424
8.63712717052297	8.70141452263499	8.71969164937909
5.56286846581008	4.96879979258403	4.88057504165277
8.75869015767104	8.77635512581451	8.71981982921935
9.09105379939037	9.05025363705266	9.08571145090788
8.90514293507951	8.75528144150182	8.79774896915153
5.43560845531469	5.0770350820843	5.4974258422013
8.67480744914559	8.3985078164315	8.49642425671754
8.6925285970206	8.52839731846513	8.61517352596741
4.10653212901578	4.39857783840792	4.14928976923757
8.9375446647743	8.92379726117147	8.86435003225359
4.10275587440285	3.89449677328794	3.90898169501514
5.0496918732811	4.77458465552558	4.6293996654777
9.46353391349644	9.44740471981911	9.45894538286912
8.78423718834691	8.97092170115314	8.96146827687626
8.80659255716188	8.72598062325407	8.77075612638923
6.01360132971194	6.24976681173763	6.09429087338057
4.69390457374652	4.58140309042219	4.51099097235524
7.7572159666548	7.73524136645205	7.88042606507097
9.20642126650574	9.33471120420538	9.2643078623688
8.9264063649033	8.93147274225407	8.94955251626537
9.3339685591554	9.34021904311934	9.34374273760832
4.68312398400324	4.82770496215867	4.89198567268408
4.0880559905374	4.42723371004816	4.23074144377597
8.84821644760363	8.88978356014598	8.93107247741096
4.1210213325464	4.42756909004224	4.2310462633838
9.33984768774893	9.43697076900291	9.360407565224
9.49184926054256	9.60786436125553	9.59128788059169
8.37986627280259	8.38185015738495	8.36497359269954
9.3968081150623	9.36451415554043	9.37880885892744
5.82873915343375	5.92742950939664	5.85194148223017
8.90953484294771	8.92953138991494	8.97831041904242
8.79475521885195	8.91084396959358	8.95201753660699
4.83542000031094	5.04495006334103	4.75755202393055
8.70582424424805	8.73425452419841	8.65073195934233
8.00109313742873	7.86910608270324	7.73949217827895
13.0371303850815	12.9875218616426	12.9827594768146
12.075380774793	12.1248366220911	12.0878715691556
5.19873864866255	5.21763890736775	5.18363834222071
5.27489063509352	5.30381166478873	5.73272236624327
9.84178435659315	9.66005272703233	9.73111277855138
8.26527123259404	8.27840630610344	8.27184791290803
9.583922754458	9.54450853794444	9.59611148717739
8.6462394514442	8.70822565360419	8.65066910686973
9.17154756040945	9.35307058082107	9.28547118349817
4.81601105405978	4.85072105552198	4.94305185834994
6.68636311529273	6.27928861044569	6.38102075085733
9.23134891908153	9.23320764040617	9.15688460910823
9.00790532106874	8.97818165587439	9.00412675805047
3.99671035351615	3.8947403782329	4.03960533591031
8.65505309232816	8.87863700568617	8.9123030600235
8.59728004139751	8.64133415261312	8.68665101079584
9.28887333464868	9.27363584650738	9.22312011971889
6.61226244110903	6.49285281724933	6.5367736433939
4.99354795393992	4.75488885759499	4.93397080793179
9.73518539029891	9.66499066135541	9.6902660227072
8.71894286879157	8.74816584806285	8.70713179496285
4.58550350149697	4.2897288323895	4.55889874574259
9.03242811362894	9.12416771142044	9.09544816962012
9.39227798765641	9.31957490722189	9.39791872113164
8.58264412218478	8.49842717018208	8.46761307074216
9.59097135938511	9.66002940205901	9.61563707758377
7.3746005499372	7.36960048050645	7.1781839282776
4.81069546249279	4.79510773855922	4.7327211398096
7.08675045316076	7.20847106120759	7.17984940151087
7.30439788518306	7.01985673534334	6.98008003953775
9.48431275292013	9.47306627166555	9.51157715136331
6.49553849217841	6.20207328594996	6.25911881661147
7.85640972261468	7.85286121485233	7.9595135227773
3.89645053438402	4.42250552767567	3.95077265012727
8.14424099900099	8.0719969926965	8.08747091434731
9.51625343536531	9.42607313336876	9.45226323649831
4.42025974559265	4.50196279814319	4.58442652454152
9.07766658659068	9.03429459265639	8.9919395070182
8.79446553886985	8.92973964152536	8.82557670692479
5.16517076354749	5.2749950017321	5.32629162313247
8.95565955147378	8.97010818543741	9.006538722302
9.26025083903782	9.15710151823025	9.21687053940796
4.88634977166746	4.77508999608733	4.84188787264917
9.06508232566359	9.08592032445091	9.11641193466691
6.19416920931207	6.25433456595109	6.37655131945977
8.49705491654153	8.49671223353168	8.5058374088073
9.42258944249886	9.47730044592373	9.42395781667936
4.83522722227537	4.97058466878647	4.84316663302199
5.8245515733303	5.66000546604575	5.79047075408623
5.48330668694943	5.3402008821008	5.34452051839137
3.93372318153575	4.30885243940958	4.09578800247828
4.53622008373204	4.43457052265005	4.50822883386641
7.34888948302866	7.08016307081768	7.06448099448765
9.31450844785232	9.34443536512293	9.44167175669674
6.89915044855466	6.98572774369155	7.09336226752599
8.01554296700269	7.86640573774903	7.81492160341329
7.50945618301218	7.69461490643112	7.70062728856281
8.37653622260795	8.53541424041338	8.49628082670873
8.39755874615838	8.51067726528781	8.38393164444717
5.89444532257044	5.82853831157709	5.8778807752877
8.8431243457948	8.83795562120838	8.81865713570483
8.73071845072182	8.78135774396811	8.75565014426309
9.52980451234576	9.52867988181796	9.55072378009845
9.49917462268905	9.51729360415381	9.52176290609488
9.59813458882947	9.58543895073187	9.57823449957585
9.39682949684165	9.31873850182931	9.30577338434209
8.87244966512333	9.01035353980255	8.96588832101501
8.91245240433842	8.93862487135535	8.85088090361346
9.04962164939777	9.17873932569125	9.13985289071221
8.62499334093494	8.58272224872852	8.62231310651378
5.14283012816311	5.08699275007139	5.01479629215462
8.81121030248945	8.71855107778405	8.74986923236918
4.7604316427448	4.75075538195293	4.76534144450995
4.64309030506956	4.71562328705239	4.77495896092345
8.51897402732934	8.40887717686211	8.33063724481037
9.67937840673144	9.65628553448519	9.65517207207641
8.61551092994842	8.66475115982757	8.67526845023727
7.69254945095281	7.88651031755137	7.83353599219308
6.15621205182075	5.8045411533509	5.95559417211926
6.4325486598347	6.23471702548796	6.23454459687871
9.17471738742105	9.04299822109999	9.12427168751303
4.48626559884894	4.8568189863793	4.84948345747217
7.70822365918866	7.94001733888712	7.83094928512303
4.07145998836097	4.17214835715125	4.47511550430437
7.17049802210481	7.12486071188935	7.05669266114874
9.21828744366112	9.15172953029574	9.15305994104286
9.27535703265882	9.29772470920329	9.2571765475001
9.35002415776717	9.37501104133611	9.38116622814295
7.31765566259652	7.3099626834324	7.38009990706761
8.81586946987292	8.82211852188252	8.7899971795181
8.91677382400782	8.82125186582085	8.92658699346574
4.40115289751624	3.7957736372424	4.07793130778302
9.02133418543625	9.053268794154	9.10227334325475
8.6633830527796	8.75399518708954	8.77068601939645
4.68674883847884	4.05463353862418	4.18454466735201
8.53112167182755	8.55471084507971	8.46054344457078
4.60055481470091	4.60747524533036	4.71782545588524
4.10706210363275	4.58214075271235	3.93488937444618
4.92870718325116	5.21455892717751	5.15612736480047
4.82829822650766	4.70771706995899	4.94189120614846
8.74815984467965	8.74154151114098	8.73012459976388
8.7750488177533	8.77204032335105	8.71760342603831
5.73529089838876	5.45301927378037	5.4483774721918
8.3919841383118	8.64072876920434	8.54735673119282
9.57205141060764	9.62189898943418	9.68436954068567
5.00396919467522	5.03134861581119	5.05901415472481
4.97338608786678	5.07374670656117	4.7700886720627
4.96307975006491	4.54428412352909	4.34653740714076
4.55068043898368	4.44699039321935	4.35654425727914
8.87979210949258	8.87658177286905	8.75795449889991
9.65021007539292	9.63871929695821	9.68732957484021
4.83944518895713	5.03925880349416	5.09336254961644
4.08362925260822	3.99122848351202	3.94852565948371
8.7574575432919	8.7459089458097	8.77002318015164
7.49070469816502	7.39793432056661	7.45981138699675
9.39981528192754	9.37534774121156	9.4130729723285
5.34235826480838	5.14324317475804	5.15906956891197
5.1266973394323	5.24295999382982	5.34813292227265
4.21325577568411	4.56108723473228	4.23311269951935
5.67976093284797	5.78001671536199	5.66975234929676
8.67317147606514	8.68927532376003	8.70107023401832
8.65520947422861	8.46852716039223	8.47468744985513
8.56222844708583	8.64374432197847	8.6286371566828
9.77875415891143	9.7876176489786	9.80121508399831
4.09223321430976	4.23417549504366	4.18074074153343
5.00104101267901	4.90322487842442	4.85446688287751
4.38703213971977	4.43059183736957	4.26481926684377
5.1985842389493	4.9566637043283	5.01414840041382
4.048866274926	3.81434934798513	4.1600284932606
4.40488299958635	4.64059230918685	4.57305038123444
9.0375415752767	9.0330988293026	9.03005834890863
9.07995866042444	9.17322898197479	9.17699575109553
4.2710948052731	4.56275662031757	4.34041742077028
7.2348344887106	6.89751293091353	6.94650607370021
7.98392780144136	7.87311702178336	7.9383275918802
7.21688291147465	7.24277251144773	7.14386162357647
9.55950381521606	9.58064158267406	9.5651504262921
9.62651070603894	9.61348369464536	9.65408187902314
8.5577601268803	8.46232081232516	8.53645527894674
4.70321921472186	4.8392251416864	4.96135570413434
8.89551434233264	8.79615802142031	8.77726984364144
6.16963163966384	6.00510038313447	5.84988881659171
5.14947339401503	4.3544314194812	4.44596102925455
6.4270262320149	6.63045101274164	6.55947540022351
8.72998427625938	8.47730293621058	8.53576897776852
8.92699351819066	9.06873798646994	9.01624175747773
9.45704127040282	9.43062855671748	9.50690903605998
5.25721176897973	5.21825041953775	5.18414219605214
8.74455891874956	8.84827160096276	8.84057792070855
8.90248453085158	9.01458309879263	8.96652320987843
5.82143060464171	5.99770851376713	5.94460731036444
9.2074238719237	9.21849586825295	9.21319311304008
6.88038085874857	6.68526513173809	6.66839081380319
8.88432251611207	8.74946515083869	8.80193956456775
7.76485390516668	7.83507194707405	7.87935759163436
4.78658957184327	4.97915168954899	4.7894936075498
3.95149246671127	3.21212883445333	3.07649944079065
9.69245219988276	9.51134778388092	9.52757104831239
8.46767308788841	8.43088336618751	8.42991498610591
7.70492204302961	7.59399462001669	7.60642336486204
7.37643343333014	7.50015774376214	7.388920041788
8.41693706703352	8.29547201678378	8.23105879810109
9.73231203041624	9.73193474032937	9.73370717143863
8.8420348340376	8.77919304061417	8.67778700262096
6.94092409020787	6.67052073400159	6.67487703605383
9.3937689222339	9.40983322641659	9.43125128473859
9.06373281989061	8.9837964070273	8.9234814179001
8.08041975698746	8.23324976329984	8.19268925313133
5.13346761093642	5.07895014774989	5.11379632478338
5.21516208079383	5.15051360291906	5.15804625988034
9.55181027589652	9.62480255425748	9.6409058659419
9.50624965541792	9.57742673538568	9.58765568543966
4.97206279299497	5.28682729898085	5.1486401215151
9.28791217831154	9.3609165892726	9.35998918656748
5.90111114150805	5.84080433434532	6.01186875266392
4.86192819313088	5.14879380897297	5.34505475412534
8.9593988722274	9.06981610494122	9.07474225997877
5.54130054507722	5.68958869046891	5.44174867168253
6.94189929328116	7.04034919207928	7.16935505342401
6.34082671392986	6.46836164280771	6.41981368054974
8.38966553479134	8.36285008444654	8.41155503079109
5.79421706178134	6.02332999153915	6.13064609497407
8.62372776429078	8.79489376277963	8.81226680960996
7.27565508993313	7.48414851417444	7.43412089033944
5.97220315542571	6.10650359172886	5.9416484182166
8.50434368881255	8.56466552399988	8.56727991452859
4.31576221820553	3.85834173094018	4.12941783438556
6.41620099935103	6.81211870137462	6.64698880704296
4.83084238942861	4.67146945002547	4.82996324737502
6.43590033381175	6.17601708625499	6.27438057871712
6.19864747413283	6.3132129577045	6.26157640336958
4.80127083826202	5.05645083455988	5.02085098189425
4.98903302072947	5.29495417667601	5.16577710263941
4.89079600279945	5.02828377819944	4.87524172403283
4.54706995191551	4.96659222357936	4.74313965643594
5.48347689928847	5.45874952646045	5.57929112034644
8.86586177302539	8.88714832302651	8.89151491550494
8.83381920715226	8.83799929821151	8.76797805716225
4.90406623449905	4.81889664904193	4.85286901868858
4.67523640813555	4.82586208157114	4.72045831511895
9.08708594276537	9.14972366304214	9.12315409212089
4.98295678702983	5.23858734256482	5.06964241125552
5.16642060544777	5.13914187081764	4.93884563351892
6.98874101847705	6.92261930380548	7.05432028998657
5.85320349913627	5.94696388029224	5.76513158684869
4.52183668489716	4.89856612520714	4.88103829317065
10.0344631678688	10.0877079754664	10.0738967615545
4.83553394916571	4.91190951065142	4.88394329673837
9.79772621092342	9.77089435159347	9.77938798101317
6.43354207044216	6.80004980759333	6.53795073743455
7.35730118605686	7.46510597201779	7.47007562724952
5.79024387090975	6.03215032028099	6.06823804883903
6.08576476360414	6.20537381810038	6.14305841783251
6.21722803594917	6.1069739556598	6.19449569589387
5.48217800427045	5.37778420897224	5.37435976320257
6.37875362684241	6.46551508416806	6.4557122929244
5.94880764111063	6.27819739860676	6.17262253082414
9.52873042260736	9.46197191140643	9.48481604973389
5.42541695086223	5.5724731495124	5.6111596414204
6.03646626477086	6.07700447184892	6.11094852591081
4.70568326273708	4.70654508071201	4.9505261896761
5.47762742421776	5.39128265884669	5.26831701378924
6.74114629621991	6.69211125327577	6.54974531018605
6.07537420747486	6.26810829740197	6.24409588956884
5.12993675869512	5.20879246467462	5.19126679192735
4.75856099652531	4.85876040410397	4.76628545382457
5.14713755284317	4.99311865802887	4.85653710652257
8.19121451398664	8.31542993638449	8.26877135887782
6.63697089262339	6.8838587753069	6.8376507156328
9.30006736288533	9.35563149879291	9.366618509496
6.11118501750321	6.20426389193752	6.0068288192713
4.90624338421998	5.22751693082556	4.85648046213532
4.82909729065561	4.86952297273651	4.73354669864138
4.38572348724124	4.43134233142186	4.34026424211444
7.17587533201728	7.26747366674831	7.17211480009672
6.6090192882115	6.57997350986218	6.48323389710175
4.40137793083839	4.84269276898938	4.57484836149576
8.77802354189481	8.85846468449299	8.80124129388988
4.84865531238843	4.81755402816348	4.77770544824801
4.66707341425277	4.27421275874909	4.4680730975558
4.25627120439427	4.31710672759083	4.59363826381204
9.19915524701163	9.23987516111691	9.26077932757856
2.91150523011938	3.0004841461028	3.25913884289571
5.51737373259587	5.40037883802989	5.40378799964492
5.80684047795754	5.86439659440277	5.79742610847468
8.48145926838042	8.69392098656521	8.73724169401958
5.08801544282963	5.28897794566335	5.24036854093919
9.42490189905455	9.59061712589983	9.60021205573712
7.5506545133489	7.85546168063539	7.57441014495832
4.84651961787302	5.00745982468951	4.71218546371337
9.35159400495617	9.30238459015241	9.38866451722241
9.57701777386312	9.62677308001329	9.62122371166026
6.80743619465743	6.76262329395765	6.75715809667487
7.62915121838874	7.59721631970017	7.6409797955967
9.85810184387329	9.91192743794141	9.88748348548727
7.41133073648101	7.30690610588138	7.46424481928408
4.62441710448491	4.61930771861956	4.64825932535379
6.02811652000333	5.88508247117794	6.05520422915887
4.1070534668541	3.97856748362923	4.53896518928293
8.71732434065616	8.68008074842601	8.71156334890922
5.08943871730462	4.68573683124154	4.81114127870694
5.16434334041047	5.16575487408451	5.03419853782979
7.03040251704404	6.8269963953384	6.79335314245261
8.60153118410947	8.63031842518045	8.59916635984562
7.86317289981585	7.81005498912371	7.78505575069018
7.62792259920151	7.73070175564909	7.65854107516678
8.45689001400486	8.48095054581824	8.56963887853695
8.82322306911058	8.94315358527602	8.86564533006898
8.91799542075474	8.82199332597266	8.86093915147767
8.66742422484305	8.63976993575673	8.5968039990176
8.80882562688743	8.7691277963427	8.73970687910091
4.09438450774069	4.03132137019289	4.25847696393678
9.22108262823748	9.25951272627612	9.19785575305727
5.59573784659564	5.46586112735048	5.48173064227165
9.48820882477116	9.50756985995323	9.45534598399954
7.17157809699295	7.17670981595144	7.1865902060508
9.17012666583582	9.12052044250484	9.18666694577266
9.09410869882377	9.13080479400952	9.12315300637525
8.6426675473352	8.66554157738364	8.6184194328077
8.50618559361141	8.50625373654136	8.49550902952144
4.67335254695725	4.86847633189339	4.78750202496477
9.32819328921986	9.25627936265835	9.20048313820716
8.95891218386648	8.95822113350412	8.93560889363905
6.596463482589	6.3372237116383	6.34322337771146
6.21377278725197	6.23907986749411	6.05482543868683
8.08863519848315	7.92450644814169	7.93861703759227
5.13759837129955	5.00345238112727	4.94721334248469
8.84406838062349	8.84613012534392	8.87228900657014
7.18471778781319	7.12496056129276	7.05677930606532
9.16388709187345	9.18396953012202	9.16344208773496
9.19890908062323	9.18824403863587	9.15579731563847
7.52523093883716	7.57081016413783	7.61364028063281
9.24111273870148	9.13500049906267	9.19680148935642
4.52271189979942	4.10612987891398	4.1997817395094
8.54261109813338	8.45345035092446	8.41270075245336
8.46384592953743	8.40706012939604	8.31596342294317
9.23935929794511	9.23476193908588	9.15578967021951
5.3348666765382	5.16057629995405	5.18431258547749
4.55727252730407	4.55517237185526	4.56105454061338
6.89806872876437	7.00849549112362	6.85936687080631
8.34677874175702	8.46691863894356	8.44604109167422
7.70222848053805	7.65003543002151	7.73084658680435
4.22597226045165	4.51156690941421	4.42520207341335
8.54984897057371	8.9337523779009	8.84391369221086
9.37592297188081	9.29992856301918	9.3470995373257
9.60224349350237	9.42869136721622	9.42751042263734
8.61318019219562	8.60467655961565	8.65289807954947
9.54077657924788	9.54766569285797	9.52384131357745
8.64127603254461	8.56293570238719	8.56244411825247
9.18409225468294	9.18822373761012	9.1866597662125
8.25052179749952	8.25597372559161	8.23601279732029
4.94795348302116	4.48244832282525	4.76461635534218
9.11903830552749	9.13974434327633	9.08973879375305
4.89513463127932	4.8185886189816	4.83184364040761
8.94565471573396	9.07281015901408	9.01504212417822
8.40705658979112	8.45436090508858	8.51939379336504
8.63716382196064	8.5990233418349	8.61199587339579
5.23216155720749	5.46300032162466	5.57088594436047
8.63978908833626	8.64521076374272	8.7417060425665
7.07477064136608	6.87819469949194	7.01908478849859
6.64414795922045	6.53517777904037	6.63412134633948
8.9650621025605	9.06222434952786	9.04844971756224
4.51015446037841	4.50237022057573	4.53460534623213
8.46528649728787	8.48978371136155	8.43448726593116
5.35415242283202	5.23136440020024	5.56358310179368
7.23144616298437	7.30485005881158	7.27277475147974
8.72868726082074	8.71714279946884	8.69662008547484
8.83048346779376	9.01883558798649	9.02880580432265
9.36436299972114	9.42645018656382	9.38534219545992
9.22531727825851	9.23778882522481	9.24130956929278
7.80828781956211	7.9010487675834	7.90325746281473
6.64061518669884	6.58683861155976	6.4870413134293
8.5730923502257	8.40694906456544	8.43451050613889
5.62717564400717	5.52125496684042	5.53581868360224
4.71562364036013	4.59386789262646	4.48483132320429
4.95511821407765	5.0101580263944	4.86536306126902
8.14712549767052	8.06849941993651	8.04909987639275
4.47034937485027	4.38018320076718	4.7921021131739
8.64861813385288	8.51307227931903	8.50855137185796
9.17889723129956	9.40650418198399	9.42772753540751
8.78043356796319	8.70132415608735	8.73011976531428
8.68592022879885	8.6468124442125	8.63581324364851
9.37284692104785	9.31421375019267	9.39004571289518
12.2822042811146	12.3196654261097	12.3159711143017
6.0278564457375	5.54245803664679	5.8973167146911
7.26926162514883	7.50147064377716	7.39948796766976
9.28651785673934	9.15870337135418	9.22680065125232
9.26252504314235	9.10120801470312	9.10795045804469
7.10547850414182	7.0418095546039	7.2150164110912
9.50161447211378	9.50579622591943	9.46992817690264
4.60253664516242	4.43793298623574	4.77209285055108
4.80113390295888	4.72869074979397	4.77649237835879
5.45019870577487	5.44232840236294	5.38192117201169
6.99492135140121	7.17261780134327	7.07218839198483
5.3346273101395	4.83679779397419	5.12213009251889
7.9249077012685	7.94382468070903	7.93452721609713
8.75786685849284	8.84081037496258	8.7353295041577
7.54117613721529	7.61471495975597	7.48740240563446
4.72510738125882	4.59463208031587	4.55021462519348
9.44647981690623	9.40091683545432	9.46031127258501
5.6086671311307	5.88519720157738	5.9715541941678
5.63098095917594	5.27430316882638	5.55336027180794
9.79468844440131	9.79667253897619	9.83980186779387
4.57116788450772	4.5285882519613	4.46951327731198
4.96198980106471	4.74124627222179	4.7335877538367
9.76331079536093	9.83369367785292	9.76761152183756
5.06607230018536	5.21119108508575	4.69280736713863
8.75353289679466	8.58589815849562	8.67531188858153
4.75784126235845	4.58179147201622	4.48510381249077
9.38352042071384	9.42633645500745	9.43485932257348
5.6651757223855	5.45380056250936	5.59337906134987
8.73980892126811	8.58833984048786	8.70703574428195
8.40860565929998	8.34264669595204	8.40971865126793
4.72545592237514	4.64915404383994	5.08891813913991
4.26429544147056	4.12199945084995	4.3215420276082
9.3310301447006	9.1718157343432	9.18343066565227
4.54237292053184	4.15973622926339	4.42487875338839
4.36083333982079	4.41590220108263	4.21722295698118
4.25559855898413	3.8587165345196	4.22705997790037
4.97455662005275	4.68216553783057	4.57856141914383
9.66832690612863	9.75218506436799	9.72271392701902
5.78479751593862	5.77075630517412	5.75760178663109
7.35753630256849	7.36886041894836	7.41942988629535
8.43452156732912	8.59100792914026	8.59899693140567
9.22419561527541	9.16322026721828	9.18451415266541
8.09621585006574	7.93225766593958	7.91167642699122
8.85491958108928	8.81445664976845	8.76007443431686
8.65120944698651	8.68011815884707	8.70927819355017
6.02635818775181	6.22925132230398	6.08522580592862
7.77357894144542	7.46610309422663	7.4091340095842
8.81652462155436	8.69375400405792	8.69665930850914
4.21940032999329	4.0158727576043	4.42060523600643
6.01599226648037	5.85602392998645	5.80991774787669
5.00902626060924	4.98168678135737	4.8130397942784
4.47220273504061	4.94748847482256	4.85017104159326
8.67755749776165	8.60144526637984	8.58544698041546
7.93890007204236	8.02456202607327	7.97495947278776
8.54510818550202	8.66634182231701	8.66755874114667
4.27263813733428	4.43062700750016	4.38268749283752
4.65403000347754	4.70443636201798	4.79668317476036
4.86932242366974	5.1944799786628	4.8662283028615
7.55502912097433	7.69768544259088	7.69629033127281
4.50482026137481	4.73531439013453	4.61198256618387
8.66016109725012	8.65539323570241	8.69502015722285
8.76078033973305	8.90043232538135	8.8927866796945
9.22348772114986	9.31795611216447	9.34666249645449
9.37636853890526	9.2971074201205	9.23712008918591
4.64489600789277	4.33402139547889	4.39940661345088
9.1849535284796	9.21594479735509	9.1688708331617
5.62379002257691	5.78650215252608	5.8117518576896
8.5413447435676	8.6103708977687	8.62385202980353
8.7604316681092	8.79062035008719	8.7116590814958
4.73185905775412	4.6573060204214	4.70803678077128
4.03938058936792	4.25034861094594	4.27539004452275
4.92056486672881	5.03652379663836	4.74707521743145
8.37344758506779	8.52605838746431	8.51175044085946
5.39431136317724	5.40571121392185	5.34432527925313
7.30973209613831	7.4720295381269	7.46104688882804
9.55640468615587	9.56722675301944	9.49471741067375
9.67718425296425	9.65009266119682	9.64469989410799
9.44065221696367	9.34280539836661	9.4258269594477
4.99043060981093	5.24733397577985	5.13133833769333
8.92867778446939	8.92767325795798	8.87236643456945
9.00425795551891	8.84196541228041	8.79853706763391
9.82858324571151	9.76619240909654	9.7672557313533
5.05641682799278	5.1161901751215	5.35385677818432
7.17971142627538	7.18870322777536	7.359768248591
5.71554742651945	6.01426099587296	5.78686706013382
4.94707550433309	4.67058451073005	4.62755940565605
7.89379909147224	7.7702545375818	7.7864496805868
4.47999766143513	4.34578545450291	4.26489372384298
8.73694255698254	8.65773773481801	8.60330638255291
9.27458565602602	9.21674682510333	9.26736341334185
8.73050527407775	8.68465670443998	8.72196718166733
4.40617937770208	4.60362593851229	4.53458063256424
8.68815387567381	8.67781496444289	8.67762122748756
4.94399978969744	4.94466909806555	5.05773537215341
9.3739564023849	9.44031047739477	9.49143332389874
8.24580942932262	8.31539203234755	8.30580831687465
8.56145354187683	8.55632126529047	8.54659224613129
8.49161996292278	8.45702168759641	8.48677188475913
7.12539827785812	7.24949768381762	7.31355148268766
8.59142772522472	8.4756610897642	8.4372965549949
8.53971229706324	8.29632601204246	8.42532292756066
7.3368862842464	7.38896457670582	7.29386590155981
4.5034190655166	4.78017891658253	4.64861979567826
8.55046778379373	8.4888530382524	8.46404597331623
6.96127955979062	6.77801588899892	6.72660088771442
4.98984340779188	5.32484887869119	5.08830080088561
6.99325021021572	6.90687898739485	7.0401540453988
8.60763403356466	8.57864661247362	8.58456141853126
9.48361514683795	9.51176607957706	9.51539613197446
9.54136726876637	9.39628210397877	9.36033672671774
4.31914901238238	4.84209980192134	4.59898462610653
8.28337517585227	8.31441791988832	8.23611931523333
4.57313602840109	4.79310482400536	4.77502652198193
8.96600440041259	8.93719379205532	8.97398990840088
9.80184604013774	9.8259569626009	9.81126017313698
8.48977483136708	8.65162159150177	8.62384349244228
4.48435171302357	4.17337261298458	4.18377889974121
9.72625127644674	9.7030106952924	9.70861752403783
4.32802502435369	4.61286910342944	4.31168177925739
8.60845654202931	8.55294628892195	8.55992850267756
8.77871016699458	8.85237812386121	8.77081608213124
4.97433930241212	4.91324793447433	4.87496432874335
5.37420148556914	5.64649092672513	5.52821127473329
8.82937443514001	8.81864035153194	8.78151165106585
9.04898710358379	9.06034735743173	9.0695292891459
3.80911005387973	3.72300784418059	3.96254827752104
7.45457412402356	7.50427615787519	7.49172303487209
5.7714039774203	5.74155442681009	5.7056376599716
4.73951471431695	4.49032603507789	4.42968415009044
4.84069372992157	5.0385247766655	5.0210403321228
9.16758494383422	9.35165769001207	9.27140138922753
7.14911939918444	7.25498096759979	7.17404010513745
9.61861944934658	9.52851247696	9.54816716220806
4.61506626206428	4.88978832379014	4.92194446422839
8.85909710318115	8.73485406715973	8.7242928947696
7.41340788233165	7.37886406750473	7.46816381987269
4.04160328717999	4.24908505955535	4.14732211811575
8.31357088476963	8.15811168907612	8.13187613343391
8.42907490845572	8.33588433438483	8.31683263889517
7.43081363343795	7.42869471364746	7.33574559189819
4.96511538054577	5.00554580353141	5.32226432065354
8.57653033900662	8.43712374610793	8.56641068540402
8.67550864427843	8.71416842812911	8.72342828031189
6.0696411929494	5.97776511211414	6.14113732368379
8.64321238880494	8.45426496639074	8.47554320202045
3.78139507707376	4.24351357539404	3.84897963251062
5.20689690301053	5.07247430627545	5.28672930864087
5.74365479111632	6.02537402445662	5.91413821780981
8.57618662881755	8.44441291361908	8.46491256434539
8.95582645876478	8.99748867043285	8.90468062618346
7.81193440079671	7.96286985403541	8.00408296068074
6.35456650397338	6.09402104432456	6.12244499615448
7.45232372678713	7.37932116083128	7.55885120326671
5.05005634971009	4.93462565171296	4.93604993150183
9.72436121022068	9.65459194811968	9.67853594141279
7.11502210342836	7.01930469912894	7.09036013826729
4.82146928321714	5.23427458354502	4.81361260428719
9.65816305833092	9.70172780336437	9.67053863798931
8.87074439028125	8.70807468621935	8.6838490165716
9.07980061484918	9.05852316627296	9.09316174024669
4.47965270711749	4.19236009190816	4.43840383510806
8.01056624990358	8.16481657283219	8.12143575265838
8.79912787540307	8.89452436595673	8.82625060609347
9.23135434998805	9.17408026183383	9.21161632368651
8.7395644290659	8.79413601463307	8.77717745930008
6.54413612902113	6.52416829264537	6.6455192642316
9.46427848422401	9.26148891303519	9.34131698639863
4.32017939491556	4.34368232219244	4.21618976152374
9.6255744732171	9.6324966187547	9.6767255247825
4.54693175312455	4.25334525453168	4.06582055673872
4.73276903416072	4.45396139557978	4.85844059705159
5.23295169265313	5.27522736135997	5.28092049785145
10.0273731304534	10.0601515040573	10.0931648579186
9.33953741795113	9.32037918675982	9.25204338833238
5.59680539335196	5.40201380054157	5.48121900944474
9.24814763893247	9.18163127107094	9.22053677326795
4.6825071808231	4.78531465755414	4.97029945035455
5.04525640544402	4.78806264218762	4.87448631909082
8.78166183597517	8.80888757901176	8.79349179847349
5.07791985410814	5.01442394737395	5.15568801964706
8.721406970943	8.60543039781432	8.64207589970907
7.12429328602789	6.92017551519432	6.93836983938005
4.88875281088687	5.02948005881174	4.99330361517923
8.58446402307991	8.42901944524123	8.39705579803608
9.4080865881948	9.52606673974328	9.47611550529946
8.61609919106789	8.64051935079133	8.71814921230998
4.74356336686956	4.60859868623177	4.68459871438572
5.07108181715294	5.05031242589359	5.04157356441919
8.73603429031265	8.77704825243707	8.78000939121189
9.27531193521228	9.28056213583612	9.33896880100602
8.75404199072482	8.54363477004756	8.55920989054114
6.45121330273278	6.42265199483671	6.40226084535982
5.16583988265186	5.06952252575192	5.04256191931306
5.14844669173602	5.14900813834296	5.07925209995535
8.76331480329295	8.61431917011474	8.52661633575496
9.36396103746273	9.45565933875406	9.44518597149275
7.5207662228507	7.50775125896189	7.42643745810554
5.28551168525495	5.38373354348677	5.43711775594114
9.41180937552349	9.38658784218367	9.42627392842915
5.09110462042568	5.53953116741302	5.28195576098526
4.39454247210584	4.42032344481281	4.62030868859009
5.5606456470315	5.42432612637171	5.58597697334006
7.39397343983351	7.40307207895724	7.4252767225138
4.50500369615161	4.63087177634492	4.70575553923573
7.91914422229649	7.69328738524873	7.72863046605357
4.5668271179836	5.05261299076191	4.88280862499976
5.25065861325662	5.25776965900297	5.10760207280011
5.15680549056764	5.04310440680534	5.1481312549067
5.28174616875598	5.08955833153419	5.12385460277367
8.67545574558228	8.49047658570682	8.58047155258495
3.98267454775091	4.39935868331775	4.35091672886467
7.70080078108737	7.67027599066153	7.73531539951292
7.3488018028977	7.23526246641574	7.14679002571751
9.25087138261381	9.31988763753997	9.34137211252451
4.48736602850192	4.44747894473327	4.46801455974013
4.87030792093143	4.72883487244264	4.72133478305433
9.39719443639119	9.358391932817	9.33455397915567
4.32430438678626	4.68597256397478	4.45515760599252
8.57827960605785	8.35705244829856	8.34030982368942
8.17801692025034	8.22168454330134	8.16043599179868
8.70576760319639	8.82842800077704	8.77860070118792
4.91711745313728	4.68350219920073	4.7661369005795
5.13679887365329	5.12945329402191	4.86799367028933
7.90708607132909	7.94383151712431	7.90615268268576
7.15547032097922	7.17659520341208	7.18435512497305
7.56090325878137	7.61484488054944	7.56535286455157
5.64183877326098	5.19874284323833	5.30687652457089
9.21199305885478	8.93500187295627	9.00901056218092
4.89419853166484	4.54631248959601	4.61378820949186
8.41909274935655	8.58285258440843	8.57788653667101
8.72083560751313	8.58018923498168	8.65760641805016
8.92611699122415	8.93348645164604	8.84817686978477
8.35126426126465	8.13251400571927	8.22350778542406
6.63041109017264	6.6993987906283	6.80031852200587
4.69214182263824	4.59480499959678	4.60012098958626
4.99535667089238	5.07648516508407	5.01342109690293
5.15067282568148	4.87320870714593	4.76988386833457
9.22272447640174	9.2506526734496	9.28848288255
10.0323990135474	10.0309415313562	9.93446854095512
4.63785409503601	4.59373332847299	4.5494176932582
4.62024322634171	4.46168173600969	4.38613964830539
4.31462190723894	4.40400580764935	4.47946052596448
5.19090341572808	5.03213195364067	4.94792825056121
8.70822767002184	8.58595362521257	8.61920349711364
6.00999175822398	5.88332525949632	5.89982343648775
7.76220248724577	7.89710041049325	7.86884662394219
5.73008458873656	5.90173801601283	5.94315484260127
4.83185005301448	5.05608447866251	4.95473544370234
8.23183315108019	8.17564480784351	8.14729346977781
6.99655564246263	6.91919795817547	6.94261552151182
5.40565720317469	5.49003827814285	5.35255951668411
5.11181341852144	4.99503695676618	5.07760451154984
8.54472430620692	8.38266529886211	8.46482581569999
4.6492037963505	4.89988753588833	4.88218290972409
8.60639506409882	8.6724817926134	8.67067679608457
5.59690816442286	5.41623511508516	5.46080195765186
9.12544097381146	9.11389656655476	9.10399149886223
4.70031750608421	4.51414275212578	4.20513084143069
9.45491147377575	9.54738676835086	9.53318263459867
5.00572357786905	5.1107358829035	4.87697214830563
7.68336644520318	7.35313671145109	7.49557702013373
8.6689848280103	8.69159153782917	8.64288213259619
4.94138486158329	4.83990832451008	4.78963193372028
7.56740575506549	7.67937475714707	7.69023713291751
5.99741595483712	6.12273228586786	6.19706718067486
4.59772885510913	4.71515426232403	4.77454760868324
8.58126217488584	8.58603641540599	8.59184834147908
7.06774993528179	7.37875582200666	7.42695369462886
8.55419590662658	8.62715363469048	8.62545889056162
5.80413720560029	5.95261874684964	5.87814342375378
8.34051136258438	8.45979329276484	8.45228181625394
8.24783942460099	8.20684985640656	8.11956365212151
5.73336548247491	5.66383230097807	5.66326344164147
8.92071365261694	8.80314023543266	8.84404204894767
9.34730474056673	9.34308562553438	9.34996480987466
4.86453984849876	4.90212326960698	4.88411258895738
9.3371088151727	9.34206583501777	9.3928366735294
8.71113272537778	8.70362819973515	8.73301756356241
7.59958037111543	7.36413879564738	7.42792606716228
5.50652840668155	5.48695796713824	5.61112375261887
4.18960981596857	3.74660876716457	3.71960605522864
8.29983765147649	8.26211045163819	8.23918034904983
6.13937802187228	5.97114263078485	5.90150679960656
5.46493619675386	5.61935527077179	5.80372803515608
8.6114914538199	8.6055278822306	8.57233312425517
9.35015203884006	9.20815815691592	9.28045213152108
4.56694211669065	4.9204424577529	5.00828147374226
4.62594949519907	4.65434216689103	4.52409206009431
4.67317415630285	4.87877602746315	4.78759204863554
5.20326244896604	5.15311057016136	5.42042252793541
9.17245583542976	9.31418419226216	9.28598172515657
8.78283428919445	8.71037727465881	8.6906151696223
9.06014915295595	9.00708112381309	9.02407367938467
6.47497430263863	6.29307459799469	6.3531124817818
4.48213701837825	4.2070589780849	4.27905070585658
5.23157159416809	4.96907897178056	5.23885576905489
4.3472188314892	4.23876133077005	4.38161452538751
6.5004211949859	6.67919249893632	6.713006937449
6.0692941014329	6.29316966816846	6.35723127675631
9.33476125664262	9.3300515100318	9.32781234442195
7.38786490953862	7.64644754392828	7.60057832622525
9.61872443089023	9.57586441588004	9.64440462353175
8.94600960567802	8.94869091231669	8.98080187030494
4.60783869597795	4.39305608531357	4.5085024215062
8.56112312536191	8.49319268616783	8.50846253802171
9.21024486621228	9.09206076268883	9.14205807052377
9.03052782210821	9.1089116240528	9.08628576846665
9.25969509220332	9.23505095644799	9.30089990656974
8.36854197292318	8.25798015539042	8.23718785938336
9.00682319553612	8.89957469947396	8.90466616874564
4.9609446308201	4.1629988265095	4.3282814956186
4.89193084996372	4.90292387287114	4.93437967010236
8.46213158599903	8.49324368189997	8.50666045776674
9.41332621799241	9.33086096600544	9.34850599159827
9.04066363689404	9.09859972644209	9.11528541332253
5.27347642456955	5.15085784152649	5.13294530724734
8.52341663631515	8.65083311825928	8.60314082804923
8.51123056857725	8.51231427453489	8.44623639255756
4.43112522803951	4.62889313621784	4.58567881706976
7.13737160433698	7.06681679512449	7.02781963281406
9.19321938836037	9.17846684562103	9.21161929052648
4.15833133410114	4.26534131212115	4.09745180958147
8.60158060935856	8.59904102831123	8.61515846668676
5.70270985948246	5.78999737907823	5.53201925511859
8.09372016631777	8.08133382065012	8.08970923245809
4.77410595353311	4.42693798327219	4.88921533645907
8.84549392144894	8.75747410739782	8.83922094287571
5.60448014151037	5.31961375612771	5.43923530457341
5.48322209847653	5.49301335747362	5.56038841058976
8.97839825542323	9.16412139307556	9.13818377008524
4.4873704430112	4.31946879140816	4.59576783318962
8.1916714873426	8.44369137445888	8.47247723834238
9.31421075022427	9.2674026972818	9.2929374812301
8.44278227874945	8.7098446810252	8.63881549403854
8.59349835481351	8.64921763025964	8.62787497902567
5.71093562230052	5.69461904933813	5.7564205993265
7.51595484459116	7.86504846850559	7.77149131613794
4.63345139728776	4.70319441389954	4.69605826622917
8.64528581384048	8.63027748512228	8.63026525774609
8.62451540886318	8.55375298225632	8.60153715358607
4.71913896703436	4.71640960898547	4.77564859468718
5.64509731606941	5.84119236149993	5.77942688668706
9.43002625900406	9.48670676304233	9.54371846555763
5.41082685266766	5.16331262001472	5.37196554206179
13.3578855888268	13.3130556119216	13.3042313120175
12.8371987416351	12.8466281703436	12.8315322587748
4.4076845439539	4.89779649747951	4.92016705475149
5.0335453789343	4.84314759162709	5.01171835701793
8.71287726242779	8.71562776182616	8.74617597607317
4.49771054986703	3.96156306733557	4.35162405033962
3.34700967223552	2.96883402625217	3.37953956845033
8.48168747621229	8.36663701852284	8.37825705504733
5.79381438842738	6.17558283589833	6.004128390217
6.88600076943786	6.62184283271205	6.54043667800309
8.27704381496398	7.98647836912804	8.11593834365031
4.53452093312814	3.98098845930297	4.35213880695509
9.20364534848819	9.18282962690903	9.17158115020995
8.7147713818638	8.78487187623129	8.85543148427007
4.53758978350407	4.30449911970385	4.5585975372557
4.81686679222174	4.89115169118004	4.85273609612877
8.96017756374183	9.02600536941899	8.98638179045185
7.58172583056618	7.75419736164174	7.66770240317321
5.48851232698945	5.40654472127637	5.33011698351141
8.95671101141201	9.09925550413108	9.12257759191288
8.79942386271466	8.9180343936248	8.90719438695941
7.37256399273056	7.56370135449405	7.52758152615556
4.64436426463822	5.07263764476562	4.99153210235489
9.58523211137792	9.58596372306861	9.53139131031438
5.90946119962006	5.7895190853225	5.81942377284531
5.14745978943643	4.79082380546767	5.03997683461625
8.57302645064857	8.44894561327593	8.41089116800078
5.85489124245467	5.57534282683623	5.45727356008539
6.07630227978576	6.1115315858969	6.34074382965651
8.56533139957346	8.78358741675326	8.77777664783456
8.52421388259273	8.55554872363103	8.46319507231902
8.92383271734884	9.04572252904046	9.05079442518223
9.58946520352761	9.52912654563804	9.47863428240916
8.82328846030949	8.8644239948544	8.91948662607098
6.00944569556041	6.04347137232889	6.03776809076425
8.69819648292085	8.65071946986069	8.63817843252359
8.24473646688089	8.34662355121716	8.33513642374093
7.90374598345954	7.91021525345333	7.96721905605736
8.70607914514774	8.97285479185708	8.96268513518097
4.41186364997334	4.22551156795507	4.58183190029738
7.51649957728249	7.49909784085653	7.44261349380813
6.41954286502808	6.51220746712937	6.57787384908941
5.72914715713668	5.71055591723975	5.56412989518946
6.82439168350593	6.81694886192421	6.78893328240285
6.17035983759236	6.06778527306677	5.97732925983975
9.00947086386747	9.02179580829119	8.92218961242737
9.21189813662651	9.37429532130333	9.37794372173298
6.11501004463023	5.83627841944771	5.88483289862917
8.69434270634884	8.7806615691055	8.76283465217423
5.15891272639008	5.33516671001424	5.1843009576672
8.89165421446571	8.79187810708373	8.82693369924339
4.81930231654788	5.1619659901166	5.01263129327831
8.59828644801481	8.61837306027994	8.60076474477611
4.87669319380276	4.70801688968128	4.92265473677604
5.762486116509	5.66474507540602	5.72237663934237
7.69110221390165	7.80160431331228	7.76463635501543
5.24962920533028	5.17731046271729	5.24876707692707
9.2684073013509	9.24755334281915	9.24746957897468
8.75410462384616	8.68155125340816	8.77498074578251
4.50568961851886	4.89350998576205	4.4032200684594
9.12442595050786	8.98238858940203	9.03185212853866
8.0529212930219	7.77742717565983	7.83954809869448
4.79220618944921	4.93357498273325	5.09202184468513
9.27920648102166	9.1778541738749	9.18182318252667
9.62362443375672	9.6517736504582	9.63731825497358
4.81552187664853	4.62103436991987	4.62593390556279
4.4797574473093	4.61876149191737	4.73940545632948
4.5634128598277	4.63260164470238	4.81663200005077
8.35762773798767	8.44541224894777	8.48402273250897
7.190294313262	7.4155674009879	7.53094863934801
7.5396149335261	7.44619317977844	7.53120975322129
7.12836288969286	7.34249933624815	7.40702982495296
4.84093492011377	4.35246434594123	4.56178640253848
7.67650242246672	7.77455060610525	7.74429078946642
4.94839544581846	5.12168704240769	5.14701102152928
4.42257731315275	4.55215928434757	4.39936846110843
4.31307981091359	4.58875437091134	4.38449955351004
4.58750678658783	4.57670330960496	4.15531788534215
9.06007526666832	9.0185931192025	9.05551268479642
4.71805398215897	4.5863351555414	4.96884553808092
4.98034227830859	5.27944546793933	5.18229427296914
5.53169117420365	5.56257127051248	5.79835098581524
8.64941929891649	8.58191332290181	8.57725894223859
9.07602852056473	9.07842017580554	9.07937813848329
9.5475433982456	9.42001591465849	9.48917632919073
9.22103504927336	9.06776798750427	9.08342395118362
