k4_temp14_1	k4_temp14_2	k4_temp14_3
4.33424470871757	4.57501515457673	4.41559387610165
8.55809072719551	8.50890248256327	8.53491930876905
8.40588006666272	8.34584420060922	8.29370157108113
9.06917280324395	9.09018932514102	9.10675578065473
4.06654892551391	4.5988618965311	4.49359638810292
9.57388173087723	9.51792058121382	9.49951635964674
8.72766976689882	8.67093957457527	8.69619282523033
4.22553844927506	4.52610555409579	4.50619642488255
8.52661707407148	8.51518190505955	8.42640686158928
4.38004839833069	4.57501515457673	4.23056198226913
4.58950176395964	4.74494015601904	4.87987489440034
4.36873308510286	4.31198074874294	4.38862682850138
8.61066933146056	8.56748148189132	8.52411833287982
6.4541898610832	6.21887134435146	6.31891785668997
9.3616156802337	9.28559202426241	9.30771501237982
4.51959975072948	4.92551240166086	4.94610859280042
4.51959975072948	5.07751549510591	4.93683077921241
6.57480525275294	6.75823697863251	6.81805330930102
9.00986034271292	9.13878343302876	9.08539756545113
4.70197649321805	4.99005265385557	4.89911111326326
7.23802939345826	7.17789956329514	7.16850101413687
4.38004839833069	4.51361460991258	4.44206608746283
4.38004839833069	4.74494015601904	4.70510049329663
4.70197649321805	4.86779690380458	4.82057771071656
7.35015428894287	7.53385782981997	7.51868736906575
5.23179743974675	5.30474917951186	5.33313171590967
4.80631315303278	5.18382439725226	5.19208783445449
4.27486616163863	4.26803740115534	4.54334942330002
3.80631315303279	4.26803740115534	4.21529522561582
8.23101654931313	8.24744049654822	8.27265331575816
7.58217222216115	7.57049967345424	7.57956961121277
8.494441453198	8.38836881725578	8.41559387610165
8.86889274478803	8.82988630227289	8.85669367196668
5.05952849783613	5.15194033623247	5.07009731007588
4.65617280360493	4.73421374942598	4.68307418696663
9.20421160807485	9.19511276440022	9.16005400681478
4.55995748834562	4.66812455896821	4.73752197098901
4.31078573589357	4.19168651502522	4.3045625637129
7.73979795865302	7.65396649597155	7.71598880943937
7.911429858847	8.02127138446629	7.92514897416478
3.97996124051782	4.23798016729916	4.18426832999519
4.34583268299278	4.46254042531832	4.51868736906575
5.73319522382877	6.03444677321403	5.82057771071657
4.39127565375394	4.5988618965311	4.70510049329663
8.62322238180364	8.55838883598932	8.53338125420878
4.41347139986814	4.61063906430745	4.49359638810292
4.28693899393921	4.15997765529788	4.50619642488255
4.46751123958103	4.88729307943037	4.90863388738176
5.04538431551587	5.10275278660494	5.29006299401779
9.13284715676621	9.01075485764662	9.02155345811784
3.93463725000833	3.85794911784823	3.66070637393817
8.71878478090461	8.74025716313545	8.72544913868843
7.94990400666164	7.894536751757	8.02593522318972
4.53991973510908	4.46254042531832	4.69412937547563
7.85679460227015	7.83804956041053	7.7361855234262
4.549973399773	4.8279958957466	4.9553271228298
4.84765394841369	5.3892237476754	5.29006299401779
4.05247374030218	4.46254042531832	4.54334942330002
4.20022736074588	4.55076760833006	4.82057771071656
8.49313938177307	8.52221373883879	8.51868736906575
8.94847959149815	8.69326412124672	8.70510049329663
4.33424470871757	4.09438931367031	4.3045625637129
8.94847959149815	8.79676337182081	8.81172291283042
4.32256290366993	4.57501515457673	4.3045625637129
4.4989894710542	4.79740757591318	4.4288906987151
8.19623207976303	8.02016798476365	8.03465902930837
4.71096527644531	4.50101457313295	4.80025772633697
8.93607539105537	8.97987287397317	9.00943452816925
9.44983379331399	9.48030186448266	9.46403029297967
8.69122905838404	8.97532536810902	8.9362489300249
8.77397507397111	8.74159671294467	8.76792344952956
3.80631315303279	4.4883035213834	4.3045625637129
8.81259029871895	8.86963590346836	8.80663851975869
2.38004839833069	2.62232086935509	2.61490268432505
4.85578182929709	5.19168651502522	4.74816921518852
7.2223987417445	7.29748117904782	7.17837576207199
4.40241621135914	4.90652929829329	4.77964744666169
4.55995748834562	4.50101457313295	4.96448712211528
9.01621983996661	9.09386498328442	9.08119298676395
4.911429858847	5.07751549510591	5.12013799257548
7.31668633733326	7.2341785971393	7.38009519488026
9.46352772566253	9.44784391411162	9.41642852758046
8.56492374123897	8.76418079814916	8.77379735738056
4.38004839833069	4.56294232227616	4.89911111326326
4.28693899393921	4.22271341064585	4.01825837855626
9.2778938543362	9.27360407702988	9.30906395594784
4.03825988108249	4.19168651502522	4.51868736906575
8.86235218065387	8.90473675918397	8.93566684607878
5.29891163560528	5.58698779624281	5.44206608746284
9.40726328349052	9.45112276788863	9.38692453327038
9.15153786783129	9.17492799676386	9.23907906529898
5.22553844927506	5.41631740855767	5.24566887465933
4.21293841249543	4.32633604172	4.3045625637129
6.92501283111993	7.09018932514102	7.10157554154905
9.18901257324995	9.11106805481694	9.06265249791471
3.83948001696798	4.23798016729916	4.18426832999519
5.78943933446839	5.96733257735549	6.06584783707452
5.27486616163863	5.68493284665477	5.53722332050318
8.40449552237133	8.51283032338015	8.50541213835012
3.9036103543877	4.06044198174697	3.98263446882554
4.22553844927506	4.47547948102581	4.63798629743809
8.81154600258874	8.50654063476555	8.5410551820942
7.92597816741616	7.84554409695745	7.79769748601841
4.47808048129121	4.44948427249287	4.60322087927742
7.07875306510104	7.00574646096072	7.03357143405077
3.78943933446839	4.22271341064585	4.0005563768228
8.87140047189412	8.88608225683233	8.86527751818738
4.59921691879285	4.70154756050566	4.83063137538049
5.60405007252879	5.58101389519817	5.51868736906575
8.90801403946464	8.93549649023349	8.82057771071657
7.47280553925054	7.48670673644907	7.56909899471192
9.15894687433907	9.00853104982151	9.0357458052851
3.66545061719294	4.17591919916691	3.92749291463308
7.64449099855729	7.7042981715217	7.69412937547563
8.4714837846543	8.46659636006983	8.38436731834816
9.16631802597916	9.34760465847366	9.30185497134941
4.39127565375394	4.73421374942598	4.73752197098901
9.46485678613505	9.3892237476754	9.42101049922456
4.22553844927506	4.3685642771093	4.45512224028828
4.911429858847	4.84803364898315	4.86037871877454
4.79790091321659	5.12755617760551	4.89911111326326
8.56120065519626	8.51518190505955	8.57434380198728
8.75725892871924	8.83491530968639	8.84558171684646
4.73760040294877	4.76615664192874	4.85053093281819
4.44613758878846	4.35462508615143	4.71598880943937
3.9036103543877	4.35462508615143	4.12013799257547
4.29891163560528	4.65680924574038	4.55552413724612
8.23569556435795	8.0690039952504	8.13846464038206
9.94133634349552	9.96015854446776	9.9359579174085
4.21293841249543	4.12755617760551	4.33313171590967
9.35266926038944	9.34848408248192	9.32248447171016
9.31852533699704	9.34540375028039	9.35549952893813
8.72932962714814	8.7864167919952	8.83625592457437
8.61126957904187	8.84989799777702	8.94437354142968
9.29144038617415	9.29611434328391	9.29506367507615
4.14823272310762	4.11106805481694	3.8505309328182
4.05247374030218	4.29748117904782	3.92749291463308
9.05424066647637	8.94308503110882	9.04710779757895
8.42512545026563	8.55914874911771	8.52566628908078
8.23647392695622	8.27822662196787	8.35070434535762
8.86285635505736	8.77075644782318	8.83687952304567
7.67696460520998	7.70567151293039	7.71055492338874
8.54432683663186	8.46172786824762	8.47848949571271
8.55559794896688	8.60255259959502	8.59660805620577
5.36873308510285	5.49467304625913	5.48725486122909
9.28919144567059	9.22988982259592	9.24848389026639
4.06654892551391	4.38237007663434	4.27541621805338
9.07831897602272	9.0496675101528	8.99497965924537
7.45686399538152	7.67374910816209	7.57359571016814
4.25041311791409	4.56294232227616	4.3045625637129
4.31078573589357	4.35462508615143	4.33313171590967
4.05247374030218	4.3685642771093	4.12013799257547
4.9873787120803	5.21501901885585	4.96448712211528
4.45686399538152	4.3685642771093	4.68307418696663
8.75888511154131	8.68005062527502	8.73618552342619
9.1898165270411	9.19119638590861	9.17048137826511
8.14574888598179	8.18874323952449	8.24190695586313
6.86788843215374	6.69049237199666	6.67193362936143
8.16958204330105	7.89814499467385	8.00943452816926
7.64331759870335	7.75027360032208	7.70236552557539
9.45819920606534	9.38708547095242	9.44860893332961
7.19222570384514	7.30111975611117	7.28092619944567
7.31226315029908	7.09438931367031	7.20952828239693
6.27789385433621	5.95814340590083	6.04872365928331
8.25272327860129	8.11933567080054	8.12013799257547
8.26650709403439	8.18185215492065	8.16949153600269
4.74637061257651	4.53848927855161	4.61490268432505
5.93079518371393	5.81787167847289	5.93683077921242
7.87089927507099	7.76483971345675	7.75214176026178
4.94990400666164	5.06900399525039	5.07855888882407
4.60886708882657	4.9160520724118	4.94610859280042
7.26269144769253	6.97873734062774	6.98488692055692
4.20022736074588	4.73421374942598	4.82057771071656
9.68696451185323	9.71797310841878	9.72342714110322
8.79895512958859	8.82673424718269	8.87015973956713
6.20341563837692	6.11933567080054	6.26061921612531
8.31668633733326	8.22941250413304	8.1615482534951
9.18659802031665	9.17145341559487	9.20518789624897
3.91920720943872	4.09438931367031	4.49359638810292
8.30856677358858	8.47708873388747	8.44042572908158
8.58278444158086	8.69187891226763	8.64227365584119
3.1874033203883	3.85794911784823	3.83063137538049
8.46153183642436	8.4883035213834	8.45512224028828
7.38286341393774	7.43465346756708	7.53415048645355
8.7126444561199	8.47306223102012	8.39372169562414
8.22867133876003	7.96274530785984	7.87502549473894
5.59921691879285	5.84803364898315	5.77444853998737
5.6883874284701	5.75027360032208	5.87502549473894
8.18094829825099	8.33789544749373	8.31802482351947
9.79921856335923	9.74860901603578	9.76136871294338
4.41347139986814	4.95352677783046	4.96448712211528
4.70197649321805	4.97190530714531	4.7587384568987
5.34005033039877	5.52610555409579	5.50619642488255
4.83948001696799	5.29017637842459	5.39541599416401
7.87290301850544	7.80126677136881	7.7587384568987
4.47808048129121	4.47547948102581	4.38862682850138
4.70197649321805	4.55076760833006	5.06158581022036
2.77236582110945	3.42301206113168	3.41559387610164
4.60886708882657	4.6339088436303	5.16850101413687
4.03825988108249	4.66812455896821	4.54334942330002
8.48987905260948	8.63535081780421	8.53338125420878
9.04449568287866	9.16097917914296	9.11706078904647
6.45686399538152	6.50101457313295	6.71598880943937
4.549973399773	4.62232086935509	4.92749291463308
4.65617280360493	4.61063906430745	4.7587384568987
4.58950176395964	4.77664901574638	5.0357458052851
8.04538431551587	8.10899372657908	8.18524808897402
5.44074433001824	5.74494015601904	5.88952506443406
7.52852498050897	7.6003393109366	7.69962536323048
8.549973399773	8.54156867148359	8.47448756515521
4.78092783461287	4.99005265385557	5.027028588184
4.41347139986814	4.34054990093971	4.46806129599578
4.9947582424459	5.10275278660494	5.0953346015749
8.65326120818502	8.65111813366252	8.67751466162473
8.66487249855531	8.47949925247815	8.49280521997731
8.8734035198256	8.84554409695745	8.82561330061387
7.37863882807602	7.45765820393857	7.49042910902424
8.02029333455303	8.10899372657908	8.07327622074338
3.78943933446839	4.38237007663434	4.4288906987151
7.85070727239124	7.93021940433839	7.95532712282981
5.87190149466036	6.01242046688403	5.94610859280043
8.53169922830411	8.44948427249287	8.50776372002951
6.73319522382877	6.76878689797341	6.94610859280043
8.93655445300262	8.89874549209808	8.89072680964381
8.56430389373604	8.46416416779798	8.47047450264859
8.42239177812438	8.36074006066279	8.40554021143772
5.36873308510285	5.54464150553321	5.63224992788895
9.17324525739163	9.29474621132658	9.29324725048507
9.71348331361474	9.49586420777517	9.49991016203512
6.38847702040127	6.3511191426499	6.48725486122909
4.31078573589357	4.29748117904782	4.51868736906575
5.58950176395964	5.76615664192874	5.59144371150107
10.5800274059466	10.5206540683724	10.5354956567523
4.27486616163863	4.5988618965311	4.44206608746283
4.27486616163863	4.52610555409579	4.57956961121277
8.78252757054565	8.70292352154548	8.73952432390015
8.74199217206593	8.86841016419251	8.71869809669735
4.38004839833069	4.50101457313295	4.45512224028828
5.01667301887434	5.46254042531832	5.21529522561582
4.78943933446839	5.31917625014714	5.31891785668997
3.9947582424459	4.06044198174697	4.21529522561582
9.61126957904187	9.55990826218652	9.57770542302099
9.31815772454993	9.36117585436521	9.38649864543233
4.3573283218306	4.56294232227616	4.53107109352158
5.39685668601724	5.16797044605142	5.12831192402117
5.8798942854139	5.63966811291898	5.84558171684646
8.46086592593901	8.64253914877374	8.56458821967436
8.47280553925054	8.47628433183659	8.56609337895631
8.96266084959771	8.85671340467556	8.8499132085352
4.10796885289389	4.61063906430745	4.67193362936143
8.51703951041092	8.56748148189132	8.58922474919607
5.31078573589358	4.89694324946409	4.81045349344286
8.63920316719753	8.64253914877374	8.58922474919607
8.97390633718891	8.91723801168194	8.95475268720968
8.78625340374954	8.62159352119706	8.66703245246311
5.19382958954773	4.99904143708283	5.42225760638266
8.5531008561048	8.26431431511262	8.36633876129959
8.57172454468312	8.39434271830041	8.48486958368233
3.80631315303279	4.35462508615143	4.1036498697869
8.81935986014953	8.79030546022797	8.73350890848238
3.78943933446839	3.85794911784823	3.87015973956712
4.78092783461287	4.71251867832667	4.56759696954669
9.34727465716668	9.31603263325002	9.32826148097931
8.6660285042589	8.83742325476106	8.83063137538049
8.6872492074715	8.59219474455356	8.64013156926965
5.81050094999622	6.14790482299731	6.0005563768228
4.41347139986814	4.52610555409579	4.45512224028828
7.62560110458637	7.6003393109366	7.75346351485803
9.08999377856319	9.20242744142284	9.13339721318096
8.80840857103498	8.7980514924786	8.81868482388361
9.21767633150209	9.20825259755031	9.21289513349533
4.41347139986814	4.76615664192874	4.83063137538049
3.78943933446839	4.38237007663434	4.18426832999519
8.72988248978794	8.75625025115642	8.80025772633697
3.82299189417942	4.38237007663434	4.18426832999519
9.22357693294178	9.30520221611187	9.22961252844026
9.37546225055584	9.47708873388747	9.46079736156317
8.25656534489569	8.24744049654822	8.23529990127579
9.28053788316534	9.23275042176358	9.24801510227172
5.61366807509039	5.8330314856439	5.7639941823502
8.79155938634276	8.79611887994461	8.84743966306704
8.67639108302358	8.77730226232349	8.82120812149386
4.56987295721071	4.98100751425257	4.69412937547563
8.58584164772785	8.6003393109366	8.52024116032083
7.87089927507099	7.73421374942599	7.61199108890515
12.892480243459	12.8825195771329	12.8649336145063
11.9405603640179	12.0121429988495	11.9661981660489
4.94990400666164	5.14385798993461	5.11191748577051
5.03825988108248	5.22271341064585	5.65505981079704
9.72489908227368	9.53037445981973	9.60101997108415
8.14076834579631	8.14385798993461	8.14250580560393
9.46751123958103	9.41379888297035	9.46564404599009
8.5259805441512	8.57426355516359	8.52024116032083
9.05512331871613	9.22079365648248	9.154561823179
4.549973399773	4.78706563169172	4.87987489440034
6.4989894710542	6.16797044605142	6.27909187619678
9.11475801855653	9.10066645935647	9.02593522318972
8.89031806922887	8.84492103711581	8.87320275913213
3.68382914650779	3.85794911784823	4.0005563768228
8.53613147461937	8.74494015601904	8.78159221672597
8.47676355281923	8.50732834706516	8.55628165631886
9.17243201326588	9.14132294264574	9.09220397819623
6.42989694778125	6.37893099266756	6.43219584343878
4.72877655256177	4.69049237199667	4.87015973956713
9.61845313765577	9.53501708664481	9.56006329686129
8.59921691879285	8.61429979969177	8.57658575277395
4.29891163560528	4.23798016729916	4.50619642488255
8.91532377495149	8.99117931930986	8.96448712211528
9.27600229114286	9.18776081181142	9.26711158663596
8.46086592593901	8.36422272992408	8.33754498041233
9.4744560314119	9.52959923409398	9.48526740390846
7.22867133876003	7.23798016729916	7.05731115512003
4.53991973510908	4.73421374942598	4.67193362936143
6.93463725000832	7.07963554698029	7.06158581022036
7.14988624196013	6.89212623316632	6.86283019776864
9.36802292262684	9.34187529840628	9.38095063222574
6.30188933540517	6.09438931367031	6.16055226102138
7.72656213149633	7.71797310841877	7.83188317158995
3.58950176395964	4.38237007663434	3.90863388738176
8.017578949856	7.93725123811763	7.95876894165719
9.39998655475548	9.29474621132658	9.32159364424074
4.13493590049416	4.44948427249287	4.53107109352158
8.96030696583048	8.90114498544271	8.86099197916248
8.6758173327512	8.79611887994461	8.69481752003477
4.91920720943872	5.19950601948452	5.25316341120626
8.83794223564539	8.83679667710044	8.87563256188061
9.14367575005832	9.02457652918997	9.08592227723756
4.61845313765577	4.71251867832667	4.77964744666169
8.94800447374616	8.95294865919284	8.98544948443259
5.9984339005893	6.14790482299731	6.27909187619678
8.37510886536341	8.36248244618966	8.37581038317435
9.3063443931118	9.34584420060922	9.29324725048507
4.56987295721071	4.90652929829329	4.77964744666169
5.60405007252879	5.56899136694896	5.70510049329663
5.24423454298497	5.26058159623629	5.26803668768779
3.62797591177427	4.26803740115534	4.05302379671694
4.25041311791409	4.38237007663434	4.45512224028828
7.19703202158607	6.95121291199222	6.94610859280043
9.19823110327933	9.212606081279	9.31086058761327
6.73979795865302	6.86041737343898	6.97811898770305
7.88585995225028	7.73151964025672	7.68722981645794
7.37440183518955	7.55990826218652	7.57509150609362
8.25426133316157	8.40113988065418	8.36633876129959
8.27486616163863	8.37634628900656	8.25409749672991
5.67925641671797	5.73421374942598	5.78998939088314
8.72434430624651	8.7042981715217	8.68792125909801
8.61126957904187	8.64754975429969	8.6250472417306
9.41347139986814	9.39774530252125	9.42017849514101
9.38286341393774	9.38622927208997	9.3911765111224
9.48169584836146	9.45480259285887	9.44779269848979
9.28053788316534	9.1867777146416	9.17492728329631
8.75454454402221	8.87696854970283	8.83500791840581
8.79420507760483	8.80511567104844	8.7200508347626
8.93271749584496	9.04587735399043	9.00888124147373
8.50416971015987	8.44866432644017	8.49201361774023
4.88784303852939	5.01685271319929	4.94610859280042
8.69179671333565	8.58475048117945	8.61925908936919
4.48857285510886	4.69049237199667	4.70510049329663
4.36873308510286	4.65680924574038	4.71598880943937
8.3961602365512	8.274529771666	8.20083441252028
9.56275310884966	9.52610555409578	9.52489251859246
8.4950920484924	8.53076191652701	8.54487689304661
7.56120065519625	7.75160388630006	7.70646603532086
5.94610243650178	5.70704354826051	5.86527751818738
6.23802939345826	6.12755617760551	6.13643980490458
9.0577680399717	8.91010770866254	8.99330243172739
4.21293841249543	4.79740757591318	4.78998939088315
7.57726509144074	7.80511567104844	7.70373365753273
3.77236582110945	4.12755617760551	4.4288906987151
7.01667301887434	6.99679948629616	6.93915583215865
9.10157486233816	9.01906374051464	9.02210190710407
9.15894687433907	9.16547745244526	9.12627277874758
9.23374781863091	9.24319102354687	9.25035752045296
7.17283869263175	7.17789956329514	7.25875887409978
8.69689558193316	8.68841005981286	8.65929680368351
8.79842811769564	8.68771528732609	8.79577431971599
4.09429391599681	3.75558740021855	4.0357458052851
8.90410031704851	8.9201986017644	8.97131915559771
8.54369807434651	8.6201377238577	8.64013156926965
4.39127565375394	4.00797456185284	4.13643980490457
8.40933562529893	8.4205052055211	8.3304772624637
4.32256290366993	4.55076760833006	4.66070637393818
3.80631315303279	4.53848927855161	3.88952506443405
4.67466914722232	5.14385798993461	5.08697112864028
4.55995748834562	4.64540448246813	4.87987489440034
8.62856900326912	8.60770377328291	8.59955083140435
8.65559095441741	8.63823044958039	8.58700236871929
5.50416971015988	5.3685642771093	5.36806550601906
8.2703126753518	8.50654063476555	8.41726269646226
9.45552754781871	9.49149179901445	9.55400790479874
4.74637061257651	4.96274530785984	4.9916232520528
4.71096527644531	5.00797456185284	4.70510049329663
4.68382914650779	4.4883035213834	4.29006299401778
4.26269144769253	4.39604501353141	4.3045625637129
8.76105050788161	8.74293502012867	8.62721182584392
9.5336004300388	9.50850910967988	9.55703877784812
4.57972074316705	4.97190530714531	5.027028588184
3.77236582110945	3.95352677783046	3.90863388738176
8.63802545689467	8.61210447331195	8.63941683304454
7.35015428894287	7.26431431511263	7.33666340687992
9.28355370875457	9.24366380580274	9.28230041295572
5.09429391599681	5.06900399525039	5.08697112864028
4.8798942854139	5.16797044605142	5.27541621805339
3.91920720943872	4.51361460991258	4.18426832999519
5.45686399538152	5.69049237199667	5.58551887754396
8.5531008561048	8.5553451744366	8.57059945770822
8.5336004300388	8.33434856177139	8.34457824256078
8.4414195909905	8.50968890669879	8.49833430710958
9.66168869839674	9.65822852282571	9.67123447982466
3.78943933446839	4.19168651502522	4.13643980490457
4.73760040294877	4.83804956041052	4.78998939088315
4.09429391599681	4.38237007663434	4.21529522561582
4.94229082255176	4.88729307943037	4.94610859280042
3.73760040294878	3.77664901574638	4.12013799257547
4.12151538473183	4.58698779624281	4.51868736906575
8.92017643691279	8.89994573762561	8.89911111326326
8.96313116583362	9.04044551383547	9.04602955011405
3.97996124051782	4.51361460991258	4.29006299401778
7.07701592456498	6.77141236738023	6.83063137538049
7.85476834485717	7.73824550344503	7.81045349344286
7.06654892551391	7.11313940483663	7.02484102894622
9.44310636195418	9.44989407083134	9.43466974237174
9.50997533184108	9.483107495395	9.52373108417506
8.43600863278298	8.32812045139819	8.40638069794031
4.43533083383188	4.77664901574638	4.89911111326326
8.77665317951255	8.66247799582707	8.64654831094152
5.96124898025565	5.90652929829329	5.7587384568987
4.87190149466037	4.29748117904782	4.38862682850138
6.24423454298498	6.51674749939755	6.45512224028828
8.60886708882657	8.34319947935366	8.40554021143772
8.80945513984467	8.93549649023349	8.88531105547668
9.34077439316975	9.29930161467219	9.37623943746476
5.0094050184103	5.14385798993461	5.11191748577051
8.62560110458637	8.71456650697553	8.70987424631035
8.7846577961684	8.88122877861012	8.83563205643886
5.60886708882657	5.90174423572791	5.85546322836043
9.09085483203004	9.08597707385411	9.08224528078645
6.70872332565864	6.56597001497372	6.55855182994369
8.76537157450656	8.61576149692004	8.67123447982466
7.63389588331809	7.70017028589902	7.75214176026178
4.51959975072948	4.9160520724118	4.72679556439595
3.60886708882657	3.19168651502522	3.05302379671694
9.5760356963592	9.38065155940803	9.39710830525647
8.34511115507532	8.29657009910539	8.30004708259041
7.56987295721071	7.45928744752323	7.48088533635336
7.23491678159093	7.36682922573856	7.26618589199984
8.29293773456065	8.16097917914296	8.10157554154905
9.61546433393321	9.60218395386901	9.60358737109722
8.7226786970091	8.64540448246813	8.54716506964188
6.77021735453087	6.55076760833005	6.56458821967436
9.27751574005258	9.27822662196787	9.30049926721749
8.94610243650178	8.85051891237274	8.79256333454697
7.9546419256683	8.09857711063374	8.06371839751317
4.8798942854139	5.00797456185284	5.04441066641223
4.96501089905185	5.07751549510591	5.08697112864028
9.43533083383188	9.49427577376842	9.51050239618379
9.3898770156988	9.44661242019058	9.45715163300003
4.71989840121531	5.21501901885585	5.07855888882407
9.17161831045757	9.22893502769615	9.22913756710564
5.6883874284701	5.74494015601904	5.92280121930836
4.60886708882657	5.07751549510591	5.27541621805339
8.84203934891626	8.93666655926834	8.94379472696218
5.31078573589358	5.60476249797078	5.36114609207927
6.78518986146704	6.9136772652239	7.05302379671694
6.15153786783129	6.35812253038766	6.31891785668997
8.26650709403439	8.22845739318065	8.28184248721282
5.58461954257989	5.92551240166086	6.04008474100944
8.50416971015987	8.66106289513402	8.68168631284239
7.13326514750965	7.35111914264989	7.3117580651171
5.76375269080474	6.00797456185284	5.85053093281819
8.38286341393774	8.43050659767861	8.43713940638291
4.0094050184103	3.81787167847289	4.08697112864027
6.23802939345826	6.69603055553809	6.54028962355096
4.55995748834562	4.61063906430745	4.76923083071635
6.24113530432609	6.0690039952504	6.17640621222222
6.00210021778707	6.20728337007624	6.16453211193393
4.53991973510908	4.99005265385557	4.9553271228298
4.73760040294877	5.22271341064585	5.0953346015749
4.62797591177427	4.96274530785984	4.81045349344286
4.27486616163863	4.90652929829329	4.68307418696663
5.25041311791409	5.37548369104909	5.49991016203512
8.74746314957752	8.7535970181495	8.7607115983609
8.71488032644869	8.7042981715217	8.63727049735351
4.63743624102334	4.75558740021855	4.78998939088315
4.40241621135914	4.76615664192874	4.66070637393818
8.97016757243786	9.01685271319929	8.9921831957978
4.72877655256177	5.16797044605142	5.0005563768228
4.911429858847	5.06900399525039	4.87015973956713
6.82919704370613	6.79740757591318	6.93915583215865
5.63743624102334	5.85299990187649	5.67751466162473
4.25041311791409	4.83804956041052	4.82057771071656
9.91605271561923	9.96015854446776	9.94466286160329
4.56987295721071	4.84803364898315	4.82057771071656
9.6806869523244	9.64146317976857	9.64939106071034
6.25349251084607	6.68493284665476	6.43219584343878
7.21609875338876	7.33168266318548	7.3472069011214
5.57972074316705	5.93491109966311	5.97811898770305
5.88387413632644	6.10275278660494	6.04872365928331
6.01667301887434	6.00351491366214	6.09949822651644
5.24423454298497	5.29748117904782	5.29733099448183
6.19062003307184	6.35462508615143	6.3541933314375
5.7463706125765	6.17591919916691	6.07855888882407
9.41243856719721	9.33079293448575	9.3541933314375
5.19382958954773	5.4883035213834	5.53107109352158
5.83125951016302	5.97646358910762	6.01825837855626
4.43533083383188	4.64540448246813	4.88952506443406
5.23802939345826	5.31198074874294	5.19208783445449
6.56492374123898	6.57501515457673	6.44206608746284
5.87590342521786	6.16397958585538	6.14854640776123
4.8798942854139	5.13573010905121	5.12013799257548
4.48857285510886	4.79740757591318	4.70510049329663
4.88784303852939	4.92551240166086	4.78998939088315
8.06654892551391	8.18086502177171	8.13947599341394
6.46751123958103	6.76352158176077	6.72679556439595
9.1837759248838	9.22367233061528	9.23577283851683
5.90752540439109	6.10275278660494	5.91337180638843
4.64683493902559	5.15997765529788	4.78998939088315
4.55995748834562	4.80767591136701	4.67193362936143
4.09429391599681	4.38237007663434	4.29006299401778
7.0257068307394	7.13776637620773	7.05302379671694
6.42717231044471	6.46578608482197	6.37838279700457
4.12151538473183	4.78706563169172	4.51868736906575
8.65907853478034	8.72476227408141	8.67053499130628
4.57972074316705	4.75558740021855	4.71598880943937
4.38004839833069	4.22271341064585	4.41559387610165
3.96501089905184	4.26803740115534	4.54334942330002
9.08265400044094	9.10743602078706	9.12983939376777
2.549973399773	2.99005265385557	3.24566887465933
5.28091520631144	5.31917625014714	5.32604229112335
5.58950176395964	5.77141236738024	5.71055492338874
8.36090200471042	8.55990826218652	8.60688161466174
4.83948001696799	5.21501901885585	5.16850101413687
9.30856677358858	9.45969447109509	9.46967054885744
7.41622201088418	7.72069260977236	7.4486089333296
4.57972074316705	4.94424896424245	4.64939106071034
9.23530622552389	9.17045913916621	9.25782780272775
9.46053285539826	9.49626104316232	9.49082539938269
6.63743624102335	6.64253914877374	6.64654831094152
7.49379056437988	7.46254042531832	7.51557475719842
9.74062117981138	9.78316820912992	9.75775087326113
7.26879164722895	7.1739361128878	7.34194478571599
4.34583268299278	4.56294232227616	4.59144371150106
5.81884025090895	5.78706563169172	5.96448712211528
3.80631315303279	3.93491109966311	4.49359638810292
8.59740030360102	8.54617547169675	8.58105922935326
4.82299189417942	4.62232086935509	4.74816921518852
4.911429858847	5.09438931367031	4.96448712211528
6.8658777070326	6.7042981715217	6.68029710229606
8.48071073733589	8.49626104316232	8.46886614680655
7.73209182412612	7.67515182586218	7.6578858548758
7.49379056437988	7.59590252105055	7.53261161159736
8.33497169036101	8.34672469806767	8.43960484994655
8.7047915088251	8.8095931143613	8.73484783669068
8.79948194903607	8.68841005981286	8.73015614136596
8.54683914904887	8.50575249213962	8.4664502460898
8.6895247521718	8.63535081780421	8.60907360552285
3.78943933446839	3.99005265385558	4.21529522561582
9.10456225145064	9.1270437659358	9.06691137935703
5.363041973025	5.38237007663434	5.40217336033932
9.3719244973341	9.37634628900657	9.32470913682468
7.02029333455304	7.04750292603948	7.06797413818291
9.05335747389238	8.9877966799152	9.05570488843985
8.97716982712026	8.99792089718891	8.9921831957978
8.52215545563324	8.53153651790985	8.4880490781723
8.38426886464888	8.37202813241288	8.36547461330078
4.40241621135914	4.80767591136701	4.72679556439595
9.21175149754499	9.12396546809461	9.06956680996294
8.84101616090111	8.82483970319291	8.80472724320507
6.40795439490057	6.22654527223688	6.24190695586313
6.01304359547365	6.13573010905121	5.95991439232546
7.96030696583048	7.78965807630824	7.81045349344286
4.8798942854139	4.93491109966311	4.87987489440034
8.72545364504848	8.71251867832667	8.74152390154651
7.03110008950962	6.99679948629616	6.93915583215865
9.04715994040572	9.05128881960332	9.0324830182761
9.08222108369624	9.05560342481059	9.02484102894623
7.38847702040127	7.43630888374514	7.48884285813228
9.12446180888834	9.0023978442754	9.06584783707452
4.22553844927506	4.06044198174697	4.15255947026785
8.42033811935641	8.31917625014714	8.28275819339455
8.34077439316975	8.27267778804725	8.18622718303325
9.12277887484986	9.10223148757817	9.02484102894623
5.08740753041157	5.08597707385411	5.11191748577051
4.27486616163863	4.50101457313295	4.50619642488255
6.7353994947555	6.88487041716351	6.74551476174254
8.22396944961972	8.33257184351618	8.31623709709382
7.56863724403804	7.51518190505955	7.60468628828191
3.93463725000833	4.46254042531832	4.3749518916043
8.43057730386125	8.79998151957701	8.71327442474233
9.25963164794347	9.16797044605142	9.21625414558524
9.48595690690185	9.29748117904782	9.2968778155741
8.49248790511224	8.47064092408944	8.52256871399733
9.42444251768914	9.41673673570519	9.39329780990319
8.52023910152253	8.42884450643384	8.43219584343877
9.06742408176816	9.05560342481059	9.05570488843985
8.12572272233282	8.12139519297884	8.10675578065473
4.67466914722232	4.42301206113168	4.70510049329663
9.00210021778707	9.00686094154213	8.95876894165719
4.62797591177427	4.75558740021855	4.76923083071635
8.82816470374015	8.93958758687259	8.88410478864981
8.28468301999884	8.32007316969166	8.38947722348084
8.51639873978484	8.46497535423537	8.48168306655942
4.9947582424459	5.38237007663434	5.49359638810292
8.51959975072948	8.51126047007956	8.61126227098569
6.91532377495149	6.75293294677258	6.90388035741112
6.46485678613505	6.41966861805731	6.52798511364784
8.84765394841369	8.92904409263112	8.91750476001757
4.22553844927506	4.44948427249287	4.48088533635336
8.34294440366795	8.35550024240568	8.3045625637129
5.11475801855653	5.15194033623247	5.48725486122909
7.08395197177535	7.1739361128878	7.15255947026786
8.60886708882657	8.58325700791886	8.56609337895631
8.7126444561199	8.88547646423855	8.8979163346932
9.24809925207585	9.29474621132658	9.2545643127964
9.10881924787335	9.10535646000769	9.11037091241437
7.67811096604971	7.76615664192874	7.77575002409988
6.4595331821575	6.47225558015153	6.38180556264536
8.45084020775375	8.27267778804725	8.3045625637129
5.39685668601724	5.43630888374514	5.45512224028828
4.43533083383188	4.53848927855161	4.4288906987151
4.69293135361504	4.94424896424245	4.80025772633697
8.02029333455303	7.93373960545267	7.92044963762896
4.1874033203883	4.32633604172	4.73752197098901
8.52725332327292	8.37893099266756	8.37838279700457
9.062604139411	9.274529771666	9.2968778155741
8.66081916846129	8.56748148189132	8.59955083140435
8.56554332254156	8.51283032338015	8.50541213835012
9.25656534489569	9.18234546832634	9.2592241845508
12.145230881222	12.208676429902	12.1951916489897
5.81050094999622	5.44948427249287	5.81045349344286
7.12656271946915	7.36856427710931	7.27725521771717
9.1699895267216	9.02622626640906	9.09585571230511
9.14574888598179	8.96847711929643	8.9769879056844
6.95180104183424	6.9136772652239	7.09741791607539
9.38532205489463	9.3746205770294	9.33930651303764
4.32256290366993	4.38237007663434	4.71598880943937
4.52979551783537	4.66812455896821	4.71598880943937
5.21293841249543	5.36161151646754	5.3045625637129
6.83948001696798	7.04533508935676	6.95532712282981
5.08048811647178	4.76615664192874	5.05302379671694
7.79579016662078	7.80895432974121	7.80663851975869
8.63861443222062	8.70704354826051	8.60468628828192
7.4038027516301	7.48030186448266	7.36287905930372
4.44613758878846	4.53848927855161	4.49359638810292
9.33023974830339	9.26943108509005	9.32959135820442
5.39127565375394	5.7922458707974	5.88470804813628
5.39685668601724	5.19168651502522	5.47448756515521
9.67753789949167	9.66741994599162	9.70987424631035
4.28693899393921	4.47547948102581	4.41559387610165
4.69293135361504	4.67935181439147	4.67193362936143
9.64624931082965	9.7042981715217	9.63762844178926
4.80631315303278	5.14385798993461	4.62649065860026
8.63330497811184	8.4519413182884	8.54487689304661
4.47808048129121	4.52610555409579	4.4288906987151
9.26726901379907	9.29474621132658	9.30411165105385
5.43533083383188	5.3685642771093	5.51245541535424
8.61964692757982	8.45439418661668	8.57658575277395
8.28543540334882	8.20825259755031	8.28000932935387
4.45686399538152	4.58698779624281	5.027028588184
3.96501089905184	4.07751549510591	4.27541621805338
9.21451944831491	9.03935668733783	9.05248697995134
4.25041311791409	4.11106805481694	4.3749518916043
4.06654892551391	4.3685642771093	4.16850101413687
3.94990400666164	3.81787167847289	4.18426832999519
4.70197649321805	4.62232086935509	4.51868736906575
9.55153797539634	9.62232086935509	9.59255191412185
5.56492374123897	5.67935181439146	5.67193362936143
7.21451944831491	7.23608063438368	7.29733099448183
8.3130012905254	8.45684289165867	8.46886614680655
9.10754346735612	9.03061636501428	9.05356041381105
7.9678259146589	7.79740757591318	7.78353436874584
8.73595003665911	8.68074909783327	8.62937316713339
8.53106493722294	8.54617547169675	8.57882422496995
5.82299189417942	6.12755617760551	5.9916232520528
7.63625708685807	7.33168266318548	7.28458786395163
8.69689558193316	8.55990826218652	8.56609337895631
3.91920720943872	3.97190530714531	4.3749518916043
5.8021131645035	5.76088169988807	5.72140230562573
4.74637061257651	4.9160520724118	4.74816921518852
4.20022736074588	4.88729307943037	4.78998939088315
8.55684487647829	8.46740618049014	8.45512224028828
7.81050094999622	7.88971168023302	7.84682061347982
8.42444251768914	8.53231070362249	8.53722332050318
3.97996124051782	4.38237007663434	4.33313171590967
4.38004839833069	4.64540448246813	4.73752197098901
4.60886708882657	5.12755617760551	4.80025772633697
7.42033811935641	7.56294232227615	7.57059945770822
4.22553844927506	4.67935181439147	4.55552413724612
8.53991973510908	8.52143411437189	8.56458821967436
8.64214324370087	8.7668146556418	8.76202552836145
9.1071179563544	9.18579394710202	9.21577476527152
9.26001447799505	9.16497833635625	9.10623859296649
4.3573283218306	4.28283440308342	4.3472069011214
9.06829870746387	9.0833381577335	9.03791690432673
5.40241621135914	5.6960305555381	5.72679556439595
8.42033811935641	8.47628433183659	8.49359638810292
8.6409679319936	8.65680924574038	8.58105922935326
4.45686399538152	4.5988618965311	4.64939106071034
3.73760040294878	4.20728337007624	4.23056198226913
4.65617280360493	4.97190530714531	4.68307418696663
8.25118358257374	8.3917855033782	8.38180556264536
5.15483545793186	5.32633604172001	5.26803668768779
7.16795095772212	7.33878080808666	7.33842601557919
9.44006875283854	9.43630888374514	9.36417742001013
9.56057920567517	9.51987360038427	9.5144057942384
9.32439443246852	9.21115637922345	9.29506367507615
4.73760040294877	5.17591919916691	5.06158581022036
8.81050094999622	8.79418367503889	8.74152390154651
8.88585995225028	8.70841427999393	8.66773364083214
9.7115252201903	9.63679135216342	9.63727049735351
4.80631315303278	5.04316399031514	5.28275819339455
7.03110008950962	7.05829351516839	7.24002231151819
5.4989894710542	5.92078999141846	5.69962536323048
4.67466914722232	4.61063906430745	4.56759696954669
7.76267242490561	7.6353508178042	7.6592968036835
4.1874033203883	4.29748117904782	4.21529522561582
8.61666059854644	8.52377172499548	8.47288367945263
9.15812552786605	9.08439430349142	9.13643980490457
8.61066933146056	8.55076760833006	8.59144371150106
4.12151538473183	4.55076760833006	4.48088533635336
8.56801899031489	8.54387391038827	8.54716506964188
4.68382914650779	4.87757792459716	4.9916232520528
9.25771597239857	9.3088213965383	9.36071252482104
8.12151538473184	8.18086502177171	8.17640621222222
8.44006875283854	8.42217692649714	8.41642852758046
8.36944289817542	8.32276058749618	8.35680454489404
6.9762381544751	7.11933567080054	7.19403610624401
8.4694988794466	8.34143363452991	8.30726508409272
8.41690884500373	8.16198000820903	8.29551742410989
7.19222570384514	7.25683919455047	7.17245902770556
4.22553844927506	4.7234069944694	4.59144371150106
8.42853527232303	8.35462508615143	8.33401544949987
6.79367632735486	6.65680924574038	6.61490268432505
4.73760040294877	5.25308705968937	5.01825837855626
6.83331903234131	6.78186672501739	6.92514897416478
8.48661133877557	8.44455759141295	8.45430968321758
9.36731241040323	9.38065155940803	9.38479383573217
9.42512545026563	9.26478022664288	9.22961252844026
4.03825988108249	4.78706563169172	4.54334942330002
8.15894687433906	8.17987721273559	8.10675578065473
4.29891163560528	4.73421374942598	4.71598880943937
8.84816328470879	8.80383384507261	8.84310072734271
9.68468492213797	9.69672133603532	9.68133913559589
8.36873308510286	8.51752965991597	8.49359638810292
4.1874033203883	4.12755617760551	4.13643980490457
9.60946808656111	9.57313542135851	9.57845138738139
4.03825988108249	4.56294232227616	4.2606192161253
8.48726547392207	8.41883154519316	8.42971769503519
8.65965897938317	8.71865346449877	8.64013156926965
4.71096527644531	4.84803364898315	4.81045349344286
5.14159963077517	5.56294232227616	5.44860893332961
8.71040511528863	8.68493284665476	8.65081033779568
8.93175665995138	8.92727932783505	8.93857492011502
3.48857285510886	3.69049237199667	3.92749291463308
7.31521344793438	7.37029724433376	7.36806550601906
5.549973399773	5.65111813366252	5.62070830600626
4.45686399538152	4.43630888374514	4.3749518916043
4.57972074316705	4.97190530714531	4.9553271228298
9.05114712407915	9.2193521625665	9.14048663796728
6.9984339005893	7.12550543804074	7.05516906854849
9.50222929959044	9.39774530252125	9.41767960010363
4.34583268299278	4.8279958957466	4.86037871877454
8.73979795865302	8.60107745116293	8.59365926613289
7.271832101549	7.24555338700396	7.3454549943598
3.73760040294878	4.20728337007624	4.1036498697869
8.18820817119907	8.02347565539302	8.00278104193732
8.30560283820424	8.20145429127405	8.18720561307474
7.28844101910444	7.29565844344101	7.21337547145245
4.71096527644531	4.93491109966311	5.25316341120626
8.45485885949114	8.30293560913993	8.43631665469771
8.55559794896688	8.58026541526393	8.59292112590656
5.86386417559495	5.87757792459716	6.04872365928331
8.52151695372377	8.32007316969166	8.3454549943598
3.46751123958103	4.20728337007624	3.81045349344286
4.95747722636644	4.99904143708283	5.21529522561582
5.52979551783537	5.93021940433839	5.82561330061387
8.45418986108319	8.31017625189619	8.33489864208386
8.83794223564539	8.86411185699672	8.77379735738056
7.68268732211824	7.8279958957466	7.87623937368383
6.15483545793186	5.99005265385557	6.02702858818399
7.31226315029908	7.24555338700396	7.43549343353935
4.78943933446839	4.86779690380458	4.87015973956713
9.60766434174491	9.52455008759374	9.54830779844689
6.95936433591071	6.89212623316632	6.97358932922253
4.55995748834562	5.16797044605142	4.74816921518852
9.5414952458487	9.57162986939209	9.54028962355096
8.75128052670031	8.57426355516359	8.55324919058673
8.96266084959771	8.92551240166086	8.96220256892073
4.1874033203883	4.14385798993461	4.38862682850138
7.88387413632644	8.03006833270346	7.99274292229983
8.68040095865891	8.76088169988807	8.69550533651545
9.11475801855653	9.04153351919691	9.08066655178607
8.62024345231061	8.6603548239341	8.64654831094152
6.363041973025	6.40959154536936	6.54028962355096
9.3479951041434	9.12960400625437	9.21049104188604
4.02390458810541	4.29748117904782	4.16850101413687
9.50900934918639	9.5022005124031	9.54640274727757
4.25041311791409	4.20728337007624	4.01825837855626
4.45686399538152	4.39604501353141	4.80025772633697
4.9873787120803	5.19950601948452	5.20760083382582
9.90899081339558	9.93256715919481	9.96391632288295
9.22318430944204	9.18825210929306	9.12116227024782
5.363041973025	5.31917625014714	5.40217336033932
9.13159245741979	9.04912666851914	9.08958992594837
4.41347139986814	4.7234069944694	4.90863388738176
4.78092783461287	4.7234069944694	4.81045349344286
8.66255770457153	8.67515182586218	8.66281815041803
4.82299189417942	4.94424896424245	5.08697112864028
8.60103124941247	8.4714484780097	8.51167452492061
6.96501089905185	6.7948290318114	6.82309770269508
4.62797591177427	4.96274530785984	4.92749291463308
8.46219743968456	8.29474621132658	8.26711158663596
9.29181486899024	9.39476848045221	9.3454549943598
8.4957423505277	8.50654063476555	8.58774354265847
4.46751123958103	4.55076760833006	4.62649065860026
4.81467662596741	4.98100751425257	4.97358932922253
8.61666059854644	8.64325601588955	8.64939106071034
9.15894687433907	9.14840987990458	9.20808293743628
8.63330497811184	8.40959154536936	8.4288906987151
6.26269144769253	6.31198074874294	6.30095131016052
4.911429858847	4.99904143708283	4.97358932922253
4.89574823661473	5.07751549510591	5.00943452816926
8.64273054069285	8.48030186448266	8.39626239784971
9.24771324671143	9.32410242145516	9.31444715264475
7.3814565927235	7.37375694632962	7.30275806686615
5.04538431551587	5.30474917951186	5.36114609207927
9.29555436056262	9.25496434693004	9.29551742410989
4.84765394841369	5.46254042531832	5.20760083382582
4.10796885289389	4.3685642771093	4.56759696954669
5.32841562991537	5.34054990093971	5.50619642488255
7.25195363598988	7.26989534737592	7.30275806686615
4.22553844927506	4.57501515457673	4.64939106071034
7.78731616257542	7.55838883598932	7.60175398027876
4.29891163560528	4.99005265385557	4.82057771071656
5.00210021778707	5.18382439725226	5.0357458052851
4.9036103543877	4.97190530714531	5.07855888882407
5.03110008950962	5.01685271319929	5.05302379671694
8.55434994279832	8.35637486810139	8.45024001890854
3.68382914650779	4.35462508615143	4.3045625637129
7.56740047153119	7.53540329867787	7.60907360552286
7.20022736074588	7.10483610110543	7.02702858818399
9.13451839360631	9.18776081181142	9.21049104188604
4.20022736074588	4.39604501353141	4.41559387610165
4.59921691879285	4.66812455896821	4.66070637393818
9.28091520631144	9.22654527223688	9.20373819419341
4.03825988108249	4.6339088436303	4.40217336033933
8.45552754781871	8.22271341064585	8.21049104188604
8.05247374030219	8.08703129022611	8.0313937807454
8.58645231230454	8.69464800148798	8.64797038601072
4.64683493902559	4.62232086935509	4.70510049329663
4.8798942854139	5.06044198174697	4.80025772633697
7.77772303127896	7.80895432974121	7.77834947532727
7.00392988834415	7.04750292603948	7.06584783707452
7.42444251768914	7.48030186448266	7.44042572908158
5.40241621135914	5.11933567080054	5.23056198226912
9.09472322563869	8.80190896814812	8.87805827920851
4.61845313765577	4.4883035213834	4.55552413724612
8.29742047780753	8.44866432644017	8.44779269848979
8.60042672602592	8.44620168850357	8.52721258616438
8.80788500178921	8.79998151957701	8.71734408905138
8.22632230968059	7.99792089718891	8.09429181508867
6.45686399538152	6.58101389519817	6.69137351018512
4.41347139986814	4.53848927855161	4.54334942330002
4.73760040294877	5.00797456185284	4.94610859280042
4.88784303852939	4.80767591136701	4.70510049329663
9.10626655766289	9.11830480613297	9.15756015132622
9.91435128078532	9.90294199008554	9.80504596518602
4.3573283218306	4.53848927855161	4.49359638810292
4.33424470871757	4.40959154536936	4.33313171590967
4.02390458810541	4.35462508615143	4.4288906987151
4.93463725000833	4.96274530785984	4.87987489440034
8.58767286655745	8.4519413182884	8.48884285813228
5.79790091321659	5.78706563169172	5.81045349344286
7.6315308089509	7.76220224464012	7.74152390154651
5.51447471855161	5.80767591136701	5.85546322836043
4.56987295721071	4.99005265385557	4.88952506443406
8.10626655766289	8.0409896190808	8.01825837855626
6.83537561863525	6.7948290318114	6.82812451976992
5.16795095772212	5.40959154536936	5.27541621805339
4.85578182929709	4.92551240166086	5.00943452816926
8.42239177812438	8.248383126468	8.33489864208386
4.38004839833069	4.83804956041052	4.82057771071656
8.48595690690185	8.53848927855162	8.54028962355096
5.363041973025	5.33346047615339	5.38180556264536
9.00849393846787	8.98100751425257	8.97302212062828
4.41347139986814	4.46254042531832	4.15255947026785
9.3386011137617	9.41631740855767	9.40259464667343
4.74637061257651	5.04316399031514	4.81045349344286
7.54495532500638	7.21887134435146	7.37151280763753
8.54872051646292	8.55762852237969	8.51245541535423
4.67466914722232	4.77664901574638	4.72679556439595
7.43261644913485	7.54464150553321	7.56458821967436
5.79367632735486	6.02127138446629	6.10364986978691
4.32256290366993	4.65680924574038	4.71598880943937
8.46019970794478	8.4519413182884	8.46160627385848
6.92114501368021	7.24744049654823	7.30636480634689
8.43329552424312	8.49308329949674	8.4951774239224
5.58950176395964	5.85794911784823	5.78998939088314
8.21767633150209	8.3254430085495	8.32248447171017
8.12235783441469	8.07220169520945	7.99050271215888
5.50933141527566	5.57501515457673	5.57956961121277
8.8021131645035	8.66953275336102	8.71327442474233
9.23101654931313	9.21115637922345	9.21912708720684
4.59921691879285	4.83804956041052	4.82057771071656
9.22082632192574	9.21018910125165	9.26201290006002
8.5913283458127	8.56974571731432	8.60248761621671
7.4595331821575	7.23036698318929	7.3045625637129
5.27486616163863	5.40283417919405	5.53107109352158
3.87190149466037	3.71251867832666	3.68307418696663
8.17527636435937	8.12755617760551	8.10985501931361
5.93079518371393	5.87269570321742	5.81045349344286
5.23802939345826	5.53231070362249	5.72140230562573
8.49053170814691	8.4714484780097	8.44206608746284
9.23374781863091	9.07592340919019	9.14955072039551
4.29891163560528	4.85794911784823	4.94610859280042
4.34583268299278	4.5988618965311	4.46806129599578
4.40241621135914	4.81787167847289	4.72679556439595
4.95747722636644	5.07751549510591	5.3472069011214
9.05600543127244	9.18185215492065	9.15506197747102
8.66313675135469	8.57651717974196	8.56006329686129
8.94276782538001	8.87391780836537	8.89312730111426
6.28393024406687	6.18382439725225	6.25316341120626
4.1874033203883	4.15997765529788	4.23056198226913
4.97996124051782	4.89694324946409	5.16850101413687
4.05247374030218	4.19168651502522	4.33313171590967
6.32256290366992	6.56294232227616	6.60615021031609
5.87190149466036	6.18776081181143	6.26061921612531
9.21846447412802	9.19804308708854	9.19695358962631
7.25041311791409	7.51204561025724	7.47608966975172
9.50222929959044	9.44537987416014	9.51401592934185
8.82816470374015	8.81532948391044	8.8499132085352
4.32256290366993	4.34054990093971	4.45512224028828
8.43939285915511	8.35899556826053	8.37838279700457
9.09343491326772	8.95929525829007	9.01109311625102
8.91337813063652	8.97589459085891	8.95532712282981
9.14326076514509	9.10275278660494	9.16998654202603
8.24423454298497	8.12345177927277	8.10778960014783
8.8888335603952	8.76615664192874	8.77379735738056
4.67466914722232	4.11106805481694	4.27541621805338
4.62797591177427	4.83804956041052	4.87015973956713
8.34005033039877	8.35899556826053	8.37666836419332
9.2970474474135	9.19901854016213	9.21769133153264
8.92356361448286	8.96561406012919	8.98432413722976
5.02390458810541	5.07751549510591	5.06158581022036
8.40241621135914	8.51674749939755	8.47288367945263
8.38917718786995	8.37806993920071	8.31623709709382
4.14823272310762	4.57501515457673	4.53107109352158
6.9818191867384	6.93958758687259	6.91100479184451
9.07658131240899	9.04587735399043	9.08066655178607
3.85578182929709	4.22271341064585	4.05302379671694
8.48071073733589	8.46497535423537	8.48486958368233
5.47808048129121	5.70154756050566	5.44860893332961
7.96688818629251	7.94657401718869	7.9610589342664
4.4989894710542	4.3685642771093	4.83063137538049
8.72656213149633	8.62377446649658	8.70851192794577
5.36873308510285	5.23798016729916	5.36114609207927
5.25041311791409	5.40959154536936	5.48088533635336
8.86134330296179	9.03116418922473	9.00722010710381
4.20022736074588	4.26803740115534	4.54334942330002
8.06829870746387	8.30927315637944	8.34282313888825
9.19783152010522	9.13522059287396	9.16204599199957
8.32182964060922	8.57576636263374	8.50854672956889
8.47280553925054	8.51518190505955	8.49754573368689
5.48857285510886	5.60476249797078	5.67193362936143
7.38286341393774	7.7301706966887	7.64512483273931
4.3573283218306	4.64540448246813	4.63798629743809
8.52470664116257	8.49626104316232	8.49991016203512
8.50352319657483	8.41966861805731	8.47127800867932
4.44613758878846	4.65680924574038	4.71598880943937
5.42444251768914	5.75027360032208	5.69412937547563
9.31373905328292	9.35550024240568	9.41308702049107
5.16795095772212	5.08597707385411	5.29733099448183
13.2094738441948	13.2109750639964	13.1877251342618
12.6944192160359	12.7401733999606	12.7130196891469
4.13493590049416	4.83804956041052	4.86037871877454
4.77236582110945	4.77664901574638	4.94610859280042
8.5931526179726	8.58176198701732	8.6156296659685
4.20022736074588	3.9160520724118	4.3045625637129
2.9947582424459	2.95352677783046	3.36114609207926
8.35875885743705	8.23227404895394	8.24848389026639
5.58461954257989	6.07751549510591	5.91337180638843
6.71096527644531	6.50417491402628	6.43219584343878
8.15071229124745	7.85175994044143	7.98713586106048
4.23802939345826	3.93491109966311	4.3045625637129
9.08697603794809	9.05020814911018	9.04062619158472
8.59558139807635	8.65111813366252	8.72477545432369
4.25041311791409	4.25308705968937	4.50619642488255
4.549973399773	4.8279958957466	4.78998939088315
8.84255067092795	8.89272924050671	8.85546322836043
7.44748275908721	7.61940927393519	7.54182033461327
5.25041311791409	5.32633604172001	5.25316341120626
8.83948001696799	8.96618712668723	8.99162325205279
8.68097288930699	8.78446852020568	8.77640032613519
7.23335795373436	7.42967579141269	7.40385776805068
4.38004839833069	5.00797456185284	4.92749291463308
9.4688366370476	9.45521088351983	9.40090876270608
5.69293135361504	5.6960305555381	5.7321687364948
4.88784303852939	4.7234069944694	4.97358932922253
8.45084020775375	8.31468326912276	8.28092619944566
5.62797591177427	5.4883035213834	5.3749518916043
5.87590342521786	6.00797456185284	6.24566887465933
8.44546453300724	8.64969184087123	8.64725952369484
8.40241621135914	8.42134130814717	8.33313171590967
8.80631315303279	8.91248839408872	8.91986114280502
9.47313578877491	9.39817006184741	9.34808205737564
8.7047915088251	8.73084532613326	8.78870069491457
5.8021131645035	5.94424896424245	5.94610859280043
8.57787939634288	8.51674749939755	8.50776372002951
8.1206724428201	8.21212300910276	8.20567080672742
7.77451109294101	7.77534163455959	7.83937122494465
8.58767286655745	8.83930135661998	8.83188317158995
4.12151538473183	4.17591919916691	4.53107109352158
7.37722787926831	7.3650920852025	7.31891785668997
6.23491678159092	6.39944358999328	6.47448756515521
5.50416971015988	5.62232086935509	5.48088533635336
6.65617280360492	6.69603055553809	6.67751466162473
5.96501089905185	5.96733257735549	5.88470804813628
8.89180105209807	8.88850288666344	8.79127693674361
9.09558146185727	9.24224499397796	9.24707706905214
5.9036103543877	5.73958692152484	5.7951326941591
8.57480525275294	8.64683501807457	8.63224992788895
4.911429858847	5.26058159623629	5.11191748577051
8.77290243820356	8.65822852282571	8.69619282523033
4.55995748834562	5.09438931367031	4.94610859280042
8.47742216732091	8.48430824040055	8.47047450264859
4.60886708882657	4.64540448246813	4.86037871877454
5.53991973510908	5.57501515457673	5.63798629743809
7.55871324933716	7.66671498871354	7.6379862974381
5.00210021778707	5.10275278660494	5.17640621222222
9.15195047902841	9.11520778517786	9.11654728306458
8.63448654659795	8.547707808581	8.64441256659753
4.22553844927506	4.83804956041052	4.3472069011214
9.00712623884808	8.84927681583378	8.9009014279181
7.92308021858593	7.64253914877374	7.71191531485294
4.52979551783537	4.86779690380458	5.027028588184
9.16263715782565	9.04533508935676	9.05087533013836
9.50707544133529	9.52143411437189	9.50698028528808
4.53991973510908	4.56294232227616	4.56759696954669
4.20022736074588	4.56294232227616	4.68307418696663
4.28693899393921	4.57501515457673	4.7587384568987
8.23491678159092	8.31107878244855	8.3541933314375
7.04715994040572	7.28283440308342	7.40889922352763
7.4010283372349	7.31198074874294	7.40722069507664
6.9818191867384	7.21115637922345	7.28641521700264
4.55995748834562	4.29748117904782	4.50619642488255
7.54369807434651	7.63966811291898	7.61780841550046
4.69293135361504	5.05182885144227	5.07855888882407
4.13493590049416	4.50101457313295	4.3472069011214
4.02390458810541	4.53848927855161	4.33313171590967
4.29891163560528	4.52610555409579	4.1036498697869
8.94276782538001	8.88547646423855	8.92456239353426
4.44613758878846	4.52610555409579	4.90863388738176
4.72877655256177	5.20728337007624	5.11191748577051
5.30486090193647	5.47547948102582	5.71598880943937
8.52852498050897	8.44784391411162	8.44697600158664
8.95889278988889	8.94541195909857	8.94841875348763
9.43125733924545	9.28880260110362	9.35854273190055
9.10413586012468	8.93491109966311	8.95245265477212
