k4_temp14_1	k4_temp14_2	k4_temp14_3
4.74959574523981	4.57501515457673	4.38342175562768
4.86148862531071	4.52610555409579	4.69462344392198
9.00363379319273	8.55458325467192	8.54366670241486
8.87954344546808	8.41379888297035	8.3504878662656
9.5322241339518	9.13878343302876	9.12438928035138
4.93495078725173	4.6339088436303	4.79845925490652
4.48189996203616	4.5988618965311	4.46142426762895
10.0118421740134	9.55000326656866	9.50351560111799
4.31896139090995	4.20728337007624	4.22844709565134
9.19414312679113	8.7301706966887	8.71930830810496
4.64088948579731	4.52610555409579	4.47402430440859
8.98645864938459	8.57275918063636	8.45110508441438
4.79539943485294	4.57501515457673	4.19838986179516
5.00485280048189	4.74494015601904	4.84770277392637
4.58981530120304	4.70154756050566	4.53542484907273
4.78408412162511	4.31198074874294	4.35645470802741
9.07559022706985	8.64253914877374	8.5592715910271
6.87488421867975	6.2341785971393	6.28674573621601
9.81672646747731	9.35681198219075	9.35517817494821
4.82882243639039	4.66812455896821	4.67292837282266
4.93495078725173	4.92551240166086	4.91393647232646
4.93495078725173	5.07751549510591	4.90465865873845
6.99015628927519	6.76088169988806	6.78588118882706
4.79539943485294	4.71251867832667	4.7782813729689
9.48845073024994	9.22463061364014	9.1432483076027
5.1173275297403	4.99005265385557	4.86693899278929
7.79821445045999	7.40790516874147	7.30801435296966
4.71426267212753	4.81787167847289	4.48651524859179
4.79539943485294	4.51361460991258	4.40989396698887
4.79539943485294	4.74494015601904	4.67292837282266
8.04451288756667	7.82925644195252	7.76680605363644
5.647148476269	5.30474917951186	5.30095959543571
5.22166418955503	5.18382439725226	5.15991571398053
4.73791394019218	4.26803740115534	4.51117730282606
4.22166418955504	4.26803740115534	4.18312310514185
8.66807431512354	8.27082342398618	8.26787496211644
8.21535961270083	7.75691279768512	7.76424353956861
5.08080165371519	4.81787167847289	4.54739749073881
8.94768427715952	8.43133692578261	8.43024261238067
4.64088948579731	4.25308705968937	4.91393647232646
9.36525504318388	8.939003854297	8.9248769381571
5.47487953435838	5.15194033623247	5.03792518960191
5.07152384012718	4.73421374942598	4.65090206649267
4.78408412162511	4.74494015601904	4.5943185381263
9.69059600741628	9.29109150375872	9.22239219232244
4.97530852486787	4.66812455896821	4.70534985051504
4.72613677241582	4.19168651502522	4.27239044323894
8.30121098877253	7.78576766035731	7.81092860686874
8.37188378164979	8.0838663272583	7.97283016138003
4.39531227704007	4.23798016729916	4.15209620952123
4.76118371951502	4.46254042531832	4.48651524859179
6.14854626035102	6.03444677321403	5.7884055902426
4.80662669027619	4.5988618965311	4.67292837282266
9.10658009490629	8.64826413660737	8.57981896843119
4.82882243639039	4.61063906430745	4.46142426762895
4.70229003046146	4.15997765529788	4.47402430440859
4.88286227610328	4.88729307943037	4.8764617669078
5.46073535203812	5.10275278660494	5.25789087354382
9.6043636097722	9.08597707385411	9.0781987919404
4.86148862531071	4.80767591136701	4.40989396698887
4.56358375962987	4.26803740115534	4.53542484907273
3.1877168576317	2.87757792459716	2.71599709471455
5.26300498493594	4.73421374942598	4.63976150888747
4.31896139090995	4.19168651502522	4.61721894023638
4.17043886619986	3.77664901574638	4.00357368481114
9.29773401505093	8.92256270723547	8.88827751715499
8.4192809248664	7.96389349338872	8.05059901963703
4.95527077163133	4.46254042531832	4.66195725500166
8.41561926036042	8.00686094154213	7.86693899278929
4.67804248421478	4.7234069944694	4.51117730282606
5.31109927313698	5.26803740115534	5.28674573621601
5.26300498493594	5.3892237476754	5.25789087354382
4.46782477682443	4.46254042531832	4.51117730282606
4.78408412162511	4.8279958957466	4.95945113157883
8.97965493025828	8.61356839534612	8.5695818598048
9.40411628887351	8.75757504008412	8.73836490774301
4.74959574523981	4.09438931367031	4.27239044323894
4.60275435691054	4.52610555409579	4.69462344392198
9.39717022326065	8.83428764161433	8.82759307711723
4.73791394019218	4.57501515457673	4.27239044323894
4.91434050757645	4.79740757591318	4.39671857824114
8.75974030264535	8.25590207529642	8.24048119528419
4.62828944901768	4.56294232227616	4.5592715910271
5.12631631296756	4.50101457313295	4.76808560586301
10.72742959274	10.3789309926676	10.3498470956395
10.1914689924928	9.92285794821489	9.88915980953244
4.22166418955504	4.4883035213834	4.27239044323894
4.43925562462766	4.69049237199667	4.6838166889654
4.36525504318389	4.09438931367031	4.32897397160531
9.28424378131028	8.94715469541786	8.85735294396009
2.79539943485294	2.62232086935509	2.58273056385109
5.27113286581934	5.19168651502522	4.71599709471455
7.6626781745626	7.33523610104324	7.17156607371945
4.81776724788139	4.90652929829329	4.74747532618772
5.04332694829652	4.65680924574038	5.07974536529654
9.46339797052547	9.15093251569488	9.09308000379815
5.32678089536925	5.07751549510591	5.08796587210151
7.82330543142282	7.3423168271139	7.45349299399274
9.96062050307388	9.5587688425873	9.49194621240585
9.07210545474537	8.84616688783303	8.83249395670367
4.79539943485294	4.56294232227616	4.86693899278929
4.87221503190377	4.75558740021855	4.5943185381263
4.70229003046146	4.22271341064585	3.9860862580823
9.73314105493003	9.32454942224599	9.32332740846416
4.34998828653058	4.29748117904782	4.30095959543571
4.45361091760473	4.19168651502522	4.48651524859179
4.67804248421478	4.58698779624281	4.66195725500166
9.37235609955903	9.01463829213385	8.99867673295961
4.33455824596097	4.11106805481694	3.91393647232646
5.71426267212753	5.58698779624281	5.40989396698887
5.15295143947102	5.08597707385411	5.0294136897464
9.86920628203143	9.5053582593073	9.40332131306539
5.00485280048189	4.94424896424245	5.07147774931294
9.59143904368271	9.21163977512038	9.23955905077156
5.71426267212753	5.49467304625913	5.30801435296966
4.28725253118261	4.44948427249287	4.57104875880345
5.00485280048189	4.5988618965311	4.62853425346421
3.77267935835286	3.66812455896822	3.65090206649266
3.74959574523981	4.22271341064585	4.00357368481114
7.46251097692797	7.23036698318929	7.20218144095754
9.61238305810832	9.11933567080054	9.03473925888307
4.48189996203616	4.56294232227616	4.25789087354382
4.27113286581934	4.23798016729916	4.35645470802741
4.25483105349023	4.23798016729916	4.15209620952123
4.09918018303004	4.28283440308342	4.18312310514185
6.21325194973883	5.96733257735549	6.03367571660056
5.69021719816088	5.68493284665477	5.50505120002921
4.34998828653058	4.26803740115534	4.28674573621601
8.8888169992409	8.58773279757147	8.55557142218451
4.31896139090995	4.06044198174697	3.95046234835158
4.86148862531071	4.55076760833006	4.66195725500166
4.64088948579731	4.47547948102581	4.60581417696413
4.90392389163111	4.80767591136701	5.02085167624297
9.24969872847284	8.52532803047638	8.53090936795024
8.34422134331169	7.84927681583378	7.77446639928473
4.89343151781346	4.44948427249287	4.57104875880345
7.55695066729742	7.08597707385411	7.08591513253675
4.20479037099064	4.22271341064585	3.96838425634884
4.62828944901768	4.34054990093971	4.52335201677216
9.32140954191467	8.92786782265899	8.87527485195736
5.0145679553151	4.70154756050566	4.79845925490652
9.49106273164096	9.10795544294961	8.96504081327447
7.88947712052484	7.4883035213834	7.53692687423796
9.60355920772131	9.05560342481059	9.0537501567636
4.08080165371519	4.17591919916691	3.89532079415911
8.1812618354944	7.87024838279867	7.80968651032978
8.99691077935308	8.60476249797078	8.47480816481412
9.72945882975373	9.50614661727276	9.43709628342174
4.80662669027619	4.73421374942598	4.70534985051504
9.93495078725173	9.47467418095417	9.46695032926155
4.64088948579731	4.3685642771093	4.42295011981432
5.32678089536925	4.84803364898315	4.82820659830058
5.21325194973883	5.12755617760551	4.86693899278929
4.97530852486787	5.03444677321403	5.00357368481114
8.99323043286513	8.55762852237969	8.57763140919342
9.23937897745419	8.90951192296715	8.88415300330381
5.17910372732699	4.77664901574638	4.83798761909316
4.82882243639039	4.77664901574638	4.22844709565134
4.50964495251906	4.51361460991258	4.13632889366291
4.86148862531071	4.35462508615143	4.6838166889654
4.31896139090995	4.35462508615143	4.08796587210151
4.71426267212753	4.65680924574038	4.52335201677216
8.76478595619522	8.24082478545551	8.28317028199218
4.83979355421139	4.26803740115534	4.28674573621601
10.4018046475507	10.0157459275363	9.96364542188907
4.62828944901768	4.12755617760551	4.30095959543571
9.79504717138131	9.38408654922336	9.33373463152733
4.5767591483776	4.6339088436303	4.60581417696413
4.48189996203616	4.39604501353141	4.32897397160531
4.87221503190377	4.57501515457673	4.61721894023638
9.77660992312463	9.40156364186764	9.37336809096376
5.33455824596097	5.32633604172001	5.37000123986536
9.18180085849372	8.85113955985097	8.86872930744414
5.07152384012718	4.92551240166086	4.96838425634884
9.13802973353135	8.97816923861572	9.02513903464607
9.73754735524779	9.35331135556356	9.31196754629961
4.97530852486787	4.70154756050566	4.65090206649267
4.1877168576317	4.44948427249287	4.4487132158794
4.56358375962987	4.11106805481694	3.81835881234423
4.46782477682443	4.29748117904782	3.89532079415911
9.47795517593325	8.95237030879788	9.02085167624297
8.90914160090213	8.66671498871354	8.58708696889523
8.70604216532256	8.34231682711389	8.37168564757671
9.34854871045149	8.85733139356524	8.88119968591446
8.30220287264858	7.94541195909857	7.93914703512374
9.00728772939894	8.52532803047638	8.52031795668252
9.05396546874287	8.72137168488064	8.68855460797207
4.20479037099064	4.46254042531832	4.25789087354382
9.86853681796332	9.43133692578261	9.40743272947259
4.93495078725173	4.9160520724118	5.03792518960191
9.99599157254219	9.64218058159384	9.55223313675929
4.64088948579731	4.55076760833006	4.5943185381263
4.66576415443634	4.56294232227616	4.27239044323894
4.72613677241582	4.35462508615143	4.30095959543571
4.46782477682443	4.3685642771093	4.08796587210151
4.64088948579731	4.51361460991258	4.30095959543571
5.40272974860255	5.21501901885585	4.93231500164131
4.56358375962987	4.47547948102581	4.43588917552182
9.28574894059222	8.81086983571974	8.84346044140665
9.65182496347847	9.23465434159238	9.18551921105868
4.65338042998051	4.57501515457673	4.38342175562768
8.69928128058912	8.41295839646776	8.42700605456583
7.40826793214398	6.85547663216871	6.83065807729467
8.6510466008802	7.99455404609051	8.04954710924344
8.13747410285208	7.8330314856439	7.75910481626964
4.87221503190377	4.34054990093971	4.5592715910271
4.36525504318389	4.17591919916691	3.85735294396009
5.26300498493594	5.06044198174697	5.10426768443061
9.90425055189309	9.42718049812838	9.45468546826442
7.60757674036739	7.30111975611117	7.2487540789717
4.64088948579731	4.09438931367031	4.13632889366291
7.73203737385551	7.09857711063374	7.18504030813614
6.69324489085846	5.95814340590083	6.01655153880935
5.50275856693382	4.67935181439147	4.73705871024238
5.16172164909876	4.83804956041052	4.79845925490652
9.68794225150149	9.15947663253165	9.13037143836651
4.20479037099064	4.39604501353141	4.35645470802741
3.9039238916311	4.17591919916691	4.08796587210151
5.16172164909876	4.53848927855161	4.58273056385109
6.34614622023618	5.81787167847289	5.90465865873845
8.5105034440891	8.01685271319929	7.94028256846917
5.36525504318389	5.06900399525039	5.04638676835011
3.74959574523981	4.26803740115534	4.19838986179516
8.02541987055857	7.49626104316232	7.49272039811849
4.61557839726813	4.73421374942598	4.7884055902426
10.1352494377376	9.76121194941243	9.74650195718134
9.33504294109098	8.96274530785984	8.96838425634884
4.48189996203616	4.22271341064585	4.49889897304762
6.61876667489917	6.11933567080054	6.22844709565134
4.30319407505163	4.20728337007624	4.16769306457225
4.39531227704007	4.35462508615143	4.03792518960192
8.79187292358617	8.31827877264331	8.23401377152588
9.65571048977242	9.24555338700396	9.25332970932445
4.33455824596097	4.09438931367031	4.46142426762895
8.77196355826827	8.54540869249141	8.47559159955555
9.07210545474537	8.79740757591318	8.71533393908767
9.07501001590542	8.70498500564126	8.64742987458586
7.8177672478814	7.46091485326927	7.53090936795024
9.14523352631018	8.49228776871237	8.38592426283085
8.68794225150149	8.03663102047591	7.91393647232646
6.0145679553151	5.84803364898315	5.7422764195134
6.10373846499235	5.75027360032208	5.84285337426498
8.66961236968381	8.42884450643384	8.38675746819094
4.88286227610328	4.4883035213834	4.37000123986536
4.53686642125408	4.81787167847289	4.72656633642474
3.22166418955504	3.64540448246813	3.40989396698887
10.2530368158447	9.79579652600719	9.78018508343763
5.27921521211719	5.00797456185284	4.95945113157883
4.82882243639039	4.95352677783046	4.93231500164131
5.1173275297403	4.97190530714531	4.72656633642474
4.36525504318389	4.17591919916691	4.5943185381263
5.75540136692102	5.52610555409579	5.47402430440859
5.25483105349024	5.29017637842459	5.36324387369005
8.46251097692796	8.00797456185284	7.91624663301366
3.94514655435762	4.42301206113168	4.38342175562768
5.1173275297403	4.55076760833006	5.0294136897464
3.1877168576317	3.42301206113168	3.38342175562768
5.02421812534882	4.6339088436303	5.13632889366291
4.71426267212753	4.98100751425257	4.5592715910271
3.77267935835286	3.39604501353142	3.73705871024238
4.45361091760473	4.66812455896821	4.51117730282606
4.52331988941614	4.19168651502522	4.16769306457225
8.95464008526461	8.68562896007763	8.55631221554655
9.4962725899932	9.19609020010217	9.12788188634081
6.87221503190377	6.50101457313295	6.6838166889654
4.43925562462766	4.55076760833006	4.27239044323894
4.96532443629525	4.62232086935509	4.89532079415911
5.07152384012718	4.61063906430745	4.72656633642474
5.00485280048189	4.77664901574638	5.00357368481114
4.73791394019218	4.69049237199667	4.57104875880345
8.46073535203812	8.10899372657908	8.15307596850006
4.83979355421139	4.35462508615143	4.43588917552182
5.85609536654049	5.74494015601904	5.85735294396009
8.02301537826716	7.7138842203509	7.7782813729689
4.28725253118261	4.47547948102581	4.18312310514185
9.07848778787694	8.67164247107681	8.58926024830327
5.19627887113512	4.99005265385557	4.99485646771003
5.1877168576317	4.87757792459716	4.91393647232646
4.22166418955504	4.26803740115534	4.12038734979389
5.41010927896815	5.10275278660494	5.06316248110094
9.16499678113161	8.78511823651519	8.78018508343763
9.15295143947102	8.55610669202667	8.52562338177697
4.82882243639039	4.57501515457673	4.39671857824114
9.43564437107528	9.03280641483277	8.97227517193641
8.01819433772105	7.69879169521516	7.73836490774301
8.63302736802434	8.33612309464074	8.2478372088799
4.20479037099064	4.38237007663434	4.39671857824114
8.49757212021848	8.20631349102063	8.1879113439909
3.98522399373295	4.07751549510591	4.40989396698887
6.28725253118261	6.01242046688403	5.91393647232646
9.05514269854372	8.61868045601573	8.61934733261782
5.10828239013729	4.99904143708283	5.0294136897464
7.14854626035102	6.76878689797341	6.91393647232646
3.92468245179791	3.97190530714531	4.22844709565134
9.44195814500749	9.0371765659696	9.00357368481114
4.78408412162511	4.64540448246813	4.47402430440859
4.23834293070167	4.14385798993461	4.15209620952123
9.07384889307342	8.58400393780398	8.56222490841645
8.9013079434241	8.45684289165867	8.45349299399273
5.7840841216251	5.54464150553321	5.60007780741498
9.64323979048365	9.35155785180361	9.32376254495996
10.2179898687455	9.60181521392044	9.56921490188831
6.88286227610327	6.46902445888852	6.5503751905387
5.35764185907401	5.24555338700396	5.12038734979389
4.72613677241582	4.29748117904782	4.48651524859179
11.1244949934218	10.6751518258622	10.656785681627
4.69021719816088	4.5988618965311	4.40989396698887
4.69021719816088	4.52610555409579	4.54739749073881
9.29823123891968	8.82610300891364	8.81402917767508
9.21693834170122	8.93841988544025	8.78018508343763
4.79539943485294	4.50101457313295	4.42295011981432
5.43202405539659	5.46254042531832	5.18312310514185
5.26300498493594	5.34760465847366	5.30095959543571
4.41010927896815	4.06044198174697	4.18312310514185
10.057787958604	9.5988618965311	9.5856362950265
9.78479393469767	9.415897959495	9.41643681285565
4.77267935835285	4.56294232227616	4.49889897304762
5.96030636152863	5.34054990093971	5.21349675418537
4.66576415443634	4.50101457313295	4.90465865873845
6.29524532193614	5.63966811291898	5.8134095963725
8.95021754390504	8.72408479342051	8.61863821732171
8.94260435979517	8.56294232227615	8.62923852247546
4.34998828653058	4.31198074874294	4.00357368481114
9.44150807635904	8.94133736882255	8.91855310039683
4.52331988941614	4.61063906430745	4.63976150888747
8.98769224932371	8.64897816534795	8.63766304300347
5.72613677241583	4.89694324946409	4.7782813729689
9.13190599466319	8.75160388630005	8.67974319437898
4.39531227704007	4.26803740115534	4.35645470802741
9.44958790791248	8.98892510784985	8.99976638183383
9.37141130905972	8.80319250474603	8.86215393022391
8.99323043286513	8.29383340203267	8.3649361847825
9.08368877703391	8.47949925247815	8.560010487351
3.74959574523981	3.69049237199667	3.51117730282606
4.22166418955504	4.35462508615143	4.07147774931294
9.33504294109098	8.9249229450476	8.85434419408775
4.20479037099064	3.85794911784823	3.83798761909316
9.91660915126222	9.50968890669879	9.4915589637011
9.15514899517527	8.96044619177025	8.89999728136859
9.17531925249948	8.70704354826051	8.73966992369892
6.41010927896815	6.44948427249287	6.21349675418537
4.82882243639039	4.52610555409579	4.42295011981432
8.09575199518116	7.68214502928315	7.79469733611033
4.77267935835285	4.79740757591318	4.70534985051504
9.57018649445411	9.274529771666	9.18551921105868
5.67804248421478	5.62812649103629	5.69462344392198
9.28022232911508	8.87513887914574	8.84528011165952
9.66074607966972	9.2412983436547	9.218185399979
4.82882243639039	4.76615664192874	4.79845925490652
4.20479037099064	4.38237007663434	4.15209620952123
4.45361091760473	4.94424896424245	4.66195725500166
9.18018318494629	8.789010401756	8.81712309917156
4.23834293070167	4.38237007663434	4.15209620952123
9.65919853858179	9.32633604172001	9.21771722050356
9.81499016321082	9.51635626006203	9.45904946044105
8.78762969981883	8.42718049812838	8.35815499701725
4.48189996203616	4.42301206113168	4.53542484907273
9.76837922091923	9.32454942224599	9.3102119086739
6.02901911161264	5.8330314856439	5.73182206187623
9.27618963594875	8.88365755871387	8.89882957993625
4.70229003046146	4.42301206113168	4.52335201677216
9.19307406780121	8.94308503110882	8.92200590230235
4.98522399373296	4.98100751425257	4.66195725500166
9.11394224455566	8.72679280930878	8.62994244785702
13.3649880724443	12.937835680111	12.8855168706081
5.81776724788139	5.84803364898315	5.62288769032307
12.3581188619023	12.0147075442659	11.9360197020537
5.81776724788139	5.65111813366252	5.72129139438406
5.45361091760473	5.22271341064585	5.62288769032307
10.2114052154122	9.66106289513402	9.6838166889654
4.52331988941614	4.80767591136701	4.46142426762895
4.00485280048189	3.77664901574638	4.00357368481114
8.5930609607067	8.19462379810478	8.156988364229
9.94005767768482	9.49268558893849	9.50658516619275
4.52331988941614	4.56294232227616	4.18312310514185
4.50964495251906	4.29748117904782	4.16769306457225
8.95400912306742	8.59367899884177	8.50888306162024
3.9039238916311	4.02567656358629	4.10426768443061
9.51221889618289	9.28559202426241	9.17880006033295
4.96532443629525	4.78706563169172	4.84770277392637
6.93495078725173	6.21501901885585	6.3115288371459
9.60797787898832	9.21018910125165	9.1188837592035
9.48845073024994	9.03061636501428	9.05322544497717
4.09918018303004	3.85794911784823	3.96838425634884
4.34998828653058	4.28283440308342	4.19838986179516
8.97281897284217	8.7818667250174	8.78335236251632
8.97841443573569	8.61722171469742	8.64255472377915
9.6526029063611	9.23275042176358	9.15062532235128
6.87488421867975	6.4329961497043	6.4487132158794
5.14412758908401	4.69049237199667	4.83798761909316
10.0700687769268	9.58549663844505	9.5732463145077
5.37282826288869	5.40959154536936	5.28674573621601
9.14578617716578	8.7582369786325	8.70468178148672
4.71426267212753	4.23798016729916	4.47402430440859
5.26300498493594	4.88729307943037	4.7884055902426
9.3980982998709	9.07007068294475	9.02727794540241
9.69513397721045	9.19511276440022	9.24094204660288
3.67804248421478	3.69049237199667	3.79845925490653
4.56358375962987	4.5988618965311	4.54739749073881
8.93110872095734	8.44373483972775	8.3850905759883
9.93463100557229	9.5899654960427	9.51232305672417
7.74084327123085	7.33346047615339	7.16186398577004
4.79539943485294	4.50101457313295	4.32897397160531
4.95527077163133	4.73421374942598	4.63976150888747
7.39158919099735	7.10899372657908	7.06732610604247
3.00485280048189	2.47547948102582	2.48651524859179
10.1099826791271	9.64504662681929	9.6439493058509
6.71724037192742	6.09438931367031	6.12838014054742
8.30418459691745	7.91129854244116	7.94594686722908
4.00485280048189	4.38237007663434	3.87646176690779
8.49410410162328	8.01463829213385	7.99813159974289
4.62828944901768	4.57501515457673	4.75781727040918
3.22166418955504	3.9160520724118	3.62853425346421
9.88186742831701	9.36552656647092	9.36239697314276
4.55028693701641	4.44948427249287	4.49889897304762
9.41516089815136	8.96159620780635	8.89414929994867
9.1747778019242	8.86472668549138	8.74162523690659
4.56358375962987	4.65680924574038	4.37000123986536
5.33455824596097	5.19950601948452	5.22099129073229
9.30071479098918	8.90473675918397	8.91509201507217
3.67804248421478	4.00797456185284	4.21349675418537
9.65881139379458	9.14183030858763	9.18216354738058
9.41561926036042	9.0267757598611	9.03420758574608
4.83979355421139	4.64540448246813	4.83798761909316
6.41378493711154	6.14790482299731	6.24691975572282
8.8466083757677	8.41379888297035	8.3909162921746
9.78372908408403	9.42134130814717	9.32984071542284
3.96532443629525	3.85794911784823	3.62853425346421
4.98522399373296	4.90652929829329	4.74747532618772
6.1877168576317	5.76615664192874	5.90465865873845
4.17043886619986	3.95352677783046	4.07147774931294
5.65958557950722	5.26058159623629	5.23586456721382
4.04332694829652	4.26803740115534	4.02085167624298
7.95400912306741	7.47386843111983	7.46142426762896
9.67574824300896	9.29793650335045	9.36324387369005
4.91434050757645	4.99005265385557	4.73705871024238
4.41010927896815	4.66812455896821	4.65090206649267
8.87154696287544	8.39349081686385	8.37504857460267
7.87355024258759	7.64540448246813	7.62571373440184
8.69475635777605	8.42884450643384	8.35560381148792
8.86753203902017	8.58026541526393	8.43266527464753
6.09460745324022	5.73421374942598	5.75781727040918
9.19414312679113	8.76812978339093	8.71798473458012
9.12126701542836	8.75160388630005	8.70468178148672
3.88286227610328	3.97190530714531	4.02085167624298
9.88286227610328	9.46659636006983	9.45587695769833
4.70229003046146	4.78706563169172	4.79845925490652
9.82295991710171	9.42259455424383	9.3905009488463
9.95148251114162	9.52493911147122	9.48495978208974
9.75032272688326	9.25073701023523	9.20926390506317
10.2463528995659	9.91990281600408	9.81804998326441
9.35190548952487	9.05128881960332	8.98112948459852
5.35764185907401	5.28283440308342	4.89532079415911
8.97219591300054	8.50654063476555	8.52107707011276
5.30319407505163	5.01685271319929	4.91393647232646
5.00485280048189	4.93491109966311	4.99485646771003
9.17586049994191	8.65680924574038	8.68042290936959
4.56358375962987	4.80767591136701	4.81835881234423
4.90392389163111	4.69049237199667	4.67292837282266
4.42475605493255	4.52610555409579	4.15209620952123
4.78408412162511	4.65680924574038	4.6838166889654
10.5356018236208	10.0660665309409	10.0176277753687
5.08080165371519	4.99005265385557	5.15209620952123
8.98645864938459	8.61795126972732	8.61792875330895
7.9975232586834	7.77534163455959	7.69596861422073
3.83979355421139	4.17591919916691	4.05479900816631
6.36145347302403	5.70704354826051	5.83310539771342
3.9039238916311	4.02567656358629	4.13632889366291
6.65338042998051	6.12755617760551	6.10426768443061
9.54903405370632	9.02897164314788	9.06680630958904
4.1173275297403	4.17591919916691	4.00357368481114
4.39531227704007	4.26803740115534	4.31503478064743
4.62828944901768	4.79740757591318	4.75781727040918
8.05160812338032	7.86902316400666	7.73966992369892
4.1877168576317	4.12755617760551	4.39671857824114
7.53686642125409	7.11727320434365	7.03367571660055
4.1173275297403	3.3685642771093	3.79845925490653
9.58534056324385	9.11882033054113	9.08540199184456
9.60074026326932	9.19364536806328	9.13235999145996
9.68604371847203	9.27545487271782	9.26379891000373
4.77267935835285	4.6339088436303	4.71599709471455
7.62353591904704	7.25120732647115	7.27958594464314
4.73791394019218	4.40959154536936	4.30095959543571
9.14689084417296	8.7234069944694	8.6647078660177
9.32580577195201	8.8095931143613	8.90058077785415
9.37801188611996	8.99736030070201	9.00520231532188
9.02961811309141	8.73084532613326	8.70534985051504
4.58981530120304	4.25308705968937	4.35645470802741
4.80662669027619	4.00797456185284	4.10426768443061
8.85609536654049	8.46659636006983	8.35475241279641
4.73791394019218	4.55076760833006	4.62853425346421
4.22166418955504	4.53848927855161	3.85735294396009
5.09002018374457	5.14385798993461	5.05479900816631
4.97530852486787	4.64540448246813	4.84770277392637
9.16445144185433	8.73488649135512	8.70801903729103
9.12799549264215	8.70978371060543	8.63836287083232
6.49583915299403	5.98100751425257	6.06316248110094
8.75757246596265	8.58847741438329	8.47088459687802
9.99230887739407	9.63571108626428	9.66092442233074
5.12631631296756	5.00797456185284	4.67292837282266
5.09918018303004	4.4883035213834	4.25789087354382
3.92468245179791	4.04316399031514	3.95046234835158
4.67804248421478	4.39604501353141	4.27239044323894
9.22637460744101	8.81150777295803	8.65090206649267
4.80662669027619	5.15997765529788	5.0294136897464
4.78408412162511	3.97190530714531	4.16769306457225
9.97250747655663	9.52959923409398	9.55074697124966
4.9950717796893	4.97190530714531	4.99485646771003
4.1877168576317	3.95352677783046	3.87646176690779
9.11450701067792	8.6835396113549	8.6742939148469
7.89211458934147	7.42301206113168	7.44711643094507
9.77518186555602	9.34628451651097	9.3521951978742
5.50964495251906	5.06900399525039	5.05479900816631
5.29524532193614	5.16797044605142	5.24324409757942
4.33455824596097	4.51361460991258	4.15209620952123
4.04332694829652	4.38237007663434	4.32897397160531
5.87221503190377	5.69049237199667	5.55334675706999
9.02361687714637	8.60696901643438	8.59359701020884
8.99261612796299	8.3917855033782	8.39008548590869
8.94133158067345	8.62812649103629	8.58273056385109
10.1178909724504	9.71524847108224	9.68483326801455
4.20479037099064	4.19168651502522	4.10426768443061
5.15295143947102	4.83804956041052	4.75781727040918
4.50964495251906	4.38237007663434	4.18312310514185
5.35764185907401	4.88729307943037	4.91393647232646
4.15295143947102	3.77664901574638	4.08796587210151
4.53686642125408	4.58698779624281	4.48651524859179
9.41882372472285	9.01019922696735	8.97947343501064
4.31896139090995	4.11106805481694	4.30095959543571
4.58981530120304	4.62232086935509	4.92315500235584
9.4656130715915	9.1554621741754	9.13632889366291
7.80802397371799	7.23036698318929	7.23586456721382
5.07152384012718	4.89694324946409	4.89532079415911
4.61557839726813	4.94424896424245	4.58273056385109
8.38505058136772	7.85918377349987	7.9254504603435
5.42475605493255	5.40283417919405	5.42295011981432
10.1424670920188	9.75757504008412	9.68956785514532
9.98522399373295	9.57200640470439	9.57507505735732
8.95967787315411	8.51126047007956	8.55779266210119
4.85068187035413	4.77664901574638	4.86693899278929
9.23263133589242	8.72679280930878	8.6742939148469
4.71426267212753	4.32633604172	4.16769306457225
6.37660001677789	5.90652929829329	5.72656633642474
5.28725253118261	4.29748117904782	4.35645470802741
7.04095214110862	6.94192015818247	6.93231500164131
9.09689562983549	8.44702303497659	8.47637460909493
9.29175392341755	9.01574592753635	8.93857893311172
5.13524943773756	5.11106805481694	5.12838014054742
9.80382805692352	9.37073016107846	9.40496728590895
4.36525504318389	4.64540448246813	4.62853425346421
5.42475605493255	5.14385798993461	5.07974536529654
9.18233968017725	8.894536751757	8.86514645367996
9.24506397332913	8.93549649023349	8.85615019687843
6.29125446174011	6.15997765529789	6.05479900816631
9.55237266101839	9.15244398261248	9.10274719065816
7.28725253118261	6.8405520676137	6.74487821470168
4.41010927896815	4.38237007663434	4.61721894023638
5.89343151781346	5.73958692152484	5.65090206649267
9.21851534500004	8.66459804770144	8.67838280291477
8.08772106765498	7.74494015601904	7.76936402423721
4.93495078725173	4.9160520724118	4.69462344392198
4.02421812534882	3.19168651502522	3.02085167624297
10.0269206457286	9.43589520774492	9.41969714201923
3.86148862531071	4.11106805481694	4.30095959543571
8.85135966930523	8.4246808814923	8.43105061858543
8.0726868349833	7.56445696287816	7.54441363229998
7.76981402465847	7.48510818222359	7.35815499701725
8.76046219159756	8.25496434693004	8.17156607371945
10.0834003245605	9.68528094535132	9.65540345872761
2.92468245179791	2.79740757591318	2.53542484907273
4.90392389163111	4.62232086935509	4.58273056385109
4.70229003046146	4.22271341064585	4.34277977113034
9.53897162378857	9.04912666851914	8.94989868550366
9.73754735524779	9.33789544749373	9.33200529953616
9.4211082779174	8.92669059285814	8.84285337426498
8.38692178142367	8.11417396568476	8.04954710924344
5.29524532193614	5.00797456185284	5.01223854593826
5.70229003046146	5.38237007663434	5.46142426762895
5.23002766248966	4.64540448246813	4.76808560586301
4.53686642125408	4.02567656358629	3.81835881234423
9.91952074668213	9.57200640470439	9.55445951843707
9.82019281955549	9.47185208552133	9.44671695841285
5.13524943773756	5.21501901885585	5.04638676835011
9.60033710690485	9.24744049654823	9.20926390506317
6.10373846499235	5.74494015601904	5.89062909883439
5.02421812534882	5.07751549510591	5.24324409757942
9.3046796029408	8.98892510784985	8.96782755364431
5.72613677241583	5.60476249797078	5.32897397160531
7.20054089798929	6.9136772652239	7.02085167624298
6.56688890435354	6.35812253038766	6.28674573621601
8.68185813055664	8.22845739318065	8.24967036673885
5.99997057910214	5.92551240166086	6.00791262053548
8.92210390769613	8.66882882797946	8.65298137750486
7.54861618403189	7.35111914264989	7.27958594464314
6.17910372732699	6.00797456185284	5.81835881234423
8.82744516178375	8.46254042531832	8.43427812561583
4.42475605493255	3.81787167847289	4.05479900816631
6.65338042998051	6.69603055553809	6.508117503077
4.97530852486787	4.61063906430745	4.73705871024238
6.65648634084833	6.0690039952504	6.14423409174826
6.41745125430931	6.20728337007624	6.13235999145996
4.95527077163133	4.99005265385557	4.92315500235584
5.15295143947102	5.22271341064585	5.06316248110094
5.04332694829652	4.96274530785984	4.7782813729689
4.69021719816088	4.90652929829329	4.65090206649267
5.66576415443634	5.37548369104909	5.46773804156116
9.18180085849372	8.77403306753937	8.7552387263074
9.1677203897202	8.75757504008412	8.65159550319955
5.05278727754559	4.75558740021855	4.75781727040918
4.81776724788139	4.76615664192874	4.62853425346421
9.41836637964345	9.05990516498138	9.00845407111075
5.14412758908401	5.16797044605142	4.96838425634884
5.32678089536925	5.06900399525039	4.83798761909316
7.24454808022838	6.79740757591318	6.90698371168469
6.05278727754559	5.85299990187649	5.64534254115077
4.66576415443634	4.83804956041052	4.7884055902426
10.3709386816875	10.0060251618291	9.95748961524554
10.1285547851636	9.67970126214439	9.65090206649267
6.67498268446572	6.69049237199666	6.40002372296481
7.63144978991101	7.33168266318548	7.31503478064743
5.9950717796893	5.93491109966311	5.94594686722908
6.29922517284869	6.10275278660494	6.01655153880935
6.77839300954725	6.50732834706516	6.58273056385109
5.65958557950722	5.29748117904782	5.26515887400786
6.60597106959409	6.35462508615143	6.32202121096354
6.16172164909875	6.17591919916691	6.04638676835011
9.85068187035413	9.36378785575623	9.35517817494821
5.60918062606998	5.4883035213834	5.49889897304762
6.24661054668527	5.97646358910762	5.9860862580823
4.85068187035413	4.64540448246813	4.85735294396009
5.65338042998051	5.31198074874294	5.15991571398053
6.98027477776122	6.57501515457673	6.40989396698887
6.29125446174011	6.16397958585538	6.11637428728726
5.29524532193614	5.13573010905121	5.08796587210151
4.90392389163111	4.79740757591318	4.67292837282266
5.30319407505163	4.92551240166086	4.75781727040918
8.49323579281532	8.19168651502522	8.11536927502726
6.88286227610327	6.76352158176077	6.69462344392198
9.61876667489917	9.25871160888325	9.23447669308958
6.32287644091334	6.10275278660494	5.88119968591446
5.06218597554784	5.15997765529788	4.75781727040918
4.97530852486787	4.80767591136701	4.63976150888747
4.50964495251906	4.38237007663434	4.25789087354382
7.44824440785492	7.14385798993461	7.03367571660055
6.84252334696696	6.46578608482197	6.34621067653061
4.53686642125408	4.78706563169172	4.48651524859179
9.10430723891688	8.7668146556418	8.67838280291477
4.9950717796893	4.75558740021855	4.6838166889654
4.79539943485294	4.22271341064585	4.38342175562768
4.38036193557409	4.26803740115534	4.51117730282606
9.53728770758819	9.16846852823861	9.15062532235128
2.96532443629525	2.99005265385557	3.21349675418537
5.69626624283369	5.31917625014714	5.29387017064939
6.00485280048189	5.77141236738024	5.67838280291477
8.77696671675595	8.55990826218652	8.57470949418777
5.25483105349024	5.21501901885585	5.13632889366291
9.75177559210261	9.49268558893849	9.46616218663562
7.83157304740642	7.72069260977236	7.41643681285564
4.9950717796893	4.94424896424245	4.61721894023638
10.7975112113328	10.3885825973615	10.3929912170841
7.05278727754559	6.64253914877374	6.61437619046755
7.95021754390504	7.54464150553321	7.53692687423796
10.1690802682646	9.80222995937002	9.74390309128444
7.6841426837512	7.1739361128878	7.30977266524202
4.76118371951502	4.56294232227616	4.5592715910271
6.2341912874312	5.78706563169172	5.93231500164131
4.23834293070167	4.44948427249287	3.96838425634884
4.22166418955504	3.93491109966311	4.46142426762895
3.74959574523981	3.99005265385558	3.9860862580823
9.08714571568688	8.63535081780421	8.61366462693111
5.31109927313698	4.95352677783046	4.90465865873845
4.27113286581934	4.25308705968937	4.12038734979389
5.23834293070167	4.62232086935509	4.71599709471455
5.32678089536925	5.09438931367031	4.93231500164131
4.41010927896815	4.46254042531832	4.35645470802741
3.1877168576317	3.22271341064585	3.58273056385109
7.37282826288869	6.82547149433106	6.7552387263074
5.28725253118261	5.06900399525039	5.07974536529654
8.95904911086876	8.57501515457673	8.51727750236247
4.45361091760473	4.61063906430745	4.57104875880345
8.21325194973884	7.73421374942599	7.68110230426836
8.11507155579993	7.85794911784823	7.7731924962961
4.36525504318389	4.23798016729916	4.27239044323894
8.8350039528067	8.4002919846316	8.47872109110999
4.25483105349023	4.32633604172	4.38342175562768
9.15569786147099	8.84678940997468	8.75200905170835
3.72613677241582	3.85794911784823	3.85735294396009
9.30962034421107	8.83177423498404	8.82513637998738
4.65338042998051	4.25308705968937	4.53542484907273
10.0677376190116	9.61027247936306	9.5503751905387
4.20479037099064	3.99005265385558	4.18312310514185
9.62749828089207	9.24413643317499	9.15013469318794
4.34998828653058	4.20728337007624	4.53542484907273
5.77839300954725	5.38237007663434	5.37000123986536
9.83294638881512	9.44702303497659	9.35517817494821
3.86148862531071	3.73421374942599	3.85735294396009
7.47135646779468	7.07751549510591	7.06732610604247
9.49019258985289	9.01019922696735	9.05532314805977
4.41010927896815	4.14385798993461	3.79845925490653
9.46870851041463	9.09596116242673	9.07251379606546
4.80662669027619	5.01685271319929	5.00357368481114
4.23834293070167	3.83804956041053	4.08796587210151
9.01214529304824	8.61940927393518	8.54516017567545
8.85474389567736	8.45112276788863	8.41398672162275
4.81776724788139	4.80767591136701	4.69462344392198
9.68109580819233	9.18923420261955	9.11436356216612
5.34998828653058	5.10275278660494	5.08796587210151
9.3980982998709	9.00518889765295	8.93288557512745
6.96532443629525	6.49467304625913	6.47715719389355
6.647148476269	6.39944358999328	6.19838986179516
8.53010905507878	8.04207721433841	7.99047802719945
5.29524532193614	4.93491109966311	4.84770277392637
4.27113286581934	4.25308705968937	4.07147774931294
9.25278031392547	8.88001285351422	8.86813278271334
7.56523727848238	7.15194033623246	7.09613980354721
9.55362264957966	9.19462379810478	9.13632889366291
9.526718465878	9.0880847368161	9.02460381110408
2.79539943485294	2.57501515457673	2.91393647232646
10.0100221211553	9.55267669295545	9.58236693560949
4.64088948579731	4.06044198174697	4.12038734979389
8.90196237529782	8.39604501353141	8.35815499701725
8.83088588614509	8.3754836910491	8.27058594639219
9.63263313519202	9.21742792748179	9.10477415978806
5.55695066729742	5.23798016729916	5.19077667768528
5.50964495251906	5.42301206113168	5.36324387369005
7.15295143947103	6.88729307943037	6.71599709471455
8.77482463018441	8.54310590662199	8.48573772497238
8.04688184547315	7.58549663844505	7.65920138971116
4.34998828653058	4.46254042531832	4.34277977113034
8.94641597374519	8.89152297367984	8.79469733611032
5.02421812534882	4.7234069944694	4.7884055902426
9.70566739066378	9.21405432805368	9.22658675362581
4.65338042998051	4.58698779624281	4.58273056385109
9.95116637329859	9.37375694632963	9.34063130455176
9.0610144813374	8.66177061898481	8.6763398074718
9.89704688488371	9.48230644315849	9.44271613765449
9.02841986132744	8.53848927855162	8.52486665737415
4.97530852486787	4.20728337007624	4.18312310514185
9.53010905507878	9.11313940483664	9.08077549389503
8.67804248421478	8.28926067224285	8.23586456721382
5.09002018374457	4.42301206113168	4.67292837282266
9.45584108506211	9.07432956438707	8.99321610932877
5.04332694829652	4.75558740021855	4.73705871024238
3.65338042998051	3.5988618965311	3.7782813729689
9.26809027409572	8.96847711929643	8.89004156266627
9.87821377252521	9.45602711835964	9.46970544271275
5.41010927896815	5.38237007663434	5.46142426762895
8.99261612796299	8.57049967345424	8.61010153536723
7.38223922281477	6.82294266802032	6.93687328360362
6.91952074668212	6.51674749939755	6.56517219246678
9.3218986739895	9.01795865042546	8.98278363540945
4.64088948579731	4.44948427249287	4.4487132158794
8.82606657109988	8.43878845188497	8.35645470802741
3.98522399373295	4.61063906430745	4.53542484907273
5.53010905507877	5.15194033623247	5.45508274075513
9.49887048092489	9.10639661509304	9.05217544854007
9.18610580772571	8.94715469541786	8.92143100887338
4.02421812534882	4.22271341064585	4.40989396698887
9.75322699568668	9.39476848045221	9.32506716754251
4.61557839726813	4.38237007663434	4.53542484907273
9.54861618403189	9.13318072679939	9.11486650623288
3.9039238916311	3.79740757591318	3.96838425634884
8.22375960755723	7.90891589113017	7.854946446253
6.90653510508765	6.53540329867787	6.38675746819094
4.71426267212753	4.40959154536936	4.32897397160531
4.83979355421139	4.35462508615143	4.35645470802741
5.31109927313698	4.88729307943037	4.8764617669078
8.91952074668212	8.34496316544237	8.33157264245063
5.81220772253949	5.43630888374514	5.42295011981432
4.91434050757645	4.85794911784823	4.85735294396009
4.85068187035413	4.53848927855161	4.39671857824114
5.10828239013729	4.94424896424245	4.76808560586301
4.65338042998051	4.76615664192874	4.88592209615687
8.53855082896544	8.10587663129182	8.06524579560143
4.60275435691054	4.32633604172	4.70534985051504
8.98275150805343	8.41547838844627	8.38675746819094
4.49583915299403	4.57501515457673	4.51117730282606
4.69021719816088	4.78706563169172	4.95046234835158
9.51393231092216	9.31152983608389	9.30977266524202
2.92468245179791	3.19168651502522	3.12038734979389
9.11111509287514	8.61576149692004	8.60724471257057
4.67804248421478	4.50101457313295	4.62853425346421
9.03976326997345	8.58475048117945	8.54590633294105
2.92468245179791	2.75558740021855	2.3289739716053
9.76442613700371	9.28971859798575	9.33287022464653
4.56358375962987	4.26803740115534	4.25789087354382
4.60275435691054	4.52610555409579	4.58273056385109
12.5618765810766	12.2104914452897	12.1648421873629
6.24661054668527	5.50732834706516	5.80844334347915
4.85068187035413	4.40959154536936	4.43588917552182
7.7067914226964	7.52765934535087	7.43588917552182
4.52331988941614	4.3685642771093	4.47402430440859
9.61438097428538	9.06097859884109	9.10020946785626
4.28725253118261	4.35462508615143	3.93231500164132
4.33455824596097	4.02567656358629	4.16769306457225
9.57470840881284	8.98270780324241	8.96894074431751
3.65338042998051	4.07751549510591	4.22844709565134
7.36715207835648	6.9136772652239	7.06524579560142
9.85980539674398	9.45112276788863	9.38342175562768
4.73791394019218	4.38237007663434	4.6838166889654
4.67804248421478	4.5988618965311	4.63976150888747
4.94514655435762	4.66812455896821	4.6838166889654
5.7082887710829	5.42967579141269	5.34277977113034
7.28524739529223	7.07539232321295	6.95945113157883
5.49583915299403	4.76615664192874	5.02085167624297
8.25483105349024	7.87269570321742	7.84649195132832
9.09803835864049	8.75426078399552	8.63976150888747
8.06218597554784	7.75558740021855	7.61010153536723
4.86148862531071	4.53848927855161	4.46142426762895
4.02421812534882	4.32633604172	4.39671857824114
9.80067309141688	9.35374939869457	9.3666265130847
5.80662669027619	5.7922458707974	5.85253592766232
5.81220772253949	5.19168651502522	5.44231544468125
10.1380297335313	9.72814491347606	9.74260190062948
4.70229003046146	4.47547948102581	4.38342175562768
4.81776724788139	4.53848927855161	4.70534985051504
4.87221503190377	4.73421374942598	4.57104875880345
5.10828239013729	4.67935181439147	4.63976150888747
10.1663592281503	9.82768058702698	9.72096106924447
9.09231564173223	8.50890248256327	8.58345754549453
4.89343151781346	4.52610555409579	4.39671857824114
9.72798330414223	9.34408159190996	9.31284456458856
6.04332694829652	5.64540448246813	5.6838166889654
9.17531925249948	8.63246542676063	8.72524940795275
4.97530852486787	4.89694324946409	4.61721894023638
4.87221503190377	4.64540448246813	4.93231500164131
8.86014219960319	8.39604501353141	8.44551787671959
4.87221503190377	4.58698779624281	4.99485646771003
4.38036193557409	4.07751549510591	4.24324409757942
9.65919853858179	9.08228123824235	9.0605541002767
4.38036193557409	4.64540448246813	4.63976150888747
4.73791394019218	4.4883035213834	4.35645470802741
4.66576415443634	4.11106805481694	4.34277977113034
4.64088948579731	4.56294232227616	4.51117730282606
4.48189996203616	4.3685642771093	4.13632889366291
4.90392389163111	4.85794911784823	4.74747532618772
4.36525504318389	3.81787167847289	4.15209620952123
10.0758802451713	9.74226602172072	9.68415562824592
4.42475605493255	4.26803740115534	3.71599709471455
5.98027477776122	5.67935181439146	5.63976150888747
7.98151367439458	7.6353508178042	7.67429391484689
8.83637403367024	8.60255259959502	8.60223161976956
4.20479037099064	4.06044198174697	4.05479900816631
4.78408412162511	4.28283440308342	4.60581417696413
4.80662669027619	4.56294232227616	4.76808560586301
10.1187357241331	9.62595211980196	9.61224044612356
10.0937484505111	9.67585267360047	9.64080959832033
4.25483105349023	4.66812455896821	4.48651524859179
8.54526886224978	8.01906374051464	7.9254504603435
3.74959574523981	3.66812455896822	4.00357368481114
9.15350114229379	8.62885055380727	8.60795944879568
5.07152384012718	4.69049237199667	4.58273056385109
4.33455824596097	3.97190530714531	4.34277977113034
4.97530852486787	4.99005265385557	4.80844334347915
6.21746420102575	5.76088169988807	5.68923018515177
5.16172164909876	4.9160520724118	4.71599709471455
4.17043886619986	4.31198074874294	4.51117730282606
4.61557839726813	4.88729307943037	4.75781727040918
9.01032562279537	8.52221373883879	8.49889897304762
4.72613677241582	4.39604501353141	4.10426768443061
4.77267935835285	4.78706563169172	4.7884055902426
8.26809027409572	7.93725123811763	7.8740869597199
8.94895146656105	8.65396649597155	8.65436592179624
4.39531227704007	4.38237007663434	4.30095959543571
4.79539943485294	4.64540448246813	4.70534985051504
4.58981530120304	4.35462508615143	4.60581417696413
5.02421812534882	5.12755617760551	4.76808560586301
7.93239054693317	7.66812455896821	7.64115879232927
4.64088948579731	4.67935181439147	4.52335201677216
9.03141362675302	8.62812649103629	8.62641938129332
5.38785647212102	5.20728337007624	5.22099129073229
9.11507155579993	8.8442977080757	8.79783294925706
4.93495078725173	4.76615664192874	5.05479900816631
9.53770887093694	9.21453675408756	9.20690694482502
4.87221503190377	4.76615664192874	4.32897397160531
4.1173275297403	4.29748117904782	4.15209620952123
4.13524943773756	4.43630888374514	4.61721894023638
9.7922259628736	9.31062758774873	9.23540209083836
4.77267935835285	4.28283440308342	4.31503478064743
9.58085190301148	9.18086502177171	9.11436356216612
5.81776724788139	5.6960305555381	5.69462344392198
4.66576415443634	4.23798016729916	4.48651524859179
8.87688287294661	8.55000326656866	8.52940106144496
4.30319407505163	4.20728337007624	3.48651524859179
9.11111509287514	8.72001321487359	8.62641938129332
4.72613677241582	4.47547948102581	4.46142426762895
4.87221503190377	4.5988618965311	4.61721894023638
4.15295143947102	4.20728337007624	4.19838986179516
4.50964495251906	4.81787167847289	4.21349675418537
5.36525504318389	5.21501901885585	4.90465865873845
8.75250147641522	8.49467304625913	8.45904946044105
5.57018649445411	5.32633604172001	5.23586456721382
7.59953045603625	7.35111914264989	7.31678456259739
3.92468245179791	4.28283440308342	4.28674573621601
4.71426267212753	4.42301206113168	4.4487132158794
9.87521752006529	9.45888030908652	9.35815499701725
4.25483105349023	4.6339088436303	4.69462344392198
4.28725253118261	4.12755617760551	4.49889897304762
10.0178924870994	9.58437725778042	9.54888710887929
4.62828944901768	4.38237007663434	4.7782813729689
9.82710063759324	9.32454942224599	9.37798471903413
5.15295143947102	5.17591919916691	5.0294136897464
4.38036193557409	4.20728337007624	4.27239044323894
5.03380417417802	4.83804956041052	4.63976150888747
9.26504125209245	8.86718338262123	8.78018508343763
4.95527077163133	4.58698779624281	4.42295011981432
9.44015702736919	8.89333199591171	8.82697929491657
10.2098204165994	9.73455015960377	9.71134859113649
4.5767591483776	4.67935181439147	4.89532079415911
5.26300498493594	5.07751549510591	5.27958594464314
7.44645112603187	7.05829351516839	7.20785019104422
5.91434050757645	5.92078999141846	5.66745324275652
5.09002018374457	4.61063906430745	4.53542484907273
8.24867006886356	7.71251867832667	7.68787871428864
4.60275435691054	4.29748117904782	4.18312310514185
9.0604283773111	8.57200640470439	8.48184380886789
9.63184434619431	9.15797251940751	9.16332346494448
9.12239060975375	8.70772907692197	8.68990544612402
4.53686642125408	4.55076760833006	4.4487132158794
9.10487578869405	8.69948115522392	8.67224511681137
5.09918018303004	4.87757792459716	4.95945113157883
9.70641684264992	9.36378785575623	9.37126472998339
8.61478022571754	8.30111975611117	8.26787496211644
3.98522399373295	3.81787167847289	4.05479900816631
8.93750649215549	8.50968890669879	8.48262343333479
4.82882243639039	4.75558740021855	4.21349675418537
8.88617348949369	8.47869619370936	8.48884530838369
7.40457817299491	7.14183030858763	7.19458829163531
8.95337788479837	8.4329961497043	8.37252711452439
8.88551185451723	8.23512992921525	8.32114975515879
7.70379205562669	7.33523610104324	7.23216059845041
4.64088948579731	4.7234069944694	4.5592715910271
4.00485280048189	3.57501515457673	3.7782813729689
8.92145855092362	8.43961402846881	8.3925764707708
7.20902736387711	6.65680924574038	6.58273056385109
7.7840841216251	7.47547948102582	7.48184380886789
5.48189996203616	5.04316399031514	5.30095959543571
4.17043886619986	4.22271341064585	4.4487132158794
4.56358375962987	4.84803364898315	4.72656633642474
4.33455824596097	4.15997765529788	4.47402430440859
4.53686642125408	4.04316399031514	4.47402430440859
10.557366130235	10.1552108992395	10.1338496096004
4.20479037099064	4.28283440308342	4.18312310514185
9.85845739847643	9.28971859798575	9.21771722050356
4.45361091760473	4.78706563169172	4.51117730282606
8.63696378258351	8.28191402344079	8.15405506255928
4.71426267212753	4.73421374942598	4.6838166889654
9.31405259052633	8.85361948317908	8.86275293170268
10.1408046815707	9.75492424459167	9.7076856588861
5.17043886619986	5.18382439725226	5.13632889366291
8.86081556952949	8.62450071621788	8.56222490841645
4.04332694829652	4.07751549510591	3.93231500164132
4.60275435691054	4.12755617760551	4.10426768443061
10.0454017026934	9.59812262157724	9.57031549574274
4.45361091760473	4.56294232227616	4.22844709565134
8.94387601703122	8.48510818222359	8.46695032926155
9.17910372732699	8.84741166361422	8.72459049264516
4.9950717796893	4.70154756050566	4.63976150888747
4.71426267212753	4.44948427249287	4.13632889366291
5.12631631296756	4.84803364898315	4.7782813729689
5.55695066729742	5.56294232227616	5.41643681285565
9.16608684166016	8.73958692152483	8.67224511681137
9.39995266393198	8.99848127592616	8.97283016138003
3.9039238916311	3.69049237199667	3.89532079415911
7.94895146656105	7.59442055374932	7.56369930306791
5.96532443629525	5.65111813366252	5.58853618553229
4.85068187035413	4.73421374942598	4.86693899278929
4.02421812534882	3.69049237199667	3.73705871024238
4.87221503190377	4.43630888374514	4.34277977113034
4.9950717796893	4.97190530714531	4.92315500235584
4.41010927896815	4.40959154536936	4.13632889366291
4.23834293070167	4.12755617760551	4.15209620952123
9.50835625655049	9.25964690553895	9.15111578471904
7.59468105637486	7.31378299137692	7.20407350029875
9.94831801098956	9.45235041939446	9.44671695841285
4.76118371951502	4.8279958957466	4.82820659830058
9.18932611049336	8.6411043450345	8.61152782815852
7.74084327123085	7.34584420060922	7.38342175562768
4.15295143947102	4.20728337007624	4.07147774931294
8.64870899025661	8.05936814839565	8.00899531855319
8.7819525846096	8.2717509039544	8.22285885738906
4.66576415443634	4.17591919916691	4.62853425346421
7.85068187035413	7.47708873388748	7.40661138299957
5.12631631296756	4.93491109966311	5.22099129073229
5.65338042998051	5.58698779624281	5.67292837282267
8.96030636152863	8.40537190199595	8.49735680823921
9.03440119261852	8.68562896007763	8.66745324275652
4.27113286581934	4.17591919916691	4.52335201677216
6.27921521211719	5.87757792459716	6.01655153880935
8.98151367439458	8.39604501353141	8.38925420092984
3.88286227610328	4.20728337007624	3.7782813729689
4.1877168576317	4.53848927855161	4.03792518960192
5.37282826288869	4.99904143708283	5.18312310514185
9.15898668137751	8.67935181439146	8.66676738819599
9.28022232911508	8.90354049457074	8.7776462441711
4.73791394019218	4.9160520724118	4.80844334347915
4.9950717796893	4.89694324946409	5.0294136897464
4.33455824596097	4.14385798993461	4.02085167624298
8.2507266551575	8.00908732321991	8.00574478385276
6.57018649445411	5.99005265385557	5.99485646771003
4.56358375962987	4.57501515457673	4.15209620952123
7.82882243639039	7.39604501353141	7.5607490054326
5.20479037099064	4.86779690380458	4.83798761909316
10.0489514974904	9.55686780786647	9.54777003949256
4.22166418955504	4.43630888374514	4.37000123986536
7.39345193501454	6.92078999141847	6.95945113157883
4.97530852486787	5.16797044605142	4.71599709471455
4.00485280048189	4.11106805481694	3.89532079415911
10.6516304121949	10.2167056771333	10.1535655985882
4.06218597554784	4.26803740115534	4.19838986179516
9.44689965550568	9.00853104982151	9.00574478385277
4.60275435691054	4.14385798993461	4.35645470802741
8.31208438416255	8.03881196577543	7.97283016138003
9.14191316801857	8.80062428859672	8.70668506119886
4.31896139090995	4.31198074874294	4.39671857824114
4.77267935835285	4.57501515457673	4.32897397160531
9.5767591483776	9.09962216322626	9.12038734979389
9.16554191434834	8.81914109786046	8.76488459491837
6.8177672478814	6.43630888374514	6.55631221554655
9.78550339871044	9.17938305447048	9.21912130337925
4.43925562462766	4.29748117904782	4.13632889366291
4.20479037099064	4.04316399031514	3.75781727040918
10.0072877293989	9.6040262412358	9.60617194387009
4.66576415443634	4.20728337007624	3.9860862580823
4.87221503190377	4.39604501353141	4.76808560586301
5.40272974860255	5.19950601948452	5.17542871335185
10.37259220054	10.0007206167574	10.0008552083315
9.65143583467209	9.19999333414577	9.10578657740217
5.77839300954725	5.31917625014714	5.37000123986536
9.61517936669142	9.13318072679939	9.13037143836651
4.82882243639039	4.7234069944694	4.8764617669078
5.19627887113512	4.7234069944694	4.7782813729689
3.9039238916311	4.20728337007624	4.10426768443061
4.48189996203616	4.26803740115534	4.21349675418537
9.10032110443461	8.7042981715217	8.6647078660177
5.23834293070167	4.94424896424245	5.05479900816631
9.07617020498354	8.54310590662199	8.54441363229999
7.63774977826675	7.16597639591933	7.14423409174825
4.81776724788139	4.65680924574038	4.69462344392198
5.04332694829652	4.96274530785984	4.89532079415911
8.99200156137611	8.46902445888852	8.40825360860762
9.73974546899077	9.44208792740177	9.37378839542147
4.71426267212753	4.56294232227616	4.76808560586301
8.95021754390504	8.56142608982877	8.59720104665942
4.88286227610328	4.55076760833006	4.5943185381263
5.39531227704006	5.19950601948452	5.07147774931294
2.04332694829652	2.42301206113168	2.02085167624297
9.11281204861781	8.74627536670286	8.7337880331651
9.65571048977242	9.23987720247176	9.26016605938185
9.07617020498354	8.44291161856939	8.43830238217462
6.78124137185627	6.42301206113168	6.40989396698887
5.32678089536925	4.99904143708283	4.94141720874857
5.31109927313698	5.07751549510591	4.97726240769529
9.11901719814452	8.59145204438741	8.46221500211895
3.28725253118261	3.22271341064585	3.30095959543571
9.71202535706417	9.38708547095242	9.33761806601456
7.92725639546173	7.57351156398634	7.45030823543478
5.46073535203812	5.30474917951186	5.32897397160531
4.85068187035413	4.95352677783046	4.84770277392637
4.70229003046146	4.73421374942598	4.62853425346421
9.74704842075756	9.30927315637945	9.31372105005956
5.26300498493594	5.46254042531832	5.17542871335185
4.52331988941614	4.3685642771093	4.53542484907273
5.74376666643761	5.34054990093971	5.47402430440859
7.84796748565709	7.45602711835965	7.44711643094507
4.64088948579731	4.57501515457673	4.61721894023638
8.26198577257218	7.6382304495804	7.64115879232927
4.71426267212753	4.99005265385557	4.7884055902426
5.41745125430931	5.18382439725226	5.00357368481114
5.31896139090995	4.97190530714531	5.04638676835011
5.44645112603187	5.01685271319929	5.02085167624297
4.28725253118261	4.69049237199667	4.57104875880345
9.00058176108158	8.41211742002839	8.47559159955555
4.09918018303004	4.35462508615143	4.27239044323894
4.58981530120304	4.38237007663434	4.40989396698887
4.08080165371519	3.83804956041053	3.93231500164132
4.58981530120304	4.55076760833006	4.49889897304762
8.02060687179644	7.56294232227615	7.604382221471
7.69475635777605	7.19755511311437	7.08386147376877
9.68338156791139	9.3423168271139	9.32984071542284
4.61557839726813	4.39604501353141	4.38342175562768
5.0145679553151	4.66812455896821	4.62853425346421
9.73974546899077	9.29520239948561	9.23632689538342
4.45361091760473	4.6339088436303	4.37000123986536
8.92403824770554	8.33257184351618	8.28763821693787
4.64088948579731	4.5988618965311	4.48651524859179
8.51735304765432	8.16797044605141	8.06524579560143
3.28725253118261	3.44948427249287	3.87646176690779
9.06744595924288	8.760220973959	8.67224511681137
4.98522399373296	4.99005265385557	5.24324409757942
4.72613677241582	4.88729307943037	5.05479900816631
4.15295143947102	3.95352677783046	4.16769306457225
5.06218597554784	4.62232086935509	4.67292837282266
5.29524532193614	5.06044198174697	4.76808560586301
8.24248266106259	7.85671340467556	7.8134095963725
4.1173275297403	4.17591919916691	4.4487132158794
7.49757212021848	7.18776081181142	7.17928103884745
7.95904911086876	7.61210447331195	7.54590633294105
5.83431842414524	5.15194033623247	5.23586456721382
9.54526886224978	8.86288141339046	8.90698371168469
4.41010927896815	4.17591919916691	4.31503478064743
4.61557839726813	4.7234069944694	4.72656633642474
5.03380417417802	4.4883035213834	4.52335201677216
8.7840841216251	8.53308447411081	8.51879853048532
9.05042800467167	8.47789268767863	8.53241609920039
9.22637460744101	8.80895432974121	8.68990544612402
8.69852811166526	8.08280979477543	8.15013469318794
6.87221503190377	6.58101389519817	6.65920138971116
4.82882243639039	4.53848927855161	4.51117730282606
4.83979355421139	4.15997765529788	3.91393647232646
5.15295143947102	5.00797456185284	4.91393647232646
9.64088948579731	9.24744049654823	9.24967036673885
10.3624048051	9.93871189941572	9.81247972522146
4.36525504318389	4.58698779624281	4.40989396698887
4.77267935835285	4.53848927855161	4.46142426762895
4.74959574523981	4.40959154536936	4.30095959543571
4.43925562462766	4.35462508615143	4.39671857824114
4.55028693701641	4.4883035213834	4.51117730282606
5.34998828653058	4.96274530785984	4.84770277392637
9.03440119261852	8.49387839185133	8.50120913373482
6.21325194973883	5.78706563169172	5.77828137296889
8.1920042160348	7.93373960545267	7.90930502359481
5.95021754390504	5.87757792459716	5.87170823693716
4.39531227704007	4.7234069944694	4.66195725500166
4.98522399373296	4.99005265385557	4.85735294396009
5.02421812534882	4.78706563169172	4.72656633642474
8.69324489085845	8.29474621132658	8.23863631646388
7.25687888213909	6.80255087918914	6.81588632666471
5.69626624283369	5.57501515457673	5.38342175562768
5.27113286581934	4.92551240166086	4.97726240769529
8.96845189262705	8.45439418661668	8.49966943770726
4.79539943485294	4.83804956041052	4.7884055902426
9.02060687179644	8.69948115522392	8.65782148043246
5.77839300954725	5.33346047615339	5.3496334421714
9.45851274330875	9.0371765659696	8.98828381378654
4.45361091760473	4.3685642771093	4.40989396698887
4.83979355421139	4.22271341064585	4.4487132158794
4.55028693701641	4.66812455896821	4.13632889366291
4.82882243639039	4.46254042531832	4.12038734979389
9.80732550115975	9.47668658892574	9.44071155897866
5.16172164909876	5.04316399031514	4.7782813729689
7.97530852486787	7.24744049654823	7.36662651308471
4.61557839726813	4.19168651502522	4.22844709565134
4.13524943773756	4.26803740115534	4.35645470802741
9.02000411639144	8.60623388518745	8.53992624130767
3.49583915299403	3.57501515457673	3.83798761909316
5.09002018374457	4.77664901574638	4.69462344392198
7.93878264884276	7.64110434503451	7.63556152035818
6.20902736387711	6.02127138446629	6.07147774931294
4.73791394019218	4.65680924574038	4.6838166889654
8.94895146656105	8.53463077119441	8.5157548689326
4.56358375962987	4.17591919916691	3.93231500164132
5.14412758908401	4.73421374942598	4.75781727040918
7.3633555102684	7.28283440308342	7.33070693882976
3.70229003046146	4.32633604172	4.12038734979389
8.95021754390504	8.65183075162756	8.63836287083232
6.01940110905104	5.87757792459716	5.76808560586301
8.65026781811317	8.34143363452991	8.31503478064743
4.31896139090995	4.26803740115534	4.35645470802741
4.69021719816088	4.55076760833006	4.49889897304762
8.82261432001277	8.39944358999328	8.30977266524202
4.00485280048189	4.26803740115534	4.05479900816631
9.24299929313289	8.69257168300886	8.71732249218112
4.81776724788139	4.79740757591318	4.72656633642474
4.15295143947102	4.35462508615143	4.24324409757942
9.69437863947545	9.26384825306984	9.24691975572282
5.0145679553151	4.83804956041052	4.7884055902426
9.67038078250671	9.27035946030928	9.28406497661985
4.30319407505163	4.64540448246813	4.48651524859179
9.08772106765498	8.68284248882822	8.68246013499532
7.96907657115636	7.35986807813949	7.38007831255331
5.69021719816088	5.40283417919405	5.49889897304762
4.28725253118261	3.71251867832666	3.65090206649266
8.647148476269	8.21018910125166	8.15209620952123
6.67498268446572	6.24555338700396	6.14423409174826
5.94514655435762	5.89212623316632	6.02513903464607
8.96720172353592	8.52843561388769	8.47950240444665
4.88286227610328	4.71251867832667	4.43588917552182
9.68262005032132	9.13318072679939	9.15942823465813
4.71426267212753	4.85794911784823	4.91393647232646
4.15295143947102	3.95352677783046	3.83798761909316
5.1877168576317	5.29748117904782	5.15991571398053
4.76118371951502	4.5988618965311	4.43588917552182
4.81776724788139	4.81787167847289	4.69462344392198
5.37282826288869	5.07751549510591	5.31503478064743
9.47663784663074	9.18923420261955	9.12488874202883
9.13914035332514	8.65680924574038	8.59359701020884
5.20479037099064	4.76615664192874	4.69462344392198
9.43925562462766	8.97076348275576	8.9476418292892
4.09918018303004	3.93491109966311	4.05479900816631
6.69928128058912	6.18382439725225	6.22099129073229
4.60275435691054	4.15997765529788	4.19838986179516
5.39531227704006	4.89694324946409	5.13632889366291
4.46782477682443	4.19168651502522	4.30095959543571
4.67804248421478	4.67935181439147	4.63976150888747
6.73791394019217	6.56294232227616	6.57397808984213
6.28725253118261	6.18776081181143	6.22844709565134
9.70454248219283	9.27221442043739	9.25150119825472
4.78408412162511	4.7234069944694	4.49889897304762
7.80802397371799	7.69049237199666	7.61295271226535
9.95716117815761	9.49427577376842	9.51841842376704
9.29424864138466	8.86902316400666	8.87111294291556
9.0361907670149	8.57876728943784	8.5805474183537
9.56441075594995	9.05452598260899	9.06628632578782
3.5502869370164	3.83804956041053	3.71599709471455
9.37093868168747	9.0212713844663	8.9733849374072
9.62828944901768	9.20145429127404	9.22472400960862
8.83363256958472	8.32812045139819	8.28853014589419
9.35525447636656	8.84180169527163	8.81278974886956
5.09002018374457	4.11106805481694	4.24324409757942
5.04332694829652	4.83804956041052	4.83798761909316
8.81499016321082	8.44620168850357	8.41316909902173
9.74230570930933	9.24366380580274	9.21771722050356
9.39065691630197	9.03280641483277	9.02246092910463
6.11281204861781	5.90652929829329	5.77828137296889
5.93495078725173	5.5988618965311	5.57690148504889
9.84694827329334	9.50101457313295	9.4205110743629
4.56358375962987	4.57501515457673	4.49889897304762
4.89343151781346	4.84803364898315	4.91393647232646
4.33455824596097	4.58698779624281	4.61721894023638
7.51136142510808	7.0409896190808	6.99266890847226
9.50189545291413	9.0582935151684	9.06836513744561
4.65338042998051	4.52610555409579	4.70534985051504
4.22166418955504	3.69049237199667	4.24324409757942
4.27113286581934	4.22271341064585	4.02085167624298
9.14744286064837	8.74360370845623	8.70468178148672
8.39902577983913	7.96274530785984	7.94368381572051
4.91434050757645	4.3685642771093	4.79845925490652
9.27265175879089	8.8095931143613	8.83859673670444
6.06686246275731	5.51361460991259	5.61152782815852
5.75540136692102	5.53231070362249	5.57690148504889
9.33358836690536	9.08966346581649	9.03154627703921
4.61557839726813	4.26803740115534	4.51117730282606
4.34998828653058	4.11106805481694	4.37000123986536
8.50534481508544	8.33434856177139	8.32376254495996
9.64753876304018	9.17938305447048	9.17156607371945
8.75104934238131	8.59590252105055	8.49735680823921
9.00363379319273	8.66106289513402	8.62782964048762
5.90392389163111	5.60476249797078	5.63976150888747
8.12743598321459	8.05721808087269	7.96057080182586
8.98151367439458	8.54310590662199	8.52940106144496
9.11111509287514	8.65111813366252	8.68584913124692
5.83979355421139	5.75027360032208	5.66195725500166
9.78017389489978	9.42926020879686	9.45865327890873
4.66576415443634	4.77664901574638	4.70534985051504
5.58330199424437	5.08597707385411	5.26515887400786
13.6438023162113	13.2372978105216	13.1817135348872
13.1118224003565	12.74247511705	12.6830961784936
4.55028693701641	4.83804956041052	4.82820659830058
5.1877168576317	4.77664901574638	4.91393647232646
9.05219782093233	8.6603548239341	8.64115879232927
4.89343151781346	4.69049237199667	4.95945113157883
4.61557839726813	3.9160520724118	4.27239044323894
3.94514655435762	4.17591919916691	4.21349675418537
3.41010927896815	2.95352677783046	3.3289739716053
8.83088588614509	8.30474917951186	8.28227503217078
6.17043886619986	6.26431431511262	6.09205862673539
7.45717753262492	6.9136772652239	6.82575094657426
8.62908018350768	7.94541195909857	8.05165016361131
4.53686642125408	4.71251867832667	4.27239044323894
4.65338042998051	3.93491109966311	4.27239044323894
9.54401161158992	9.10795544294961	9.06316248110094
4.06218597554784	4.12755617760551	4.03792518960192
3.67804248421478	4.09438931367031	3.85735294396009
9.07906660234444	8.75492424459167	8.79845925490653
4.73791394019218	4.35462508615143	4.52335201677216
4.96532443629525	4.8279958957466	4.75781727040918
9.28072562409346	8.9243332474956	8.86155467993871
4.34998828653058	4.61063906430745	4.70534985051504
7.90914160090213	7.69879169521516	7.58563629502649
5.66576415443634	5.32633604172001	5.22099129073229
9.32726821003049	9.05506480429252	9.04427602175431
4.28725253118261	4.62232086935509	4.34277977113034
9.13636219910464	8.84554409695745	8.79092558222112
4.08080165371519	4.3685642771093	4.28674573621601
7.64870899025661	7.42967579141269	7.37168564757671
4.79539943485294	5.00797456185284	4.89532079415911
4.49583915299403	4.38237007663434	4.48651524859179
9.90718717065395	9.48590768074274	9.40043633416193
6.10828239013729	5.6960305555381	5.69999661602084
3.49583915299403	3.47547948102582	3.15209620952123
9.05631896851584	8.51439847031812	8.47872109110999
6.04332694829652	5.4883035213834	5.34277977113034
6.29125446174011	6.00797456185284	6.21349675418537
8.97779378825747	8.76944371339149	8.77127953021574
8.95085016616508	8.5988618965311	8.47009860119479
9.29275232832999	9.00351491366214	8.97060892146335
9.93303103308837	9.46862005943502	9.38550747962966
9.22637460744101	8.86041737343898	8.86693899278929
9.27113286581934	8.85918377349987	8.80844334347915
8.58085190301148	8.25402600865898	8.21349675418537
8.24557968201769	7.85175994044143	7.89062909883439
9.10998267912713	8.95814340590083	8.92315500235584
4.53686642125408	4.17591919916691	4.49889897304762
7.92339375582933	7.50417491402628	7.4455178767196
4.60275435691054	4.44948427249287	4.57104875880345
6.69626624283368	6.49149179901445	6.54441363229999
5.91952074668213	5.62232086935509	5.4487132158794
7.07617020498354	6.69879169521516	6.6481249818221
6.3803619355741	5.96733257735549	5.85253592766232
5.30319407505163	5.08597707385411	5.35645470802741
9.37330027173991	8.98214126286957	8.85434419408775
9.70716590551249	9.42509778513366	9.39837209709365
9.07268683498329	8.74760934279503	8.70534985051504
4.22166418955504	4.02567656358629	3.58273056385109
4.83979355421139	4.92551240166086	4.84770277392637
5.32678089536925	5.26058159623629	5.07974536529654
4.69021719816088	4.39604501353141	4.38342175562768
9.29225321224098	8.8121454282351	8.82082706793498
4.90392389163111	4.97190530714531	4.89532079415911
4.97530852486787	5.09438931367031	4.91393647232646
3.98522399373295	3.95352677783046	3.89532079415911
5.20479037099064	4.99005265385557	4.7884055902426
9.02000411639144	8.64397252697499	8.62500774219744
5.73791394019218	5.38237007663434	5.47402430440859
6.39902577983913	6.0690039952504	6.00791262053548
3.67804248421478	4.09438931367031	3.43588917552182
8.0691950340672	7.77664901574638	7.72393127625677
3.00485280048189	3.57501515457673	2.9860862580823
5.41745125430931	5.10275278660494	5.14423409174826
9.60998190075921	9.17690972103273	9.14964389711554
9.11789097245041	8.62740206468871	8.70133678800842
4.64088948579731	4.83804956041052	4.31503478064743
4.89343151781346	4.51361460991258	4.21349675418537
9.4562867051555	8.89814499467385	8.92315500235584
8.37471537243295	7.69879169521516	7.72524940795275
5.08080165371519	4.99904143708283	5.15991571398053
9.61757189632912	9.10014440578071	9.08386147376877
9.97468653949894	9.58736034499656	9.54179768409298
4.95527077163133	4.56294232227616	4.53542484907273
4.61557839726813	4.56294232227616	4.65090206649267
4.70229003046146	4.57501515457673	4.72656633642474
4.58981530120304	4.51361460991258	4.27239044323894
8.74886839708179	8.4205052055211	8.44551787671959
7.46251097692797	7.28283440308342	7.37672710305367
7.81637937375715	7.31198074874294	7.37840368086106
7.64402237528228	7.49626104316232	7.58418416099259
4.97530852486787	4.29748117904782	4.47402430440859
8.07732946180838	7.82167659067633	7.7357513290556
5.32678089536925	5.30474917951186	5.30095959543571
4.72613677241582	4.71251867832667	4.82820659830058
4.55028693701641	4.50101457313295	4.31503478064743
4.43925562462766	4.53848927855161	4.30095959543571
4.71426267212753	4.52610555409579	4.07147774931294
9.39065691630197	8.9243332474956	8.9340260455749
4.66576415443634	4.67935181439147	4.48651524859179
4.86148862531071	4.52610555409579	4.8764617669078
5.14412758908401	5.20728337007624	5.07974536529654
5.72021193845872	5.47547948102582	5.6838166889654
9.11281204861781	8.64182192527356	8.58708696889523
3.72613677241582	4.26803740115534	4.27239044323894
9.40272974860255	8.97816923861572	8.95327736395863
9.86518482983624	9.32141750435103	9.34663896658597
4.04332694829652	4.04316399031514	4.27239044323894
9.5841177675434	9.06312307346988	9.03048037744075
