k4_temp14_1	k4_temp14_2	k4_temp14_3
4.47679753066063	4.7175679765198	4.55814669804472
8.70064354913858	8.65145530450634	8.67747213071212
8.54843288860578	8.48839702255229	8.4362543930242
9.21172562518702	9.23274214708409	9.2493086025978
4.20910174745697	4.74141471847417	4.63614921004599
9.7164345528203	9.66047340315689	9.64206918158981
8.87022258884189	8.81349239651833	8.8387456471734
4.36809127121813	4.66865837603885	4.64874924682562
8.66916989601454	8.65773472700262	8.56895968353234
4.52260122027376	4.7175679765198	4.3731148042122
4.73205458590271	4.88749297796211	5.02242771634341
4.51128590704593	4.45453357068601	4.53117965044445
8.75322215340362	8.71003430383439	8.66667115482288
6.59674268302627	6.36142416629453	6.46147067863304
9.50416850217677	9.42814484620548	9.45026783432289
4.66215257267255	5.06806522360393	5.08866141474349
4.66215257267255	5.22006831704898	5.07938360115548
6.71735807469601	6.90078980057557	6.96060613124409
9.15241316465599	9.28133625497183	9.2279503873942
4.84452931516112	5.13260547579864	5.04166393520633
7.38058221540133	7.32045238523821	7.31105383607994
4.52260122027376	4.65616743185565	4.5846189094059
4.52260122027376	4.88749297796211	4.8476533152397
4.84452931516112	5.01034972574764	4.96313053265963
7.49270711088594	7.67641065176304	7.66124019100882
5.37435026168982	5.44730200145493	5.47568453785274
4.94886597497585	5.32637721919532	5.33464065639756
4.4174189835817	4.41059022309841	4.68590224524309
3.94886597497586	4.41059022309841	4.35784804755889
8.3735693712562	8.38999331849129	8.41520613770123
7.72472504410422	7.71305249539731	7.72212243315584
8.63699427514107	8.53092163919885	8.55814669804471
9.01144556673109	8.97243912421596	8.99924649390975
5.2020813197792	5.29449315817554	5.21265013201895
4.79872562554799	4.87676657136905	4.8256270089097
9.34676443001791	9.33766558634329	9.30260682875785
4.70251031028869	4.81067738091128	4.88007479293208
4.45333855783664	4.33423933696829	4.44711538565597
7.88235078059609	7.79651931791462	7.85854163138244
8.05398268079007	8.16382420640936	8.06770179610785
4.12251406246089	4.38053298924223	4.32682115193826
4.48838550493584	4.60509324726139	4.66124019100882
5.87574804577184	6.1769995951571	5.96313053265964
4.53382847569701	4.74141471847417	4.8476533152397
8.76577520374671	8.70094165793239	8.67593407615185
4.55602422181121	4.75319188625052	4.63614921004599
4.42949181588228	4.30253047724095	4.64874924682562
4.6100640615241	5.02984590137344	5.05118670932483
5.18793713745893	5.24530560854801	5.43261581596086
9.27539997870927	9.15330767958969	9.16410628006091
4.0771900719514	4.0005019397913	3.80325919588124
8.86133760284767	8.88280998507851	8.8680019606315
8.09245682860471	8.03708957370007	8.16848804513279
4.68247255705215	4.60509324726139	4.83668219741869
7.99934742421322	7.9806023823536	7.87873834536926
4.69252622171607	4.97054871768967	5.09787994477287
4.99020677035676	5.53177656961847	5.43261581596086
4.19502656224525	4.60509324726139	4.68590224524309
4.34278018268895	4.69332043027312	4.96313053265963
8.63569220371614	8.66476656078185	8.66124019100882
9.09103241344122	8.83581694318979	8.8476533152397
4.47679753066063	4.23694213561338	4.44711538565597
9.09103241344122	8.93931619376388	8.95427573477349
4.465115725613	4.7175679765198	4.44711538565597
4.64154229299727	4.93996039785625	4.57144352065817
8.3387849017061	8.16272080670672	8.17721185125144
4.85351809838838	4.64356739507602	4.94281054828004
9.07862821299844	9.12242569591624	9.15198735011232
9.59238661525706	9.62285468642573	9.60658311492274
8.83378188032711	9.11787819005209	9.07880175196797
8.91652789591418	8.88414953488774	8.91047627147263
3.94886597497586	4.63085634332647	4.44711538565597
8.95514312066202	9.01218872541143	8.94919134170176
2.52260122027376	2.76487369129815	2.75745550626812
4.99833465124015	5.33423933696829	4.89072203713159
7.36495156368757	7.44003400099089	7.32092858401506
4.54496903330221	5.04908212023636	4.92220026860475
4.70251031028869	4.64356739507602	5.10703994405835
9.15877266190968	9.23641780522749	9.22374580870702
5.05398268079007	5.22006831704898	5.26269081451855
7.45923915927633	7.37673141908237	7.52264801682333
9.6060805476056	9.59039673605469	9.55898134952353
8.70747656318204	8.90673362009223	8.91635017932363
4.52260122027376	4.70549514421922	5.04166393520633
4.42949181588228	4.36526623258892	4.16081120049933
9.42044667627927	9.41615689897295	9.45161677789091
4.18081270302555	4.33423933696829	4.66124019100882
9.00490500259694	9.04728958112703	9.07821966802185
5.44146445754835	5.72954061818587	5.58461890940591
9.54981610543359	9.59367558983169	9.52947735521344
9.29409068977436	9.31748081870693	9.38163188724205
5.36809127121813	5.55887023050074	5.3882216966024
4.3554912344385	4.46888886366307	4.44711538565597
7.067565653063	7.23274214708409	7.24412836349212
9.33156539519302	9.25362087676001	9.20520531985778
3.98203283891105	4.38053298924223	4.32682115193826
5.93199215641146	6.10988539929856	6.20840065901759
5.4174189835817	5.82748566859784	5.67977614244624
8.5470483443144	8.65538314532322	8.64796496029318
4.04616317633077	4.20299480369004	4.12518729076861
4.36809127121813	4.61803230296888	4.78053911938116
8.95409882453181	8.64909345670862	8.68360800403727
8.06853098935922	7.98809691890052	7.94025030796148
4.62063330323428	4.59203709443594	4.74577370122049
7.2213058870441	7.14829928290378	7.17612425599384
3.93199215641146	4.36526623258892	4.14310919876587
9.01395329383719	9.02863507877539	9.00783034013045
4.74176974073592	4.84410038244873	4.97318419732356
5.74660289447186	5.72356671714124	5.66124019100882
9.05056686140771	9.07804931217656	8.96313053265964
7.61535836119361	7.62925955839214	7.71165181665499
9.30149969628213	9.15108387176458	9.17829862722817
3.80800343913601	4.31847202110998	4.07004573657614
7.78704382050036	7.84685099346477	7.83668219741869
8.61403660659736	8.6091491820129	8.52692014029123
9.30887084792222	9.49015748041673	9.44440779329248
4.53382847569701	4.87676657136905	4.88007479293208
9.60740960807812	9.53177656961847	9.56356332116763
4.36809127121813	4.51111709905237	4.59767506223135
5.05398268079007	4.99058647092622	5.00293154071761
4.94045373515965	5.27010899954858	5.04166393520633
8.70375347713932	8.65773472700262	8.71689662393035
8.89981175066231	8.97746813162946	8.98813453878953
4.88015322489184	4.90870946387181	4.99308375476126
4.58869041073153	4.4971779080945	4.85854163138243
4.04616317633077	4.4971779080945	4.26269081451854
4.44146445754835	4.79936206768345	4.69807695918919
8.37824838630102	8.21155681719346	8.28101746232513
10.0838891654386	10.1027113664108	10.0785107393516
4.3554912344385	4.27010899954858	4.47568453785274
9.4952220823325	9.49103690442499	9.46503729365323
9.46107815894011	9.48795657222345	9.4980523508812
8.87188244909121	8.92896961393827	8.97880874651744
8.75382240098494	8.99245081972009	9.08692636337275
9.43399320811722	9.43866716522698	9.43761649701922
4.29078554505069	4.25362087676001	3.99308375476127
4.19502656224525	4.44003400099089	4.07004573657614
9.19679348841944	9.08563785305188	9.18966061952202
8.5676782722087	8.70170157106078	8.66821911102385
8.37902674889929	8.42077944391094	8.49325716730069
9.00540917700043	8.91330926976625	8.97943234498874
7.81951742715305	7.84822433487346	7.85310774533181
8.68687965857493	8.60428069019069	8.62104231765578
8.69815077090995	8.74510542153809	8.73916087814883
5.51128590704592	5.6372258682022	5.62980768317216
9.43174426761365	9.37244264453899	9.39103671220946
4.20910174745697	4.5249228985774	4.41796903999645
9.22087179796579	9.19222033209586	9.13753248118844
7.59941681732459	7.81630193010516	7.71614853211121
4.39296593985716	4.70549514421922	4.44711538565597
4.45333855783664	4.4971779080945	4.47568453785274
4.19502656224525	4.51111709905237	4.26269081451854
5.12993153402337	5.35757184079892	5.10703994405835
4.59941681732459	4.51111709905237	4.8256270089097
8.90143793348437	8.82260344721809	8.87873834536926
9.33236934898417	9.33374920785167	9.31303420020818
8.28830170792486	8.33129606146756	8.3844597778062
7.01044125409681	6.83304519393973	6.8144864513045
8.31213486524412	8.04069781661692	8.15198735011233
7.78587042064642	7.89282642226515	7.84491834751846
9.60075202800841	9.52963829289549	9.59116175527268
7.3347785257882	7.44367257805424	7.42347902138874
7.45481597224214	7.23694213561337	7.35208110434
6.42044667627928	6.1006962278439	6.19127648122638
8.39527610054436	8.26188849274361	8.26269081451854
8.40905991597746	8.32440497686372	8.31204435794576
4.88892343451958	4.68104210049468	4.75745550626812
6.073348005657	5.96042450041596	6.07938360115548
8.01345209701405	7.90739253539982	7.89469458220485
5.0924568286047	5.21155681719346	5.22111171076714
4.75141991076964	5.05860489435487	5.08866141474349
7.4052442696356	7.12129016257081	7.12743974249998
4.34278018268895	4.87676657136905	4.96313053265963
9.8295173337963	9.86052593036184	9.86597996304629
8.94150795153166	8.96928706912576	9.0127125615102
6.34596846031999	6.26188849274361	6.40317203806837
8.45923915927633	8.37196532607611	8.30410107543817
9.32915084225972	9.31400623753794	9.34774071819204
4.06176003138179	4.23694213561338	4.63614921004599
8.45111959553165	8.61964155583054	8.58297855102465
8.72533726352392	8.8344317342107	8.78482647778426
3.32995614233136	4.0005019397913	3.97318419732356
8.60408465836743	8.63085634332647	8.59767506223135
7.52541623588081	7.57720628951015	7.67670330839662
8.85519727806297	8.61561505296319	8.53627451756721
8.3712241607031	8.10529812980291	8.01757831668201
5.74176974073592	5.99058647092621	5.91700136193043
5.83094025041317	5.89282642226515	6.01757831668201
8.32350112019406	8.4804482694368	8.46057764546253
9.9417713853023	9.89116183797885	9.90392153488644
4.55602422181121	5.09607959977353	5.10703994405835
4.84452931516112	5.11445812908838	4.90129127884177
5.48260315234184	5.66865837603885	5.64874924682562
4.98203283891106	5.43272920036766	5.53796881610708
8.01545584044851	7.94381959331188	7.90129127884177
4.62063330323428	4.61803230296888	4.53117965044445
4.84452931516112	4.69332043027312	5.20413863216343
2.91491864305252	3.56556488307475	3.55814669804471
4.75141991076964	4.77646166557337	5.31105383607994
4.18081270302555	4.81067738091128	4.68590224524309
8.63243187455255	8.77790363974727	8.67593407615185
9.18704850482173	9.30353200108603	9.25961361098953
6.59941681732458	6.64356739507602	6.85854163138244
4.69252622171607	4.76487369129816	5.07004573657614
4.79872562554799	4.75319188625052	4.90129127884177
4.73205458590271	4.91920183768945	5.17829862722817
8.18793713745893	8.25154654852215	8.32780091091709
5.58329715196131	5.88749297796211	6.03207788637713
7.67107780245204	7.74289213287967	7.84217818517355
8.69252622171607	8.68412149342666	8.61704038709828
4.92348065655594	5.13260547579864	5.16958141012706
4.55602422181121	4.48310272288278	4.61061411793885
5.13731106438897	5.24530560854801	5.23788742351797
8.79581403012809	8.79367095560559	8.8200674835678
8.80742532049838	8.62205207442122	8.63535804192038
9.01595634176866	8.98809691890052	8.96816612255694
7.52119165001908	7.60021102588164	7.6329819309673
8.1628461564961	8.25154654852215	8.21582904268645
3.93199215641146	4.5249228985774	4.57144352065817
7.99326009433431	8.07277222628146	8.09787994477287
6.01445431660343	6.1549732888271	6.0886614147435
8.67425205024718	8.59203709443594	8.65031654197258
6.87574804577184	6.91133971991648	7.0886614147435
9.07910727494569	9.04129831404115	9.03327963158688
8.70685671567911	8.60671698974105	8.61302732459166
8.56494460006745	8.50329288260586	8.54809303338079
5.51128590704592	5.68719432747628	5.77480274983202
9.3157980793347	9.43729903326965	9.43580007242814
9.85603613555781	9.63841702971824	9.64246298397819
6.53102984234434	6.49367196459296	6.62980768317216
4.45333855783664	4.44003400099089	4.66124019100882
5.73205458590271	5.90870946387181	5.73399653344413
10.7225802278897	10.6632068903155	10.6780484786954
4.4174189835817	4.74141471847417	4.5846189094059
4.4174189835817	4.66865837603885	4.72212243315584
8.92508039248872	8.84547634348855	8.88207714584322
8.884544994009	9.01096298613558	8.86125091864042
4.52260122027376	4.64356739507602	4.59767506223135
5.15922584081741	5.60509324726139	5.35784804755889
4.93199215641146	5.46172907209021	5.46147067863304
4.13731106438897	4.20299480369004	4.35784804755889
9.75382240098494	9.70246108412959	9.72025824496405
9.460710546493	9.50372867630828	9.5290514673754
4.49988114377367	4.70549514421922	4.67362391546465
5.53940950796031	5.31052326799449	5.27086474596424
6.02244710735696	5.78222093486205	5.98813453878953
8.60341874788208	8.78509197071681	8.70714104161743
8.61535836119361	8.61883715377966	8.70864620089938
9.10521367154078	8.99926622661863	8.99246603047827
4.25052167483696	4.75319188625052	4.8144864513045
8.65959233235399	8.71003430383439	8.73177757113914
5.45333855783664	5.03949607140716	4.95300631538593
8.7817559891406	8.78509197071681	8.73177757113914
9.11645915913198	9.05979083362501	9.09730550915275
8.92880622569261	8.76414634314013	8.80958527440618
5.3363824114908	5.1415942590259	5.56481042832573
8.69565367804787	8.40686713705569	8.50889158324266
8.71427736662618	8.53689554024348	8.6274224056254
3.94886597497586	4.4971779080945	4.24620269172997
8.9619126820926	8.93285828217103	8.87606173042545
3.93199215641146	4.0005019397913	4.01271256151019
4.92348065655594	4.85507150026974	4.71014979148976
9.48982747910975	9.45858545519309	9.47081430292238
8.80858132620197	8.97997607670413	8.97318419732356
8.82980202941457	8.73474756649662	8.78268439121272
5.95305377193929	6.29045764494038	6.14310919876587
4.55602422181121	4.66865837603885	4.59767506223135
7.76815392652944	7.74289213287967	7.8960163368011
9.23254660050626	9.34498026336591	9.27595003512403
8.95096139297805	8.94060431442167	8.96123764582668
9.36022915344516	9.35080541949338	9.3554479554384
4.55602422181121	4.90870946387181	4.97318419732356
3.93199215641146	4.5249228985774	4.32682115193826
8.872435311731	8.89880307309949	8.94281054828004
3.96554471612249	4.5249228985774	4.32682115193826
9.36612975488485	9.44775503805494	9.37216535038333
9.51801507249891	9.61964155583054	9.60335018350624
8.39911816683876	8.38999331849129	8.37785272321886
9.42309070510841	9.37530324370665	9.39056792421479
5.75622089703346	5.97558430758697	5.90654700429327
8.93411220828583	8.93867170188768	8.98999248501011
8.81894390496665	8.91985508426655	8.96376094343693
4.71242577915378	5.12356033619564	4.83668219741869
8.72839446967092	8.74289213287967	8.6627939822639
8.01345209701405	7.87676657136906	7.75454391084822
13.035033065402	13.0250723990759	13.0074864364494
12.083113185961	12.1546958207926	12.1087509879919
5.0924568286047	5.28641081187768	5.25447030771358
5.18081270302555	5.36526623258892	5.7976126327401
9.86745190421675	9.67292728176279	9.74357279302721
8.28332116773938	8.28641081187768	8.285058627547
9.6100640615241	9.55635170491342	9.60819686793315
8.66853336609427	8.71681637710666	8.6627939822639
9.1976761406592	9.36334647842555	9.29711464512207
4.69252622171607	4.92961845363479	5.02242771634341
6.64154229299727	6.31052326799449	6.42164469813985
9.2573108404996	9.24321928129954	9.16848804513279
9.03287089117194	8.98747385905888	9.0157555810752
3.82638196845086	4.0005019397913	4.14310919876587
8.67868429656244	8.88749297796211	8.92414503866904
8.61931637476229	8.64988116900823	8.69883447826193
9.31498483520895	9.28387576458881	9.2347568001393
6.57244976972432	6.52148381461063	6.57474866538185
4.87132937450483	4.83304519393973	5.0127125615102
9.76100595959884	9.67756990858788	9.70261611880436
8.74176974073592	8.75685262163484	8.71913857471702
4.44146445754835	4.38053298924223	4.64874924682562
9.05787659689456	9.13373214125293	9.10703994405835
9.41855511308593	9.33031363375449	9.40966440857903
8.60341874788208	8.50677555186715	8.4800978023554
9.61700885335497	9.67215205603705	9.62782022585153
7.3712241607031	7.38053298924223	7.1998639770631
4.68247255705215	4.87676657136905	4.8144864513045
7.07719007195139	7.22218836892336	7.20413863216343
7.2924390639032	7.03467905510938	7.00538301971171
9.51057574456991	9.48442812034934	9.52350345416881
6.44444215734824	6.23694213561338	6.30310508296445
7.86911495343939	7.86052593036184	7.97443599353302
3.73205458590271	4.5249228985774	4.05118670932483
8.16013177179907	8.0798040600607	8.10132176360026
9.54253937669855	9.43729903326965	9.46414646618381
4.27748872243723	4.59203709443594	4.67362391546465
9.10285978777354	9.04369780738578	9.00354480110554
8.81837015469426	8.93867170188768	8.83737034197784
5.06176003138179	5.34205884142759	5.39571623314933
8.98049505758846	8.97934949904351	9.01818538382368
9.28622857200139	9.16712935113304	9.22847509918063
4.76100595959884	4.85507150026974	4.92220026860475
9.09055729568922	9.0955014811359	9.12800230637566
6.14098672253236	6.29045764494038	6.42164469813985
8.51766168730648	8.50503526813273	8.51836320511741
9.44889721505487	9.48839702255229	9.43580007242814
4.71242577915378	5.04908212023636	4.92220026860475
5.74660289447186	5.71154418889203	5.8476533152397
5.38678736492804	5.40313441817936	5.41058950963086
3.77052873371734	4.41059022309841	4.19557661866001
4.39296593985716	4.5249228985774	4.59767506223135
7.33958484352914	7.09376573393529	7.0886614147435
9.3407839252224	9.35515890322207	9.45341340955634
6.88235078059608	7.00297019538205	7.12067180964612
8.02841277419335	7.87407246219979	7.82978263840101
7.51695465713262	7.70246108412959	7.71764432803669
8.39681415510463	8.54369270259724	8.50889158324266
8.4174189835817	8.51889911094963	8.39665031867298
5.82180923866104	5.87676657136905	5.93254221282621
8.86689712818957	8.84685099346477	8.83047408104108
8.75382240098494	8.79010257624275	8.76760006367367
9.55602422181121	9.54029812446432	9.56273131708408
9.52541623588081	9.52878209403304	9.53372933306547
9.62424867030452	9.59735541480193	9.59034552043286
9.42309070510841	9.32933053658467	9.31748010523937
8.89709736596527	9.0195213716459	8.97756074034888
8.9367578995479	8.94766849299151	8.86260365670567
9.07527031778803	9.1884301759335	9.1514340634168
8.64672253210294	8.59121714838324	8.6345664396833
5.03039586047245	5.15940553514236	5.08866141474349
8.83434953527872	8.72730330312252	8.76181191131226
4.63112567705193	4.83304519393973	4.8476533152397
4.51128590704593	4.79936206768345	4.85854163138243
8.53871305849427	8.41708259360906	8.34338723446334
9.70530593079273	9.66865837603885	9.66744534053553
8.63764487043547	8.67331473847008	8.68742971498968
7.70375347713932	7.89415670824313	7.84901885726393
6.08865525844485	5.84959637020358	6.00783034013045
6.38058221540133	6.27010899954858	6.27899262684764
9.20032086191477	9.05266053060561	9.13585525367046
4.3554912344385	4.93996039785625	4.93254221282621
7.71981791338381	7.94766849299151	7.8462864794758
3.91491864305252	4.27010899954858	4.57144352065817
7.1592258408174	7.13935230823922	7.08170865410172
9.24412768428123	9.16161656245771	9.16465472904714
9.30149969628213	9.30803027438833	9.26882560069065
9.37630064057398	9.38574384548994	9.39291034239603
7.31539151457482	7.32045238523821	7.40131169604284
8.83944840387623	8.83096288175593	8.80184962562658
8.94098093963871	8.83026810926916	8.93832714165906
4.23684673793988	3.89814022216162	4.17829862722817
9.04665313899158	9.06275142370747	9.11387197754078
8.68625089628958	8.76269054580077	8.78268439121272
4.53382847569701	4.15052738379591	4.27899262684764
8.551888447242	8.56305802746417	8.47303008440676
4.465115725613	4.69332043027312	4.80325919588125
3.94886597497586	4.68104210049468	4.03207788637712
4.81722196916539	5.28641081187768	5.22952395058334
4.70251031028869	4.7879573044112	5.02242771634341
8.77112182521219	8.75025659522598	8.74210365334742
8.79814377636048	8.78078327152346	8.72955519066236
5.64672253210295	5.51111709905237	5.51061832796213
8.41286549729487	8.64909345670862	8.55981551840533
9.59808036976177	9.63404462095752	9.69656072674181
4.88892343451958	5.10529812980291	5.13417607399586
4.85351809838838	5.15052738379591	4.8476533152397
4.82638196845086	4.63085634332647	4.43261581596085
4.4052442696356	4.53859783547448	4.44711538565597
8.90360332982468	8.88548784207173	8.76976464778699
9.67615325198187	9.65106193162295	9.69959159979119
4.72227356511012	5.11445812908838	5.16958141012706
3.91491864305252	4.09607959977353	4.05118670932483
8.78057827883774	8.75465729525502	8.7819696549876
7.49270711088594	7.40686713705569	7.47921622882299
9.42610653069764	9.38621662774581	9.42485323489879
5.23684673793988	5.21155681719346	5.22952395058334
5.02244710735696	5.31052326799449	5.41796903999646
4.06176003138179	4.65616743185565	4.32682115193826
5.59941681732459	5.83304519393973	5.72807169948703
8.69565367804787	8.69789799637967	8.71315227965129
8.67615325198187	8.47690138371446	8.48713106450385
8.58397241293357	8.65224172864185	8.64088712905265
9.80424152033981	9.80078134476878	9.81378730176773
3.93199215641146	4.33423933696829	4.27899262684764
4.88015322489184	4.98060238235359	4.93254221282621
4.23684673793988	4.5249228985774	4.35784804755889
5.08484364449483	5.02984590137344	5.08866141474349
3.88015322489184	3.91920183768944	4.26269081451854
4.2640682066749	4.72954061818588	4.66124019100882
9.06272925885586	9.04249855956868	9.04166393520633
9.10568398777669	9.18299833577854	9.18858237205712
4.12251406246089	4.65616743185565	4.43261581596085
7.21956874650805	6.9139651893233	6.97318419732356
7.99732116680024	7.8807983253881	7.95300631538593
7.20910174745698	7.2556922267797	7.16739385088929
9.58565918389725	9.59244689277441	9.5772225643148
9.65252815378415	9.62566031733807	9.66628390611813
8.57856145472605	8.47067327334126	8.54893351988338
4.57788365577495	4.91920183768945	5.04166393520633
8.91920600145562	8.80503081777014	8.78910113288459
6.10380180219871	6.04908212023636	5.90129127884177
5.01445431660343	4.44003400099089	4.53117965044445
6.38678736492804	6.65930032134062	6.59767506223135
8.75141991076964	8.48575230129673	8.54809303338079
8.95200796178774	9.07804931217656	9.02786387741974
9.48332721511282	9.44185443661526	9.51879225940783
5.15195784035337	5.28641081187768	5.25447030771358
8.76815392652944	8.85711932891859	8.85242706825342
8.92721061811147	9.02378160055319	8.97818487838192
5.75141991076964	6.04429705767098	5.99801605030349
9.23340765397311	9.22852989579718	9.22479810272952
6.8512761476017	6.70852283691679	6.70110465188676
8.90792439644963	8.75831431886311	8.81378730176773
7.77644870526116	7.84272310784209	7.89469458220485
4.66215257267255	5.05860489435487	4.86934838633902
3.75141991076964	3.33423933696829	3.19557661866001
9.71858851830227	9.5232043813511	9.53966112719954
8.48766397701838	8.43912292104846	8.44259990453348
7.71242577915378	7.6018402694663	7.62343815829643
7.377469603534	7.50938204768162	7.40873871394291
8.43549055650372	8.30353200108603	8.24412836349212
9.75801715587628	9.74473677581208	9.74614019304029
8.86523151895217	8.7879573044112	8.68971789158495
6.91277017647394	6.69332043027312	6.70714104161743
9.42006856199565	9.42077944391094	9.44305208916056
9.08865525844485	8.99307173431581	8.93511615649004
8.09719474761137	8.24112993257681	8.20627121945624
5.02244710735696	5.15052738379591	5.1869634883553
5.10756372099491	5.22006831704898	5.22952395058334
9.57788365577495	9.63682859571149	9.65305521812685
9.53242983764187	9.58916524213365	9.5997044549431
4.86245122315838	5.35757184079892	5.22111171076714
9.31417113240064	9.37148784963922	9.37169038904871
5.83094025041317	5.88749297796211	6.06535404125143
4.75141991076964	5.22006831704898	5.41796903999646
8.98459217085933	9.07921938121141	9.08634754890525
5.45333855783664	5.74731531991385	5.50369891402234
6.92774268341011	7.05623008716696	7.19557661866001
6.29409068977436	6.50067535233072	6.46147067863304
8.40905991597746	8.37101021512372	8.42439530915589
5.72717236452296	6.06806522360393	6.18263756295251
8.64672253210294	8.80361571707709	8.82423913478546
7.27581796945271	7.49367196459296	7.45431088706017
5.90630551274781	6.15052738379591	5.99308375476126
8.52541623588081	8.57305941962167	8.57969222832598
4.15195784035337	3.96042450041596	4.22952395058334
6.38058221540133	6.83858337748116	6.68284244549403
4.70251031028869	4.75319188625052	4.91178365265942
6.38368812626915	6.21155681719346	6.31895903416529
6.14465303973013	6.34983619201931	6.307084933877
4.68247255705215	5.13260547579864	5.09787994477287
4.88015322489184	5.36526623258892	5.23788742351797
4.77052873371734	5.10529812980291	4.95300631538593
4.4174189835817	5.04908212023636	4.8256270089097
5.39296593985716	5.51803651299216	5.64246298397819
8.89001597152058	8.89614984009256	8.90326442030397
8.85743314839176	8.84685099346477	8.77982331929658
4.77998906296641	4.89814022216162	4.93254221282621
4.54496903330221	4.90870946387181	4.80325919588125
9.11272039438093	9.15940553514236	9.13473601774086
4.87132937450483	5.31052326799449	5.14310919876587
5.05398268079007	5.21155681719346	5.0127125615102
6.9717498656492	6.93996039785625	7.08170865410172
5.77998906296641	5.99555272381956	5.8200674835678
4.39296593985716	4.98060238235359	4.96313053265963
10.0586055375623	10.1027113664108	10.0872156835464
4.71242577915378	4.99058647092622	4.96313053265963
9.82323977426747	9.78401600171164	9.79194388265341
6.39604533278914	6.82748566859783	6.57474866538185
7.35865157533183	7.47423548512855	7.48975972306446
5.72227356511012	6.07746392160618	6.12067180964612
6.02642695826951	6.24530560854801	6.19127648122638
6.15922584081741	6.1460677356052	6.24205104845951
5.38678736492804	5.44003400099089	5.4398838164249
6.3331728550149	6.4971779080945	6.49674615338057
5.88892343451957	6.31847202110998	6.22111171076714
9.55499138914028	9.47334575642882	9.49674615338057
5.3363824114908	5.63085634332647	5.67362391546465
5.97381233210609	6.11901641105069	6.16081120049933
4.57788365577495	4.7879573044112	5.03207788637713
5.38058221540133	5.45453357068601	5.33464065639756
6.70747656318204	6.7175679765198	6.58461890940591
6.01845624716093	6.30653240779845	6.2910992297043
5.02244710735696	5.27828293099428	5.26269081451855
4.63112567705193	4.93996039785625	4.8476533152397
5.03039586047245	5.06806522360393	4.93254221282621
8.20910174745697	8.32341784371478	8.28202881535701
6.61006406152409	6.90607440370384	6.86934838633902
9.32632874682687	9.36622515255834	9.3783256604599
6.05007822633415	6.24530560854801	6.05592462833149
4.78938776096866	5.30253047724095	4.93254221282621
4.70251031028869	4.95022873331007	4.8144864513045
4.23684673793988	4.5249228985774	4.43261581596085
7.16825965268247	7.2803191981508	7.19557661866001
6.56972513238778	6.60833890676504	6.52093561894764
4.2640682066749	4.92961845363479	4.66124019100882
8.80163135672341	8.86731509602448	8.81308781324935
4.72227356511012	4.89814022216162	4.85854163138243
4.52260122027376	4.36526623258892	4.55814669804472
4.10756372099491	4.41059022309841	4.68590224524309
9.225206822384	9.24998884273013	9.27239221571084
2.69252622171607	3.13260547579864	3.3882216966024
5.42346802825451	5.46172907209021	5.46859511306642
5.73205458590271	5.9139651893233	5.85310774533181
8.50345482665349	8.70246108412959	8.7494344366048
4.98203283891106	5.35757184079892	5.31105383607994
9.45111959553165	9.60224729303816	9.61222337080051
7.55877483282724	7.86324543171543	7.59116175527267
4.72227356511012	5.08680178618552	4.79194388265341
9.37785904746696	9.31301196110928	9.40038062467081
9.60308567734132	9.63881386510539	9.63337822132576
6.77998906296641	6.78509197071681	6.78910113288459
7.63634338632295	7.60509324726139	7.65812757914148
9.88317400175445	9.92572103107299	9.9003036952042
7.41134446917202	7.31648893483087	7.48449760765905
4.48838550493584	4.70549514421922	4.73399653344413
5.96139307285202	5.92961845363479	6.10703994405835
3.94886597497586	4.07746392160618	4.63614921004599
8.73995312554409	8.68872829363982	8.72361205129632
4.96554471612249	4.76487369129816	4.89072203713159
5.05398268079007	5.23694213561338	5.10703994405835
7.00843052897566	6.84685099346477	6.82284992423913
8.62326355927896	8.63881386510539	8.61141896874962
7.87464464606919	7.81770464780525	7.80043867681887
7.63634338632295	7.73845534299362	7.67516443354043
8.47752451230408	8.48927752001074	8.58215767188962
8.84734433076817	8.95214593630437	8.87740065863375
8.94203477097914	8.83096288175593	8.87270896330903
8.68939197099194	8.64830531408269	8.60900306803286
8.83207757411486	8.77790363974727	8.75162642746592
3.93199215641146	4.13260547579865	4.35784804755889
9.24711507339371	9.26959658787887	9.2094642013001
5.50559479496807	5.5249228985774	5.54472618228239
9.51447731927717	9.51889911094963	9.46726195876774
7.16284615649611	7.19005574798255	7.21052696012597
9.19591029583545	9.13034950185827	9.19825771038292
9.11972264906333	9.14047371913198	9.13473601774086
8.66470827757631	8.67408933985292	8.63060190011536
8.52682168659195	8.51458095435595	8.50802743524385
4.54496903330221	4.95022873331007	4.86934838633902
9.35430431948806	9.26651829003768	9.21211963190601
8.98356898284418	8.96739252513598	8.94728006514814
6.55050721684364	6.36909809417994	6.3844597778062
6.15559641741672	6.27828293099428	6.10246721426852
8.10285978777354	7.93221089825131	7.95300631538593
5.02244710735696	5.07746392160618	5.02242771634341
8.86800646699155	8.85507150026973	8.88407672348957
7.17365291145269	7.13935230823922	7.08170865410172
9.18971276234878	9.19384164154639	9.17503584021917
9.22477390563931	9.19815624675366	9.1673938508893
7.53102984234434	7.57886170568821	7.63139568007535
9.26701463083141	9.14495066621847	9.20840065901759
4.36809127121813	4.20299480369004	4.29511229221092
8.56289094129948	8.46172907209021	8.42531101533762
8.48332721511282	8.41523060999032	8.32878000497631
9.26533169679293	9.24478430952124	9.1673938508893
5.22996035235464	5.22852989579718	5.25447030771358
4.4174189835817	4.64356739507602	4.64874924682562
6.87795231669857	7.02742323910658	6.88806758368561
8.36652227156279	8.47512466545925	8.45878991903689
7.71119006598111	7.65773472700262	7.74723911022498
4.0771900719514	4.60509324726139	4.51750471354737
8.57313012580431	8.94253434152007	8.8558272466854
9.40218446988654	9.31052326799449	9.35880696752831
9.62850972884491	9.44003400099089	9.43943063751717
8.63504072705531	8.6131937460325	8.6651215359404
9.56699533963221	9.55928955764826	9.53585063184626
8.66279192346559	8.57139732837691	8.57474866538184
9.20997690371122	9.19815624675366	9.19825771038292
8.26827554427589	8.2639480149219	8.2493086025978
4.81722196916539	4.56556488307475	4.8476533152397
9.14465303973013	9.1494137634852	9.10132176360026
4.77052873371734	4.89814022216162	4.91178365265942
8.97071752568322	9.08214040881565	9.02665761059287
8.42723584194191	8.46262599163473	8.53203004542391
8.65895156172791	8.60752817617844	8.62423588850249
5.13731106438897	5.5249228985774	5.63614921004599
8.66215257267255	8.65381329202263	8.75381509292876
7.05787659689456	6.89548576871565	7.04643317935419
6.60740960807811	6.56222144000038	6.67053793559091
8.99020677035675	9.07159691457419	9.06005758196063
4.36809127121813	4.59203709443594	4.62343815829643
8.48549722561102	8.49805306434875	8.44711538565597
5.25731084049959	5.29449315817554	5.62980768317216
7.22650479371842	7.31648893483087	7.29511229221092
8.75141991076964	8.72580982986193	8.70864620089938
8.85519727806297	9.02802928618161	9.04046915663627
9.39065207401892	9.43729903326965	9.39711713473947
9.25137206981642	9.24790928195076	9.25292373435744
7.82066378799278	7.9087094638718	7.91830284604295
6.60208600410057	6.6148084020946	6.52435838458843
8.59339302969682	8.41523060999032	8.44711538565597
5.53940950796031	5.57886170568821	5.59767506223135
4.57788365577495	4.68104210049468	4.57144352065817
4.83548417555811	5.08680178618552	4.94281054828004
8.1628461564961	8.07629242739574	8.06300245957203
4.32995614233136	4.46888886366307	4.88007479293208
8.66980614521599	8.52148381461063	8.52093561894764
9.20515696135407	9.41708259360906	9.43943063751717
8.80337199040436	8.71003430383439	8.74210365334742
8.70809614448462	8.65538314532322	8.64796496029318
9.39911816683876	9.32489829026941	9.40177700649387
12.2877837031651	12.351229251845	12.3377444709328
5.95305377193929	5.59203709443594	5.95300631538593
7.26911554141222	7.51111709905237	7.41980803966023
9.31254234866467	9.16877908835213	9.23840853424818
9.28830170792486	9.1110299412395	9.11954072762747
7.0943538637773	7.05623008716696	7.23997073801846
9.52787487683769	9.51717339897247	9.48185933498071
4.465115725613	4.5249228985774	4.85854163138243
4.67234833977844	4.81067738091128	4.85854163138243
5.3554912344385	5.5041643384106	5.44711538565597
6.98203283891105	7.18788791129983	7.09787994477287
5.22304093841485	4.90870946387181	5.19557661866
7.93834298856385	7.95150715168428	7.94919134170176
8.78116725416369	8.84959637020358	8.74723911022499
7.54635557357317	7.62285468642573	7.50543188124679
4.58869041073153	4.68104210049468	4.63614921004599
9.47279257024646	9.41198390703312	9.47214418014749
5.53382847569701	5.93479869274047	6.02726087007935
5.53940950796031	5.33423933696829	5.61704038709828
9.82009072143474	9.80997276793469	9.85242706825342
4.42949181588228	4.61803230296888	4.55814669804472
4.83548417555811	4.82190463633454	4.8144864513045
9.78880213277272	9.84685099346476	9.78018126373233
4.94886597497585	5.28641081187768	4.76904348054333
8.77585780005491	8.59449414023146	8.68742971498968
4.62063330323428	4.66865837603885	4.57144352065817
9.40982183574214	9.43729903326965	9.44666447299692
5.57788365577495	5.51111709905237	5.6550082372973
8.76219974952288	8.59694700855975	8.71913857471702
8.42798822529189	8.35080541949338	8.42256215129694
4.59941681732459	4.72954061818588	5.16958141012706
4.10756372099491	4.22006831704898	4.41796903999645
9.35707227025798	9.1819095092809	9.19503980189441
4.39296593985716	4.25362087676001	4.51750471354737
4.20910174745697	4.51111709905237	4.31105383607994
4.0924568286047	3.96042450041596	4.32682115193826
4.84452931516112	4.76487369129816	4.66124019100882
9.69409079733941	9.76487369129815	9.73510473606492
5.70747656318204	5.82190463633453	5.8144864513045
7.35707227025798	7.37863345632675	7.4398838164249
8.45555411246847	8.59939571360174	8.61141896874962
9.25009628929919	9.17316918695734	9.19611323575412
8.11037873660197	7.93996039785624	7.92608719068891
8.87850285860218	8.82330191977634	8.77192598907646
8.673617759166	8.68872829363982	8.72137704691302
5.96554471612249	6.27010899954858	6.13417607399586
7.77880990880114	7.47423548512855	7.4271406858947
8.83944840387623	8.70246108412959	8.70864620089938
4.06176003138179	4.11445812908838	4.51750471354737
5.94466598644657	5.90343452183113	5.8639551275688
4.88892343451958	5.05860489435487	4.89072203713159
4.34278018268895	5.02984590137344	4.93254221282621
8.69939769842136	8.6099590024332	8.59767506223135
7.95305377193929	8.03226450217609	7.98937343542289
8.56699533963221	8.67486352556556	8.67977614244624
4.12251406246089	4.5249228985774	4.47568453785274
4.52260122027376	4.7879573044112	4.88007479293208
4.75141991076964	5.27010899954858	4.94281054828004
7.56289094129948	7.70549514421922	7.71315227965129
4.36809127121813	4.82190463633454	4.69807695918919
8.68247255705215	8.66398693631495	8.70714104161743
8.78469606564394	8.90936747758487	8.90457835030452
9.24967077829746	9.32834676904509	9.35832758721458
9.40256729993811	9.30753115829932	9.24879141490956
4.49988114377367	4.42538722502649	4.48975972306446
9.21085152940694	9.22589097967657	9.1804697262698
5.54496903330221	5.83858337748116	5.86934838633902
8.56289094129948	8.61883715377966	8.63614921004599
8.78352075393666	8.79936206768345	8.72361205129632
4.59941681732459	4.74141471847417	4.79194388265341
3.88015322489184	4.34983619201931	4.3731148042122
4.79872562554799	5.11445812908838	4.8256270089097
8.3937364045168	8.53433832532126	8.52435838458843
5.29738827987493	5.46888886366308	5.41058950963086
7.31050377966519	7.48133363002972	7.48097883752225
9.58262157478161	9.57886170568821	9.50673024195319
9.70313202761824	9.66242642232734	9.65695861618147
9.46694725441159	9.35370920116652	9.43761649701922
4.88015322489184	5.31847202110998	5.20413863216343
8.95305377193929	8.93673649698196	8.88407672348957
9.02841277419335	8.850967101937	8.81028646277521
9.85407804213337	9.77934417410649	9.77982331929658
4.94886597497585	5.1857168122582	5.42531101533762
7.17365291145269	7.20084633711146	7.38257513346126
5.64154229299727	6.06334281336153	5.84217818517355
4.81722196916539	4.75319188625052	4.71014979148976
7.90522524684867	7.77790363974727	7.80184962562657
4.32995614233136	4.44003400099089	4.35784804755889
8.75921342048951	8.66632454693855	8.6154365013957
9.30067834980911	9.22694712543449	9.27899262684764
8.75322215340362	8.69332043027312	8.73399653344413
4.2640682066749	4.69332043027312	4.62343815829643
8.71057181225796	8.68642673233134	8.68971789158495
4.82638196845086	5.02013074654023	5.13417607399586
9.40026879434164	9.45137421848137	9.50326534676411
8.26406820667491	8.32341784371478	8.31895903416529
8.58262157478161	8.5647297484402	8.55898134952353
8.51199572011849	8.46531340943925	8.49935736683711
7.11879097641817	7.26188849274361	7.33658892818708
8.61205170138967	8.48398645647298	8.44981790603579
8.5594616669468	8.3045328301521	8.43807024605296
7.3347785257882	7.39939201649354	7.31501184964863
4.36809127121813	4.86595981641247	4.73399653344413
8.57108809426609	8.4971779080945	8.47656827144294
6.93622914929793	6.79936206768345	6.75745550626812
4.88015322489184	5.39563988163244	5.16081120049933
6.97587185428438	6.92441954696046	7.06770179610785
8.62916416071864	8.58711041335602	8.59686250516065
9.50986523234629	9.5232043813511	9.52734665767523
9.5676782722087	9.40733304858594	9.37216535038333
4.18081270302555	4.92961845363479	4.68590224524309
8.30149969628213	8.32243003467866	8.2493086025978
4.44146445754835	4.87676657136905	4.85854163138243
8.99071610665186	8.94638666701568	8.98565354928578
9.82723774408104	9.83927415797839	9.82389195753895
8.51128590704592	8.66008248185904	8.63614921004599
4.32995614233136	4.27010899954858	4.27899262684764
9.75202090850418	9.71568824330158	9.72100420932446
4.18081270302555	4.70549514421922	4.40317203806837
8.62981829586514	8.56138436713623	8.57227051697826
8.80221180132624	8.86120628644184	8.78268439121272
4.85351809838838	4.99058647092622	4.95300631538593
5.28415245271824	5.70549514421922	5.59116175527268
8.8529579372317	8.82748566859783	8.79336315973874
9.07430948189445	9.06983214977812	9.08112774205809
3.63112567705192	3.83304519393974	4.07004573657614
7.45776626987745	7.51285006627683	7.51061832796212
5.69252622171607	5.79367095560559	5.76326112794933
4.59941681732459	4.57886170568821	4.51750471354737
4.72227356511012	5.11445812908838	5.09787994477287
9.19369994602222	9.36190498450957	9.28303945991035
7.14098672253236	7.26805825998381	7.19772189049156
9.64478212153351	9.54029812446432	9.56023242204669
4.48838550493584	4.97054871768967	5.00293154071761
8.88235078059609	8.743630273106	8.73621208807596
7.41438492349207	7.38810620894703	7.48800781630287
3.88015322489184	4.34983619201931	4.24620269172997
8.33076099314213	8.16602847733609	8.14533386388038
8.44815566014731	8.34400711321712	8.32975843501781
7.43099384104751	7.43821126538407	7.35592829339552
4.85351809838838	5.07746392160618	5.39571623314933
8.59741168143421	8.445488431083	8.57886947664078
8.69815077090995	8.722818237207	8.73547394784963
6.00641699753801	6.02013074654023	6.19127648122638
8.66406977566684	8.46262599163473	8.48800781630287
3.6100640615241	4.34983619201931	3.95300631538593
5.10003004830951	5.1415942590259	5.35784804755889
5.67234833977844	6.07277222628146	5.96816612255693
8.59674268302626	8.45272907383926	8.47745146402693
8.98049505758846	9.00666467893979	8.91635017932363
7.82524014406131	7.97054871768967	8.0187921956269
6.29738827987493	6.13260547579864	6.16958141012706
7.45481597224214	7.38810620894703	7.57804625548242
4.93199215641146	5.01034972574764	5.0127125615102
9.75021716368798	9.66710290953681	9.69086062038996
7.10191715785377	7.03467905510938	7.1161421511656
4.70251031028869	5.31052326799449	4.89072203713159
9.68404806779177	9.71418269133516	9.68284244549403
8.89383334864338	8.71681637710666	8.6958020125298
9.10521367154078	9.06806522360393	9.1047553908638
4.32995614233136	4.28641081187768	4.53117965044445
8.02642695826951	8.17262115464652	8.1352957442429
8.82295378060198	8.90343452183113	8.83805815845851
9.2573108404996	9.18408634113998	9.22321937372914
8.76279627425368	8.80290764587717	8.78910113288459
6.50559479496807	6.55214436731243	6.68284244549403
9.49054792608647	9.27215682819744	9.35304386382911
4.16645741004848	4.44003400099089	4.31105383607994
9.65156217112946	9.64475333434616	9.68895556922064
4.39296593985716	4.34983619201931	4.16081120049933
4.59941681732459	4.53859783547448	4.94281054828004
5.12993153402337	5.34205884142759	5.35015365576888
10.0515436353386	10.0751199811379	10.106469144826
9.36573713138511	9.33080493123613	9.26371509219088
5.50559479496807	5.46172907209021	5.54472618228239
9.27414527936286	9.19167949046221	9.23214274789144
4.55602422181121	4.86595981641247	5.05118670932483
4.92348065655594	4.86595981641247	4.95300631538593
8.80511052651459	8.81770464780525	8.8053709723611
4.96554471612249	5.08680178618552	5.22952395058334
8.74358407135553	8.61400129995277	8.65422734686368
7.10756372099491	6.93738185375447	6.96565052463815
4.77052873371734	5.10529812980291	5.07004573657614
8.60475026162763	8.43729903326965	8.40966440857903
9.43436769093331	9.53732130239528	9.48800781630287
8.63829517247077	8.64909345670862	8.73029636460154
4.6100640615241	4.69332043027312	4.76904348054333
4.95722944791048	5.12356033619564	5.1161421511656
8.75921342048951	8.78580883783262	8.79194388265341
9.30149969628213	9.29096270184765	9.35063575937935
8.77585780005491	8.55214436731243	8.57144352065817
6.4052442696356	6.45453357068601	6.44350413210359
5.05398268079007	5.1415942590259	5.1161421511656
5.0383010585578	5.22006831704898	5.15198735011233
8.78528336263592	8.62285468642573	8.53881521979278
9.3902660686545	9.46665524339822	9.45699997458781
7.52400941466657	7.51630976827269	7.44531088880922
5.18793713745893	5.44730200145493	5.50369891402234
9.43810718250569	9.39751716887311	9.43807024605296
4.99020677035676	5.60509324726139	5.35015365576888
4.25052167483696	4.51111709905237	4.71014979148976
5.47096845185843	5.48310272288277	5.64874924682562
7.39450645793295	7.41244816931899	7.44531088880922
4.36809127121813	4.7175679765198	4.79194388265341
7.92986898451849	7.70094165793239	7.74430680222183
4.44146445754835	5.13260547579864	4.96313053265963
5.14465303973013	5.32637721919532	5.17829862722817
5.04616317633077	5.11445812908838	5.22111171076714
5.17365291145269	5.15940553514236	5.19557661866
8.69690276474139	8.49892769004446	8.5927928408516
3.82638196845086	4.4971779080945	4.44711538565597
7.70995329347425	7.67795612062094	7.75162642746593
7.34278018268895	7.24738892304849	7.16958141012706
9.27707121554938	9.33031363375449	9.35304386382911
4.34278018268895	4.53859783547448	4.55814669804472
4.74176974073592	4.81067738091128	4.80325919588125
9.42346802825451	9.36909809417994	9.34629101613648
4.18081270302555	4.77646166557337	4.5447261822824
8.59808036976177	8.36526623258892	8.35304386382911
8.19502656224526	8.22958411216918	8.17394660268847
8.72900513424761	8.83720082343105	8.79052320795378
4.78938776096866	4.76487369129816	4.8476533152397
5.02244710735696	5.20299480369004	4.94281054828004
7.92027585322202	7.95150715168428	7.92090229727034
7.14648271028721	7.19005574798255	7.20840065901758
7.56699533963221	7.62285468642573	7.58297855102465
5.54496903330221	5.26188849274361	5.37311480421219
9.23727604758176	8.94446179009119	9.02061110115158
4.76100595959884	4.63085634332647	4.69807695918919
8.4399732997506	8.59121714838324	8.59034552043286
8.74297954796898	8.58875451044664	8.66976540810745
8.95043782373228	8.94253434152007	8.85989691099445
8.36887513162366	8.14047371913198	8.23684463703174
6.59941681732458	6.72356671714124	6.83392633212819
4.55602422181121	4.68104210049468	4.68590224524309
4.88015322489184	5.15052738379591	5.08866141474349
5.03039586047245	4.95022873331007	4.8476533152397
9.24881937960595	9.26085762807603	9.30011297326929
10.0569041027284	10.0454948120286	9.94759878712909
4.49988114377367	4.68104210049468	4.63614921004599
4.47679753066063	4.55214436731242	4.47568453785274
4.16645741004848	4.4971779080945	4.57144352065817
5.0771900719514	5.10529812980291	5.02242771634341
8.73022568850051	8.59449414023146	8.63139568007535
5.94045373515965	5.92961845363479	5.95300631538593
7.77408363089397	7.90475506658319	7.88407672348957
5.65702754049468	5.95022873331007	5.99801605030349
4.71242577915378	5.13260547579864	5.03207788637713
8.24881937960596	8.18354244102387	8.16081120049933
6.97792844057832	6.93738185375447	6.97067734171298
5.31050377966519	5.55214436731243	5.41796903999646
4.99833465124015	5.06806522360393	5.15198735011233
8.56494460006745	8.39093594841107	8.47745146402693
4.52260122027376	4.98060238235359	4.96313053265963
8.62850972884491	8.68104210049468	8.68284244549403
5.50559479496807	5.47601329809646	5.52435838458843
9.15104676041094	9.12356033619564	9.11557494257135
4.55602422181121	4.60509324726139	4.29511229221092
9.48115393570477	9.55887023050074	9.5451474686165
4.88892343451958	5.1857168122582	4.95300631538593
7.68750814694945	7.36142416629453	7.5140656295806
8.69127333840599	8.70018134432276	8.6550082372973
4.81722196916539	4.91920183768945	4.86934838633902
7.57516927107791	7.68719432747628	7.70714104161743
5.93622914929793	6.16382420640936	6.24620269172997
4.465115725613	4.79936206768345	4.85854163138243
8.60275252988785	8.59449414023146	8.60415909580155
7.06369783562328	7.3899933184913	7.44891762828996
8.57584834618618	8.6356361214398	8.63773024586547
5.73205458590271	6.0005019397913	5.93254221282621
8.36022915344516	8.46799583049257	8.46503729365323
8.26491065635775	8.21475451715252	8.13305553410195
5.65188423721872	5.7175679765198	5.72212243315584
8.94466598644657	8.81208557530409	8.8558272466854
9.3735693712562	9.35370920116652	9.36167990914991
4.74176974073592	4.98060238235359	4.96313053265963
9.36337914386881	9.35274192319472	9.40456572200309
8.73388116775577	8.71229853925739	8.74504043815977
7.60208600410057	7.37291980513235	7.44711538565597
5.4174189835817	5.54538700113712	5.67362391546465
4.01445431660343	3.85507150026973	3.8256270089097
8.31782918630244	8.27010899954858	8.25240784125668
6.073348005657	6.01524852516048	5.95300631538593
5.38058221540133	5.67486352556556	5.8639551275688
8.63308453008998	8.61400129995277	8.58461890940591
9.37630064057398	9.21847623113326	9.29210354233858
4.44146445754835	5.0005019397913	5.08866141474349
4.48838550493584	4.74141471847417	4.61061411793885
4.54496903330221	4.96042450041596	4.86934838633902
5.10003004830951	5.22006831704898	5.48975972306446
9.19855825321551	9.32440497686372	9.29761479941409
8.80568957329776	8.71907000168503	8.70261611880436
9.08532064732308	9.01647063030844	9.03568012305732
6.42648306600994	6.32637721919532	6.39571623314933
4.32995614233136	4.30253047724095	4.3731148042122
5.12251406246088	5.03949607140716	5.31105383607994
4.19502656224525	4.33423933696829	4.47568453785274
6.46511572561299	6.70549514421922	6.74870303225916
6.01445431660343	6.33031363375449	6.40317203806837
9.36101729607109	9.34059590903161	9.33950641156937
7.39296593985716	7.65459843220031	7.61864249169479
9.64478212153351	9.5879326961032	9.65656875128492
8.97071752568322	8.95788230585351	8.99246603047827
4.465115725613	4.48310272288278	4.59767506223135
8.58194568109818	8.5015483902036	8.52093561894764
9.23598773521079	9.10184808023314	9.15364593819409
9.05593095257959	9.11844741280198	9.09787994477287
9.28581358708816	9.245305608548	9.3125393639691
8.38678736492804	8.26600460121584	8.2503424220909
9.03138638233827	8.90870946387181	8.91635017932363
4.81722196916539	4.25362087676001	4.41796903999645
4.77052873371734	4.98060238235359	5.0127125615102
8.48260315234184	8.5015483902036	8.51922118613639
9.43960026935656	9.3415713621052	9.36024415347571
9.06611643642592	9.10816688207226	9.12687695917282
5.16645741004848	5.22006831704898	5.20413863216343
8.54496903330221	8.65930032134062	8.6154365013957
8.53173000981301	8.52062276114378	8.45878991903689
4.29078554505069	4.7175679765198	4.67362391546465
7.12437200868146	7.08214040881566	7.05355761378758
9.21913413435206	9.1884301759335	9.22321937372914
3.99833465124016	4.36526623258892	4.19557661866001
8.62326355927896	8.60752817617844	8.6274224056254
5.62063330323428	5.84410038244873	5.59116175527268
8.10944100823558	8.08912683913176	8.10361175620947
4.64154229299727	4.51111709905237	4.97318419732356
8.86911495343939	8.76632728843965	8.85106474988883
5.51128590704592	5.38053298924223	5.50369891402234
5.39296593985716	5.55214436731243	5.62343815829643
9.00389612490486	9.17371701116779	9.14977292904688
4.34278018268895	4.41059022309841	4.68590224524309
8.21085152940694	8.45182597832251	8.48537596083132
9.34038434204829	9.27777341481703	9.30459881394264
8.46438246255229	8.71831918457681	8.65109955151196
8.61535836119361	8.65773472700262	8.64009855562996
5.63112567705193	5.74731531991385	5.8144864513045
7.52541623588081	7.87272351863177	7.78767765468238
4.49988114377367	4.7879573044112	4.78053911938116
8.66725946310564	8.63881386510539	8.64246298397819
8.6460760185179	8.56222144000038	8.61383083062239
4.58869041073153	4.79936206768345	4.85854163138243
5.56699533963221	5.89282642226515	5.8366821974187
9.45629187522599	9.49805306434875	9.55563984243414
5.31050377966519	5.22852989579718	5.4398838164249
13.3520266661378	13.3535278859394	13.3302779562049
12.8369720379789	12.8827262219037	12.85557251109
4.27748872243723	4.98060238235359	5.00293154071761
4.91491864305252	4.91920183768945	5.08866141474349
8.73570543991567	8.72431480896038	8.75818248791157
4.34278018268895	4.05860489435487	4.44711538565597
3.13731106438897	3.09607959977353	3.50369891402233
8.50131167938011	8.37482687089701	8.39103671220946
5.72717236452296	6.22006831704898	6.05592462833149
6.85351809838838	6.64672773596935	6.57474866538185
8.29326511319052	7.9943127623845	8.12968868300355
4.38058221540133	4.07746392160618	4.44711538565597
9.22952885989116	9.19276097105325	9.18317901352779
8.73813422001941	8.79367095560559	8.86732827626676
4.39296593985716	4.39563988163243	4.64874924682562
4.69252622171607	4.97054871768967	4.93254221282621
8.98510349287102	9.03528206244978	8.99801605030349
7.59003558103028	7.76196209587826	7.68437315655634
5.39296593985716	5.46888886366308	5.39571623314933
8.98203283891105	9.1087399486303	9.13417607399586
8.82352571125006	8.92702134214875	8.91895314807826
7.37591077567743	7.57222861335576	7.54641058999375
4.52260122027376	5.15052738379591	5.07004573657614
9.61138945899066	9.5977637054629	9.54346158464915
5.83548417555811	5.83858337748116	5.87472155843787
5.03039586047245	4.86595981641247	5.1161421511656
8.59339302969682	8.45723609106583	8.42347902138873
5.77052873371734	5.63085634332647	5.51750471354737
6.01845624716093	6.15052738379591	6.3882216966024
8.58801735495031	8.7922446628143	8.7898123456379
8.54496903330221	8.56389413009024	8.47568453785274
8.94886597497585	9.05504121603179	9.06241396474809
9.61568861071797	9.54072288379048	9.49063487931871
8.84734433076817	8.87339814807633	8.93125351685764
5.94466598644657	6.08680178618552	6.0886614147435
8.72043221828595	8.65930032134062	8.65031654197258
8.26322526476317	8.35467583104582	8.34822362867048
7.91706391488408	7.91789445650266	7.98192404688772
8.73022568850051	8.98185417856305	8.97443599353302
4.2640682066749	4.31847202110998	4.67362391546465
7.51978070121138	7.50764490714557	7.46147067863304
6.37746960353399	6.54199641193634	6.61704038709828
5.64672253210295	5.76487369129816	5.62343815829643
6.79872562554799	6.83858337748116	6.8200674835678
6.10756372099491	6.10988539929856	6.02726087007935
9.03435387404114	9.03105570860651	8.93382975868667
9.23813428380034	9.38479781592103	9.38962989099521
6.04616317633077	5.8821397434679	5.93768551610217
8.71735807469601	8.78938784001764	8.77480274983202
5.05398268079007	5.40313441817936	5.25447030771358
8.91545526014663	8.80078134476878	8.8387456471734
4.70251031028869	5.23694213561338	5.08866141474349
8.61997498926398	8.62686106234362	8.61302732459166
4.75141991076964	4.7879573044112	5.00293154071761
5.68247255705215	5.7175679765198	5.78053911938116
7.70126607128023	7.80926781065661	7.78053911938117
5.14465303973013	5.24530560854801	5.31895903416529
9.29450330097147	9.25776060712093	9.25910010500765
8.77703936854101	8.69026063052407	8.78696538854059
4.36809127121813	4.98060238235359	4.48975972306446
9.14967906079115	8.99182963777685	9.04345424986117
8.065633040529	7.78509197071681	7.85446813679601
4.67234833977844	5.01034972574764	5.16958141012706
9.30518997976872	9.18788791129983	9.19342815208143
9.64962826327836	9.66398693631496	9.64953310723115
4.68247255705215	4.70549514421922	4.71014979148976
4.34278018268895	4.70549514421922	4.8256270089097
4.42949181588228	4.7175679765198	4.90129127884177
8.37746960353399	8.45363160439162	8.49674615338057
7.18971276234879	7.42538722502649	7.5514520454707
7.54358115917797	7.45453357068601	7.54977351701971
7.12437200868146	7.35370920116652	7.42896803894571
4.70251031028869	4.44003400099089	4.64874924682562
7.68625089628958	7.78222093486205	7.76036123744353
4.83548417555811	5.19438167338533	5.22111171076714
4.27748872243723	4.64356739507602	4.48975972306446
4.16645741004848	4.68104210049468	4.47568453785274
4.44146445754835	4.66865837603885	4.24620269172997
9.08532064732308	9.02802928618161	9.06711521547733
4.58869041073153	4.66865837603885	5.05118670932483
4.87132937450483	5.34983619201931	5.25447030771358
5.44741372387954	5.61803230296889	5.85854163138244
8.67107780245204	8.59039673605469	8.58952882352971
9.10144561183196	9.08796478104164	9.09097157543069
9.57381016118852	9.43135542304669	9.50109555384362
9.24668868206775	9.07746392160618	9.09500547671519
