k4_temp14_1	k4_temp14_2	k4_temp14_3
4.59975410887249	4.65297971347279	4.46469376042657
8.675905069258	8.64236614730466	8.66773669471422
8.50479777075704	8.48963488329502	8.41601494788598
9.17780780823747	9.22091049277672	9.24419840297991
4.35059052810764	4.68172113262557	4.54664832905774
9.67715799982273	9.65544194242862	9.62547212476664
8.85391494794765	8.79660212577688	8.83150245783882
4.47788435918995	4.5795858583678	4.56110507627868
8.64084549184501	8.65284057217925	8.55851850538863
4.65104838442692	4.65297971347279	4.29666031556635
4.86360336160593	4.81227697624634	4.95113741841657
4.62748376432466	4.369230360466	4.45146772730996
8.72483442635972	8.70422568882811	8.65696129912484
6.60429030513988	6.3751255598605	6.43464645648301
9.48219752873105	9.41828006718513	9.4306615109555
4.78790254407873	4.96992630806349	5.01293107298093
4.78790254407873	5.13405816892949	5.0038438518941
6.73847533396667	6.8857160036514	6.91664788952571
9.12639941243881	9.26910334709547	9.22332831071332
4.96992630806349	5.03669483770953	4.96992630806349
7.39609356382844	7.31108516628028	7.27200300862068
4.65104838442692	4.56730052881624	4.4934813084082
4.65104838442692	4.81227697624634	4.7266071602005
4.96992630806349	4.92250911407744	4.88355775866731
7.48969433909666	7.63601707590111	7.61550944816871
5.42711983568786	5.38992171609748	5.42034177712672
5.06600766925224	5.25767779241428	5.24609335012501
4.54664832905774	4.33125101717453	4.59975410887249
4.12917708417943	4.33125101717453	4.27686419024008
8.32972196263972	8.38425339124816	8.39024081743628
7.7548141556401	7.69082272331422	7.70120212443933
8.61186258921409	8.53211513449227	8.54925239889147
9.00216773285952	8.9517475320968	8.98548201230542
5.31115250407268	5.20434494236437	5.13689533554799
4.92250911407744	4.80182720525729	4.70068179074605
9.32969265063926	9.33431277049627	9.29456052958363
4.83137048836502	4.7449345080123	4.78960183859637
4.5795858583678	4.23886373797515	4.35983885826861
7.86580263385751	7.7548141556401	7.85515776634659
7.99565782844419	8.15545285632867	8.05370493685174
4.25156395221251	4.29666031556635	4.24138155337351
4.60770954355705	4.52139791842549	4.57760684165308
5.94161242337132	6.12462491764557	5.89689631828327
4.67423584234789	4.68172113262557	4.7266071602005
8.74301480314456	8.69467845601828	8.66421791942633
4.69873482323811	4.69307433652844	4.54664832905774
4.559109636001	4.20497441701758	4.56110507627868
4.7449345080123	4.9384336274227	4.97922972651282
5.30139409995567	5.16144423004683	5.36561281391668
9.24720159013557	9.15628156856838	9.15628156856838
4.22600123173957	3.95349223200219	3.73396296718805
8.84008407441906	8.85918038688519	8.86003575248978
8.04935643736529	8.04935643736529	8.16916039313511
4.80182720525729	4.52139791842549	4.71551598966203
7.94631259190189	7.98215321788458	7.86580263385751
4.81227697624634	4.88020653711267	5.02196138856905
5.10898101656507	5.5044601289306	5.36561281391668
4.33125101717453	4.52139791842549	4.59975410887249
4.45146772730996	4.60770954355705	4.88355775866731
8.60929000818473	8.66395825506689	8.65105988826432
9.07668094959354	8.82535068871829	8.83507401232884
4.59975410887249	4.12917708417943	4.35983885826861
9.07668094959354	8.92092620365182	8.93544355098665
4.5917673972638	4.65297971347279	4.35983885826861
4.7719990236382	4.85352165382183	4.47788435918995
8.29463226987476	8.15050408608837	8.20250479447572
4.98548551924782	4.559109636001	4.85352165382183
9.06170285168457	9.11911173453544	9.14887810872179
9.56316669608281	9.61014801093362	9.59041890986513
8.81111924719436	9.10595336859294	9.05921924785967
8.90578937979839	8.86003575248978	8.89792540080263
4.12917708417943	4.54664832905774	4.35983885826861
8.95418923201452	8.99171670054697	8.93192148179436
2.6668169560197	2.6668169560197	2.6668169560197
5.11601432548148	5.26530442492933	4.80182720525729
7.37857296958279	7.42278986633834	7.29512567765607
4.68172113262557	4.95113741841657	4.82964683099478
4.83137048836502	4.559109636001	5.0381218399601
9.13484658676921	9.22332831071332	9.21887184477641
5.17112976689107	5.13405816892949	5.20037335945631
7.47128781844505	7.36125692197777	7.50208007440913
9.58173654862392	9.57978279468265	9.55199786834165
8.68048106620863	8.88114271992205	8.90578937979839
4.65104838442692	4.62748376432466	4.96992630806349
4.559109636001	4.28169738013846	4.06329674564238
9.40636674917081	9.41079485043988	9.43230799628954
4.30667939351841	4.23886373797515	4.57760684165308
8.99490880775163	9.03406507792896	9.05693367461428
5.5044601289306	5.68257967122629	5.5044601289306
9.52148406792054	9.585436701024	9.52148406792054
9.26659225684043	9.30017515603469	9.35845265418156
5.42034177712672	5.53413317322551	5.28408613276585
4.46469376042657	4.37853096873767	4.35983885826861
7.04649127083106	7.18868471363976	7.22761439783297
9.32090246604442	9.24419840297991	9.19685171561134
4.15128832680289	4.29666031556635	4.24138155337351
5.97507388995093	6.05036160961523	6.16317283443163
5.47971510728932	5.75890528557676	5.63060327161985
8.50346268927353	8.64690801291244	8.6406081181417
4.18631205303687	4.09536134299353	4.02436343521546
4.47788435918995	4.54237364893855	4.66073836240895
8.9517475320968	8.63811211800384	8.67318941772413
8.02503604579377	7.99565782844419	7.94631259190189
4.75220000705678	4.50860494076257	4.64715444941104
7.22761439783297	7.1381292885941	7.15533844259999
4.06329674564238	4.28169738013846	4.04529688994246
9.00522947135386	9.01307530459357	8.99490880775163
4.87024033558563	4.77017050400136	4.8966066173954
5.84691251678954	5.66546028425526	5.61034455825126
9.03048301807297	9.07118208045085	8.94249822723676
7.65507139350213	7.60330097579497	7.66815243704314
9.28421856330861	9.15131673539999	9.17250433077542
3.91222031709375	4.21817378635853	3.98810810201398
7.81190231770379	7.81014001650127	7.80457855476033
8.58697123406952	8.60228703918076	8.5220947671758
9.29167584646836	9.48219752873105	9.42511148642896
4.67423584234789	4.80182720525729	4.78960183859637
9.585436701024	9.52533924734776	9.56836561241723
4.47788435918995	4.43803280171673	4.51273284891451
5.17112976689107	4.8966066173954	4.92095280331422
5.06022588105683	5.17526366539117	4.96992630806349
8.67771012489314	8.65284057217925	8.70422568882811
8.88270612941426	8.95418923201452	8.97250582189884
5.01293107298093	4.83137048836502	4.90639324629099
4.7266071602005	4.40417334330342	4.74669604829733
4.18631205303687	4.40417334330342	4.15128832680289
4.56938235284677	4.73398421682227	4.61559966115169
8.34265383015894	8.20250479447572	8.28214994820532
10.0828633756315	10.0754405274388	10.0553517578123
4.46469376042657	4.17302546440625	4.40195720620118
9.47659147814086	9.48482497929052	9.44629307225509
9.44283337113265	9.47401092161062	9.48482497929052
8.85918038688519	8.90578937979839	8.96230030032759
8.73009684576975	8.97384424593115	9.06841046084036
9.42009990630005	9.43230799628954	9.41101202007025
4.40873534460762	4.14579228587337	3.89318581303788
4.33125101717453	4.35983885826861	3.98810810201398
9.15879140094267	9.07783749343748	9.18464692633557
8.52698568486854	8.69706849523439	8.65836512716932
8.34581555294489	8.41601494788598	8.48963488329502
8.99772118679187	8.89233713337151	8.96764057061838
7.82728342906992	7.81190231770379	7.83553061941466
8.65560732202501	8.59625973256887	8.60929000818473
8.6698189826028	8.7339809818647	8.73071133415295
5.58004189485655	5.59177468031464	5.5653387252069
9.41828006718513	9.37511634127972	9.36876911020913
4.35059052810764	4.46257525180164	4.3216308054465
9.18464692633557	9.19284836440137	9.12639941243881
7.63601707590111	7.78258521228159	7.68274730966718
4.51924140914091	4.62748376432466	4.35983885826861
4.5795858583678	4.40417334330342	4.40195720620118
4.33125101717453	4.43803280171673	4.15128832680289
5.24092503250612	5.29891522054209	5.0381218399601
4.73398421682227	4.43803280171673	4.70068179074605
8.88986342719743	8.80374496103114	8.87435928006947
9.32198138371659	9.32969265063926	9.30291923554189
8.24822576975463	8.32972196263972	8.36907388488192
7.01221123193526	6.81996975844277	6.79873939855647
8.26202258597857	8.05370493685174	8.15545285632867
7.81014001650127	7.87921628094083	7.81190231770379
9.57422009489198	9.52148406792054	9.58173654862392
7.33903912438873	7.43093139352946	7.37272801206062
7.45694153985691	7.19685866906628	7.31448181812404
6.44370325657479	6.03680760297632	6.14390058476531
8.36907388488192	8.253327552917	8.26871648352954
8.38916009092928	8.326316832901	8.31916830781414
5.02346891183622	4.59586017385662	4.65104838442692
6.14531916807456	5.90501710786838	6.02769963680403
7.95655306603829	7.89626610231283	7.88944693463004
5.20037335945631	5.11457018196029	5.14518597241862
4.88355775866731	4.96056246883639	5.01293107298093
7.41776229076631	7.10542446628472	7.11556150321325
4.45146772730996	4.80182720525729	4.88355775866731
9.80293261790593	9.84982608261465	9.84982608261465
8.92745776385028	8.94867580461369	8.99772118679187
6.33341129171199	6.20153278574168	6.35587337672123
8.43910219645682	8.36907388488192	8.31409357126036
9.31750815769776	9.29609887803343	9.32198138371659
4.20497441701758	4.12917708417943	4.54664832905774
8.43308128749657	8.6136265280486	8.57743816172683
8.69706849523439	8.81995822311569	8.77854974677745
3.4697293912233	3.95349223200219	3.86644213200058
8.58011702683315	8.62689546573128	8.58809148267988
7.54649436231753	7.54539641036415	7.63601707590111
8.83358940098446	8.60929000818473	8.52698568486854
8.326316832901	8.11890675687334	8.01101485660486
5.83570599171686	5.92489161715489	5.83570599171686
5.91087181176898	5.83234440630513	5.97507388995093
8.28214994820532	8.47966878926456	8.45347677337122
9.90897813382694	9.87671999505219	9.90897813382694
4.69873482323811	4.99469900324238	5.0381218399601
4.96992630806349	5.01293107298093	4.81227697624634
5.54680782218185	5.60619885717185	5.58695599806017
5.09906131402632	5.37275124880751	5.46585743507857
7.9584965859126	7.94631259190189	7.90128806049883
4.75220000705678	4.54237364893855	4.45146772730996
4.96992630806349	4.60770954355705	5.13405816892949
3.13042208855755	3.4697293912233	3.4697293912233
4.88355775866731	4.71551598966203	5.22822042509614
4.30667939351841	4.7449345080123	4.59975410887249
8.60552752406661	8.75819288725243	8.66421791942633
9.14631789489203	9.28421856330861	9.25582197944482
6.61937470186006	6.60429030513988	6.84628846392162
4.81227697624634	4.70068179074605	4.98862869045637
4.92250911407744	4.69307433652844	4.81227697624634
4.86360336160593	4.83824418181866	5.11321553514639
8.15050408608837	8.24653230653943	8.326316832901
5.66546028425526	5.82102481090791	5.99853571213477
7.68274730966718	7.71556510451064	7.81014001650127
8.66059967211918	8.675905069258	8.60720095477515
5.03954884221067	5.03669483770953	5.09906131402632
4.69873482323811	4.39279197254317	4.52139791842549
5.25255109694797	5.16144423004683	5.17112976689107
8.77470714926755	8.77900297267064	8.81363345027384
8.78569489858278	8.61808348109119	8.62689546573128
9.00670572644031	8.96992199199794	8.94867580461369
7.51426512851019	7.55930769123924	7.59141600297053
8.12514272345168	8.24653230653943	8.22194808714415
4.06329674564238	4.46257525180164	4.47788435918995
7.93396458002501	8.07634413634899	8.07634413634899
6.06988052903314	6.10216736914758	6.03971706754936
8.64646099755105	8.5808844422385	8.64270916086659
6.83459273520009	6.92291328135721	7.06206130666463
9.06419072954807	9.02228425378623	9.01898434514256
8.68027445037432	8.5989733226629	8.60190779956273
8.52094811512638	8.51249872863604	8.5379065507925
5.58004189485655	5.61858273370677	5.69942394106641
9.30291923554189	9.42573644752152	9.40758256371686
9.83694488249836	9.63103295014894	9.62653138381409
6.53781444175256	6.44370325657479	6.61049089556172
4.5795858583678	4.35983885826861	4.57760684165308
5.82545309764189	5.84779167379632	5.66546028425526
10.6731186823732	10.6731186823732	10.6731186823732
4.54664832905774	4.68172113262557	4.4934813084082
4.54664832905774	4.5795858583678	4.63524641595597
8.91209682925601	8.83090012603757	8.8782884888456
8.87120531431813	8.98548201230542	8.85106713944113
4.65104838442692	4.559109636001	4.51273284891451
5.27663997889209	5.5653387252069	5.26530442492933
5.04841633894068	5.42034177712672	5.40263570367631
4.26683858472875	4.09536134299353	4.27686419024008
9.71068739343255	9.71068739343255	9.71068739343255
9.43836180263838	9.49233059752288	9.51863112944202
4.62167003785048	4.62748376432466	4.5917673972638
5.61034455825126	5.2357576505261	5.20696946755612
6.09643538062376	5.73298345616286	5.91672651566958
8.57784829017847	8.76514613734742	8.69403937981835
8.58809148267988	8.61250210795031	8.69834073497299
9.09348835432287	8.977452066729	8.97633443100992
4.36681376551682	4.69307433652844	4.69307433652844
8.62896603801962	8.70422568882811	8.72126008384634
5.51847392804006	4.94488873571168	4.86684174655033
8.7657237199695	8.76514613734742	8.72126008384634
9.10595336859294	9.04951431191578	9.07420087875748
8.91808396488567	8.74820123716672	8.80374496103114
5.39903789330828	5.04841633894068	5.48957393512557
8.66421791942633	8.39927174528886	8.50413023001529
8.6901039773431	8.53878579000984	8.61338407736756
4.12917708417943	4.40417334330342	4.12917708417943
8.95811445723469	8.90797830438978	8.86714197973424
4.06329674564238	3.95349223200219	3.91222031709375
5.03954884221067	4.77726258988758	4.62558297044595
9.47054512821963	9.45138681147546	9.45804797741482
8.78702549228153	8.96146631032945	8.9517475320968
8.8063036207284	8.72632137265632	8.77470714926755
6.01477721029788	6.28491318800175	6.08920442664726
4.69873482323811	4.5795858583678	4.51273284891451
7.777793621408	7.71556510451064	7.89626610231283
9.19284836440137	9.3405873877106	9.26910334709547
8.94249822723676	8.92266627355956	8.93978061869413
9.33870931109925	9.34379497424373	9.33431277049627
4.69873482323811	4.83137048836502	4.8966066173954
4.06329674564238	4.46257525180164	4.24138155337351
8.86003575248978	8.87435928006947	8.92745776385028
4.14579228587337	4.46257525180164	4.24138155337351
9.34917491888459	9.44283337113265	9.35041485494648
9.49914638788122	9.6014647434017	9.58876337001712
8.38042741807404	8.38425339124816	8.36603993102615
9.4097966143514	9.3777962628277	9.36752653188224
5.86478870542442	5.91672651566958	5.8289828208934
8.92092620365182	8.91663328392404	8.97384424593115
8.79660212577688	8.89792540080263	8.94622729352658
4.8416328626204	5.02196138856905	4.71551598966203
8.69834073497299	8.72948235738655	8.65347029538549
7.95655306603829	7.85515776634659	7.73305268893189
13.0077041170488	13.0077041170488	13.0077041170488
12.1006934816549	12.1006934816549	12.1006934816549
5.20037335945631	5.19247280934448	5.18605386706404
5.29654040906429	5.31587569557289	5.71984968908487
9.84982608261465	9.69275216515368	9.74421071727703
8.24483884332424	8.28214994820532	8.29463226987476
9.58876337001712	9.54846521778053	9.59388440730279
8.64037074443838	8.71129168307072	8.65347029538549
9.1607356680751	9.36211862236893	9.28722198330754
4.81227697624634	4.84679174376256	4.95113741841657
6.67392392045119	6.33341129171199	6.37267769103815
9.23044200792289	9.22619563350522	9.16436948187292
9.01898434514256	8.96764057061838	9.00216773285952
3.94134555210407	3.95349223200219	4.04529688994246
8.65105988826432	8.86714197973424	8.91518260296242
8.59279721146155	8.64084549184501	8.68608239033736
9.30017515603469	9.27302239715488	9.23096456646866
6.58015122808978	6.48882612501038	6.53781444175256
5.00693645642344	4.76121211002382	4.9384336274227
9.7224397963948	9.69590912870516	9.69590912870516
8.71307380894271	8.74080281877753	8.70687291677257
4.56938235284677	4.29666031556635	4.56110507627868
9.04203838655996	9.12639941243881	9.08697388772896
9.38998553320995	9.3237997227585	9.38998553320995
8.57784829017847	8.51537418744445	8.47483845213581
9.6014647434017	9.68094058376674	9.61014801093362
7.3812729529383	7.37272801206062	7.18374190255274
4.80182720525729	4.80182720525729	4.69307433652844
7.05920067469364	7.18374190255274	7.18868471363976
7.29512567765607	7.04584663459111	6.95873792142119
9.48841493766045	9.47054512821963	9.51003438752556
6.47385785961523	6.16317283443163	6.23204476833174
7.85105866755142	7.82728342906992	7.97564403990376
3.84624052455645	4.46257525180164	3.95349223200219
8.11148924805115	8.08310500103041	8.08085854981689
9.51863112944202	9.42573644752152	9.44283337113265
4.40195720620118	4.50860494076257	4.5917673972638
9.08697388772896	9.03048301807297	8.99171670054697
8.79311311331873	8.91663328392404	8.82535068871829
5.18605386706404	5.28036305582897	5.29654040906429
8.96878128130816	8.95811445723469	9.00522947135386
9.25835356743007	9.16286730181897	9.22619563350522
4.88675310827705	4.77726258988758	4.82964683099478
9.07420087875748	9.08697388772896	9.10595336859294
6.20153278574168	6.28491318800175	6.37267769103815
8.47966878926456	8.51479409286631	8.50910683092736
9.4306615109555	9.47659147814086	9.40758256371686
4.8416328626204	4.95113741841657	4.82964683099478
5.84691251678954	5.63060327161985	5.7747432333307
5.44300814887632	5.35278331021886	5.30751274172097
3.89318581303788	4.33125101717453	4.0981736460876
4.51924140914091	4.46257525180164	4.51273284891451
7.3564455983078	7.09099735210496	7.06206130666463
9.32671772350224	9.35510188482501	9.4350865786641
6.86756846195661	7.01221123193526	7.10542446628472
7.98215321788458	7.85105866755142	7.79315214722883
7.50208007440913	7.6691590667743	7.69082272331422
8.37273272947673	8.54223604247525	8.50413023001529
8.40388302172661	8.5220947671758	8.38042741807404
5.89689631828327	5.8078048378933	5.84691251678954
8.84512138467088	8.83358940098446	8.81995822311569
8.73009684576975	8.77470714926755	8.75935450739368
9.52823886875727	9.53490557884273	9.56316669608281
9.50620935215245	9.51863112944202	9.52533924734776
9.61014801093362	9.58876337001712	9.57978279468265
9.4097966143514	9.32090246604442	9.30807586418491
8.88114271992205	8.99772118679187	8.95811445723469
8.92266627355956	8.93544355098665	8.85391494794765
9.05921924785967	9.18772498905072	9.14631789489203
8.62002730552867	8.57918772273163	8.62122349478298
5.14518597241862	5.07757078089458	5.01293107298093
8.81363345027384	8.72334748006312	8.75703126711118
4.76121211002382	4.76121211002382	4.7266071602005
4.62748376432466	4.73398421682227	4.74669604829733
8.49341906070155	8.40863409481922	8.34265383015894
9.67229495325642	9.67715799982273	9.65982767014045
8.61314162668653	8.66773669471422	8.67680759707557
7.71646839015435	7.88714521851704	7.82948284239707
6.16317283443163	5.79711517103386	5.96163494275261
6.35587337672123	6.22026670220568	6.21642503878181
9.16436948187292	9.04203838655996	9.12425732205292
4.46469376042657	4.85352165382183	4.83659160367448
7.74698981790029	7.95527746064213	7.82728342906992
4.01517317618338	4.17302546440625	4.47788435918995
7.16679288589301	7.12222052127814	7.04520199835116
9.21008133251319	9.1607356680751	9.15879140094267
9.28421856330861	9.28878516793007	9.26160152901067
9.35677726950328	9.38521728448475	9.3730122696977
7.31448181812404	7.31108516628028	7.3564455983078
8.81834092333063	8.8151785369097	8.79660212577688
8.92578762434564	8.81111924719436	8.92578762434564
4.35983885826861	3.84624052455645	4.08960201251625
9.02838043513854	9.05693367461428	9.09215139317793
8.65410001859173	8.74599711667174	8.77470714926755
4.67423584234789	4.06628373030859	4.18359508431536
8.50910683092736	8.55851850538863	8.45889125062386
4.5917673972638	4.60770954355705	4.68172113262557
4.12917708417943	4.59586017385662	3.93816074827945
4.9384336274227	5.19247280934448	5.16014097930362
4.83137048836502	4.7266071602005	4.95113741841657
8.74820123716672	8.73569803976066	8.73483951081268
8.77619776020219	8.76221554945575	8.71570839684515
5.73489179295345	5.46358902982546	5.44534295533067
8.39927174528886	8.63811211800384	8.55384327385279
9.56836561241723	9.62547212476664	9.68094058376674
5.02346891183622	5.00693645642344	5.0616279210262
4.98548551924782	5.0645188151239	4.7266071602005
4.95113741841657	4.54664832905774	4.33125101717453
4.53407839370666	4.47788435918995	4.35983885826861
8.89233713337151	8.86407337140067	8.76221554945575
9.64656475000179	9.64656475000179	9.69275216515368
4.85352165382183	5.01293107298093	5.09906131402632
4.01517317618338	4.04223380172331	3.95349223200219
8.76221554945575	8.73913931105225	8.77004782508727
7.48969433909666	7.39609356382844	7.43093139352946
9.41349222362687	9.38998553320995	9.39931980532887
5.33532536992928	5.11457018196029	5.16014097930362
5.13405816892949	5.2357576505261	5.3279942772708
4.20497441701758	4.56730052881624	4.24138155337351
5.68257967122629	5.7676973897036	5.65968126066695
8.66421791942633	8.6901039773431	8.70297757406843
8.64735502827382	8.47483845213581	8.48401806902557
8.55384327385279	8.64305217442852	8.63673643785222
9.75692528496578	9.79182780724077	9.80293261790593
4.06329674564238	4.23886373797515	4.18359508431536
5.01293107298093	4.88675310827705	4.83659160367448
4.35983885826861	4.46257525180164	4.27686419024008
5.19374840476839	4.9384336274227	5.01293107298093
3.96874045049279	3.86644213200058	4.15128832680289
4.38566147064042	4.66650580580254	4.57760684165308
9.04523496328494	9.02838043513854	9.03048301807297
9.09649503808451	9.17780780823747	9.18244109925608
4.25156395221251	4.56730052881624	4.33125101717453
7.22358405384176	6.93730428230152	6.94299868292916
7.93962973518816	7.86580263385751	7.95816262867352
7.20751269361684	7.22358405384176	7.12887953934302
9.55356720460376	9.58173654862392	9.57422009489198
9.63645689654477	9.61435623924261	9.65544194242862
8.54223604247525	8.46903333808025	8.54223604247525
4.71551598966203	4.83824418181866	4.96992630806349
8.90797830438978	8.78702549228153	8.78297818259642
6.17524652391098	5.99077239189815	5.82545309764189
5.12853990084383	4.35983885826861	4.45146772730996
6.3751255598605	6.6282585081584	6.58015122808978
8.72126008384634	8.48536741813687	8.5379065507925
8.94622729352658	9.07118208045085	9.0152754728612
9.46144586730274	9.43836180263838	9.50620935215245
5.26652189169987	5.19247280934448	5.18605386706404
8.74599711667174	8.84512138467088	8.84008407441906
8.91518260296242	9.00216773285952	8.96146631032945
5.85286368880473	5.98776917575578	5.94463319082457
9.19331559520945	9.21887184477641	9.22091049277672
6.81996975844277	6.65840400018224	6.65840400018224
8.89792540080263	8.74301480314456	8.81111924719436
7.79315214722883	7.80457855476033	7.88944693463004
4.78790254407873	4.96056246883639	4.7719990236382
3.86644213200058	3.31025658853289	2.97990096345623
9.68094058376674	9.51143408157733	9.53415834717172
8.46139412484315	8.42846631198278	8.42846631198278
7.73684280055948	7.57319479018605	7.57680247645002
7.39256431968528	7.49055841278908	7.36125692197777
8.41601494788598	8.29061408660142	8.24483884332424
9.71624150225166	9.74421071727703	9.75692528496578
8.84388357204213	8.77004782508727	8.68037775829147
6.8857160036514	6.6445897766956	6.67392392045119
9.39931980532887	9.41349222362687	9.42341308786087
9.07241016585189	8.97521679529083	8.92266627355956
8.05370493685174	8.23392352136784	8.21353813116758
5.13405816892949	5.0645188151239	5.11745846900266
5.22822042509614	5.13405816892949	5.16014097930362
9.54846521778053	9.62653138381409	9.63298390152693
9.51283377562909	9.57422009489198	9.585436701024
4.99469900324238	5.29891522054209	5.14518597241862
9.29609887803343	9.3730122696977	9.34856329794921
5.91087181176898	5.82102481090791	6.01713072833866
4.88355775866731	5.13405816892949	5.3279942772708
8.97521679529083	9.07420087875748	9.06419072954807
5.51847392804006	5.70212873162754	5.43623014776861
6.91664788952571	7.06206130666463	7.16739627183946
6.28238457293694	6.47385785961523	6.43464645648301
8.38916009092928	8.36603993102615	8.4074607371024
5.80959924303814	6.00805876286703	6.11604846530391
8.62002730552867	8.78569489858278	8.81672362354557
7.28761306805043	7.47128781844505	7.41776229076631
5.96163494275261	6.09281990363551	5.92489161715489
8.48401806902557	8.56828700930525	8.57346782055428
4.27686419024008	3.90270306506581	4.11799289760908
6.35587337672123	6.829041675988	6.64750616301621
4.83137048836502	4.69307433652844	4.8209875303475
6.3702298222158	6.14390058476531	6.28744180306656
6.21642503878181	6.3702298222158	6.28238457293694
4.80182720525729	5.03669483770953	5.02196138856905
5.01293107298093	5.31587569557289	5.17112976689107
4.89494260263329	5.00693645642344	4.86684174655033
4.54664832905774	4.95113741841657	4.70068179074605
5.46132062457235	5.47856737635845	5.58004189485655
8.87435928006947	8.87120531431813	8.88986342719743
8.83787157290108	8.83358940098446	8.76822445376165
4.90639324629099	4.8226515451096	4.83659160367448
4.68172113262557	4.83137048836502	4.68172113262557
9.10204924833745	9.15879140094267	9.12013851142551
5.00693645642344	5.2357576505261	5.06600766925224
5.17112976689107	5.11457018196029	4.9384336274227
6.93730428230152	6.98582299694619	7.04520199835116
5.87443817377063	5.94161242337132	5.74979226911338
4.51924140914091	4.88675310827705	4.88355775866731
10.0680176792462	10.0754405274388	10.0680176792462
4.8416328626204	4.8966066173954	4.88355775866731
9.78098582997684	9.78098582997684	9.79182780724077
6.38805600309725	6.79873939855647	6.53781444175256
7.37272801206062	7.45694153985691	7.46146002439691
5.79711517103386	6.01713072833866	6.07441735075576
6.10216736914758	6.17936339999241	6.14390058476531
6.23204476833174	6.08474016899369	6.18348027607384
5.44300814887632	5.38198068243335	5.38319201584402
6.32656183027955	6.45864252590136	6.45864252590136
5.94765395827781	6.34905943600412	6.17524652391098
9.52533924734776	9.46144586730274	9.48219752873105
5.39903789330828	5.58108960533113	5.62255945738758
6.04262653212241	6.06534370731052	6.09643538062376
4.71551598966203	4.7266071602005	4.96056246883639
5.43623014776861	5.40263570367631	5.24609335012501
6.71175558760051	6.67392392045119	6.57273446625927
6.08697229782048	6.32656183027955	6.22410836562956
5.13405816892949	5.180752123239	5.20037335945631
4.76121211002382	4.85352165382183	4.7266071602005
5.14518597241862	4.96992630806349	4.83659160367448
8.16382062517049	8.3207128971942	8.29061408660142
6.65840400018224	6.91664788952571	6.86756846195661
9.30807586418491	9.36752653188224	9.35510188482501
6.12462491764557	6.17936339999241	6.01024122756207
4.91775519489161	5.22304493728316	4.83659160367448
4.83137048836502	4.86360336160593	4.69307433652844
4.35983885826861	4.46257525180164	4.33125101717453
7.17411611016819	7.27200300862068	7.16739627183946
6.57273446625927	6.57273446625927	6.47385785961523
4.38566147064042	4.84679174376256	4.57760684165308
8.77854974677745	8.85106713944113	8.80939050206038
4.85352165382183	4.8226515451096	4.74669604829733
4.65104838442692	4.28169738013846	4.46469376042657
4.24138155337351	4.33125101717453	4.59975410887249
9.18806575014366	9.24043844623006	9.26659225684043
2.97990096345623	3.13042208855755	3.13042208855755
5.48957393512557	5.42034177712672	5.4137786232714
5.82545309764189	5.85286368880473	5.77991259824937
8.46903333808025	8.69844251240244	8.74301480314456
5.09906131402632	5.29891522054209	5.22822042509614
9.43230799628954	9.59388440730279	9.6014647434017
7.5895152165158	7.82948284239707	7.55930769123924
4.85352165382183	4.98862869045637	4.67423584234789
9.36211862236893	9.29456052958363	9.3777962628277
9.57978279468265	9.63298390152693	9.61435623924261
6.77465757125118	6.73847533396667	6.77465757125118
7.66865575190872	7.57680247645002	7.60330097579497
9.87671999505219	9.90897813382694	9.87671999505219
7.42278986633834	7.29136937285325	7.45635650508294
4.60770954355705	4.62748376432466	4.64121658810216
6.02769963680403	5.86717334487173	6.06534370731052
4.12917708417943	4.01517317618338	4.54664832905774
8.71196733472205	8.68037775829147	8.71252057183238
5.08627421511835	4.70068179074605	4.80182720525729
5.17112976689107	5.15070962534094	5.0381218399601
6.98582299694619	6.84628846392162	6.82349061677592
8.59910852040247	8.63124876378309	8.59910852040247
7.85515776634659	7.79315214722883	7.777793621408
7.66865575190872	7.70120212443933	7.62615173059747
8.44969032420862	8.49341906070155	8.57639505414773
8.82569597150528	8.93978061869413	8.87120531431813
8.92976569214585	8.8151785369097	8.86407337140067
8.65696129912484	8.63599803186619	8.59625973256887
8.80939050206038	8.75819288725243	8.74599711667174
4.06329674564238	4.06030976097617	4.27686419024008
9.2176006742588	9.25835356743007	9.20042506069106
5.5653387252069	5.48521838667288	5.47971510728932
9.49233059752288	9.50620935215245	9.45138681147546
7.16799965778591	7.16739627183946	7.20751269361684
9.15628156856838	9.12425732205292	9.19308197980541
9.10928886202675	9.13484658676921	9.12013851142551
8.63673643785222	8.66917890114273	8.61808348109119
8.48536741813687	8.51980146307697	8.50218999437129
4.68172113262557	4.86360336160593	4.7719990236382
9.33431277049627	9.25582197944482	9.21008133251319
8.97384424593115	8.94622729352658	8.92976569214585
6.54766592414831	6.38805600309725	6.32656183027955
6.22410836562956	6.23204476833174	6.05809668710806
8.07634413634899	7.93396458002501	7.95816262867352
5.13405816892949	4.97773159597495	4.95113741841657
8.84821003821564	8.84388357204213	8.88192442466815
7.18621330809625	7.12222052127814	7.04520199835116
9.14887810872179	9.19685171561134	9.16962747958322
9.18738422795777	9.20010476427421	9.16180148494703
7.55930769123924	7.54759231427091	7.5895152165158
9.24043844623006	9.14631789489203	9.19978446785736
4.47788435918995	4.09536134299353	4.20497441701758
8.51508414015538	8.45347677337122	8.40863409481922
8.45550365020662	8.4056718794145	8.32972196263972
9.23572332107032	9.22991944937712	9.16180148494703
5.3279942772708	5.14518597241862	5.18605386706404
4.54664832905774	4.559109636001	4.56110507627868
6.84628846392162	7.04084298010731	6.8857160036514
8.31916830781414	8.47312749558373	8.44689923480429
7.73305268893189	7.62615173059747	7.71646839015435
4.22600123173957	4.52139791842549	4.43803280171673
8.53702731157515	8.92662269409796	8.8445024783565
9.3777962628277	9.29167584646836	9.33870931109925
9.61435623924261	9.4350865786641	9.41918998674259
8.60720095477515	8.60552752406661	8.65560732202501
9.53415834717172	9.55356720460376	9.52823886875727
8.63161882821851	8.56613637566803	8.56613637566803
9.17250433077542	9.20010476427421	9.19308197980541
8.23392352136784	8.25710352783801	8.25077666133581
4.9384336274227	4.49126517130595	4.7266071602005
9.11911173453544	9.14887810872179	9.07783749343748
4.89494260263329	4.8226515451096	4.8209875303475
8.96188330532852	9.07552440574961	9.01307530459357
8.4074607371024	8.45719745041524	8.52505619880633
8.62689546573128	8.60038613904337	8.61186258921409
5.25255109694797	5.48521838667288	5.57366262342662
8.63087869934767	8.64468368430656	8.74820123716672
7.04084298010731	6.86756846195661	6.97378944074626
6.65042254933682	6.54766592414831	6.6282585081584
8.98346931660637	9.06419072954807	9.04203838655996
4.47788435918995	4.50860494076257	4.52987549612568
8.45889125062386	8.50218999437129	8.43487663152596
5.34709224141189	5.20434494236437	5.5653387252069
7.24839859871074	7.29136937285325	7.24839859871074
8.72126008384634	8.7215092539966	8.69834073497299
8.83358940098446	9.00596759889708	9.02838043513854
9.36876911020913	9.42573644752152	9.37511634127972
9.22619563350522	9.23572332107032	9.24720159013557
7.82948284239707	7.90128806049883	7.91492384156799
6.6445897766956	6.58015122808978	6.48882612501038
8.56169414599978	8.4056718794145	8.43487663152596
5.61034455825126	5.54680782218185	5.51955947919983
4.71551598966203	4.59586017385662	4.47788435918995
4.96056246883639	4.98862869045637	4.85352165382183
8.12514272345168	8.08085854981689	8.04935643736529
4.43803280171673	4.37853096873767	4.78960183859637
8.64236614730466	8.52698568486854	8.51508414015538
9.16962747958322	9.41122918970062	9.41918998674259
8.78245188039716	8.70422568882811	8.73483951081268
8.68322641258585	8.64690801291244	8.6406081181417
9.3730122696977	9.30807586418491	9.38155419085736
12.310759292054	12.310759292054	12.310759292054
6.01477721029788	5.55886349930651	5.86955798431905
7.27200300862068	7.50208007440913	7.37034473882135
9.29456052958363	9.16436948187292	9.23572332107032
9.26160152901067	9.10204924833745	9.09649503808451
7.06492193863562	7.06206130666463	7.22358405384176
9.51003438752556	9.49914638788122	9.47054512821963
4.5917673972638	4.46257525180164	4.74669604829733
4.79130113311402	4.7449345080123	4.74669604829733
5.4137786232714	5.45671848067807	5.39544008294026
6.97378944074626	7.15533844259999	7.07915265388713
5.3205988870731	4.83137048836502	5.12987203263609
7.90128806049883	7.95816262867352	7.95527746064213
8.76456855472535	8.83787157290108	8.74080281877753
7.57680247645002	7.59046560974317	7.47128781844505
4.7266071602005	4.59586017385662	4.54664832905774
9.45138681147546	9.40879837826291	9.46144586730274
5.59177468031464	5.87443817377063	5.98927078382696
5.61034455825126	5.26530442492933	5.53413317322551
9.77825955501896	9.80293261790593	9.83694488249836
4.559109636001	4.54237364893855	4.46469376042657
4.96056246883639	4.75220000705678	4.69307433652844
9.74421071727703	9.83694488249836	9.78098582997684
5.06600766925224	5.19247280934448	4.65491104251866
8.75449697132646	8.58697123406952	8.67680759707557
4.75220000705678	4.5795858583678	4.47788435918995
9.38521728448475	9.42573644752152	9.42636140861407
5.65968126066695	5.46358902982546	5.60619885717185
8.73913931105225	8.58850029406793	8.70687291677257
8.40863409481922	8.34265383015894	8.39927174528886
4.73398421682227	4.66650580580254	5.09906131402632
4.24138155337351	4.11799289760908	4.3216308054465
9.33717207224108	9.17625040505891	9.18806575014366
4.51924140914091	4.14579228587337	4.43803280171673
4.35059052810764	4.43803280171673	4.21817378635853
4.23634592257678	3.90270306506581	4.24138155337351
4.96992630806349	4.70068179074605	4.57760684165308
9.65982767014045	9.75692528496578	9.7224397963948
5.78854634241076	5.74979226911338	5.73489179295345
7.37034473882135	7.37034473882135	7.38710278693757
8.43667197555535	8.59279721146155	8.59910852040247
9.22332831071332	9.16962747958322	9.19094734544219
8.08310500103041	7.93962973518816	7.93962973518816
8.86407337140067	8.8063036207284	8.76456855472535
8.64468368430656	8.68037775829147	8.71061603141939
6.03680760297632	6.22026670220568	6.08474016899369
7.80457855476033	7.45694153985691	7.37857296958279
8.81834092333063	8.69844251240244	8.69834073497299
4.20497441701758	4.0483599781616	4.43803280171673
6.0032972375009	5.84603335978276	5.80246000446358
5.02346891183622	4.96056246883639	4.80182720525729
4.45146772730996	4.9384336274227	4.83659160367448
8.67318941772413	8.60304285971327	8.58809148267988
7.91492384156799	8.02503604579377	7.99565782844419
8.52505619880633	8.67045906406287	8.66917890114273
4.25156395221251	4.46257525180164	4.40195720620118
4.65104838442692	4.7266071602005	4.78960183859637
4.88355775866731	5.17526366539117	4.85352165382183
7.59141600297053	7.68274730966718	7.6691590667743
4.47788435918995	4.75220000705678	4.61559966115169
8.65284057217925	8.66059967211918	8.69403937981835
8.77004782508727	8.88986342719743	8.89233713337151
9.22091049277672	9.31750815769776	9.33717207224108
9.38155419085736	9.28722198330754	9.24043844623006
4.62167003785048	4.34570826945284	4.4241380745698
9.17625040505891	9.21710649523084	9.17625040505891
5.62856972634412	5.77732791579004	5.81139364818299
8.51508414015538	8.61250210795031	8.62992236868364
8.76822445376165	8.78245188039716	8.71252057183238
4.73398421682227	4.68172113262557	4.67423584234789
3.96874045049279	4.25673510148262	4.29666031556635
4.92250911407744	5.01293107298093	4.70068179074605
8.36603993102615	8.53702731157515	8.51980146307697
5.37275124880751	5.43623014776861	5.30751274172097
7.30768851443652	7.46146002439691	7.44067556649162
9.55199786834165	9.56316669608281	9.49914638788122
9.66849395321543	9.65982767014045	9.64656475000179
9.44629307225509	9.35041485494648	9.41101202007025
5.01293107298093	5.24864806403853	5.13405816892949
8.94867580461369	8.91209682925601	8.88192442466815
9.01307530459357	8.84008407441906	8.8063036207284
9.82425486928993	9.77825955501896	9.77825955501896
5.06600766925224	5.09486915004037	5.34709224141189
7.18621330809625	7.17411611016819	7.34476609192102
5.71984968908487	5.99853571213477	5.7676973897036
4.9384336274227	4.69307433652844	4.62558297044595
7.87921628094083	7.73305268893189	7.78258521228159
4.43803280171673	4.35983885826861	4.27686419024008
8.73483951081268	8.66447758378578	8.60577089230956
9.27302239715488	9.2176006742588	9.27302239715488
8.72483442635972	8.68608239033736	8.72334748006312
4.38566147064042	4.60770954355705	4.52987549612568
8.68608239033736	8.67771012489314	8.68037775829147
4.95113741841657	4.92902979460583	5.0616279210262
9.37511634127972	9.44629307225509	9.49233059752288
8.21353813116758	8.3207128971942	8.32225748657427
8.55283591388682	8.56197124844479	8.55283591388682
8.47483845213581	8.46139412484315	8.49900825281763
7.10542446628472	7.22761439783297	7.30768851443652
8.5849530442306	8.48401806902557	8.43910219645682
8.51249872863604	8.29463226987476	8.4236210097641
7.33903912438873	7.39256431968528	7.28761306805043
4.47788435918995	4.78960183859637	4.64121658810216
8.53211513449227	8.49900825281763	8.46713207717823
6.92291328135721	6.77465757125118	6.73847533396667
5.01293107298093	5.33532536992928	5.08042730066108
6.94299868292916	6.94299868292916	7.01221123193526
8.60228703918076	8.57346782055428	8.58697123406952
9.48482497929052	9.51143408157733	9.51283377562909
9.53565281051375	9.40636674917081	9.35041485494648
4.30667939351841	4.84679174376256	4.59975410887249
8.25710352783801	8.31409357126036	8.25077666133581
4.56938235284677	4.80182720525729	4.74669604829733
8.98548201230542	8.93192148179436	8.96992199199794
9.79182780724077	9.82425486928993	9.82425486928993
8.47312749558373	8.65836512716932	8.62992236868364
4.43803280171673	4.17302546440625	4.18359508431536
9.69590912870516	9.7224397963948	9.71624150225166
4.30667939351841	4.62748376432466	4.30667939351841
8.60304285971327	8.55283591388682	8.56197124844479
8.77945619856384	8.84821003821564	8.77470714926755
4.98548551924782	4.8966066173954	4.86684174655033
5.35847437902584	5.62653618106839	5.51527467685821
8.83090012603757	8.80939050206038	8.79311311331873
9.05693367461428	9.06170285168457	9.06170285168457
3.75578154548348	3.73396296718805	3.98810810201398
7.46146002439691	7.51152060256701	7.48883026540424
5.77991259824937	5.73680012974404	5.68257967122629
4.73398421682227	4.49569744551044	4.43803280171673
4.85352165382183	5.01293107298093	5.02196138856905
9.15131673539999	9.35845265418156	9.2770074360864
7.1381292885941	7.24839859871074	7.17411611016819
9.62600175429036	9.53490557884273	9.55356720460376
4.60770954355705	4.88020653711267	4.92095280331422
8.86714197973424	8.73071133415295	8.72948235738655
7.43093139352946	7.37992296126055	7.45752657463088
3.96874045049279	4.25673510148262	4.12917708417943
8.29061408660142	8.16382062517049	8.15050408608837
8.42846631198278	8.33558520066267	8.33558520066267
7.44067556649162	7.41776229076631	7.33331215685644
4.98548551924782	4.97773159597495	5.29654040906429
8.56828700930525	8.43308128749657	8.56828700930525
8.6698189826028	8.71740637446105	8.72632137265632
6.05809668710806	5.97507388995093	6.14390058476531
8.63599803186619	8.45719745041524	8.48536741813687
3.73396296718805	4.25673510148262	3.84624052455645
5.21500720241964	5.04841633894068	5.26530442492933
5.7676973897036	6.01242369225711	5.90501710786838
8.56613637566803	8.43910219645682	8.47108041683199
8.96878128130816	8.98346931660637	8.90578937979839
7.83553061941466	7.97564403990376	8.02503604579377
6.28744180306656	6.07441735075576	6.10216736914758
7.45694153985691	7.37992296126055	7.54539641036415
5.04841633894068	4.92250911407744	4.9384336274227
9.69275216515368	9.67229495325642	9.67715799982273
7.07915265388713	7.04584663459111	7.09099735210496
4.83137048836502	5.2357576505261	4.80182720525729
9.65544194242862	9.71624150225166	9.66849395321543
8.8782884888456	8.71129168307072	8.68322641258585
9.09348835432287	9.05921924785967	9.08322874465216
4.43803280171673	4.18902902175839	4.45146772730996
7.97564403990376	8.16916039313511	8.13137869003002
8.8005166169958	8.8782884888456	8.82604125429227
9.23044200792289	9.18244109925608	9.21735358474482
8.74080281877753	8.78464333834397	8.78297818259642
6.52595344083511	6.53781444175256	6.64750616301621
9.47401092161062	9.26160152901067	9.32820518707075
4.28169738013846	4.35983885826861	4.21817378635853
9.63298390152693	9.63645689654477	9.67229495325642
4.51924140914091	4.25673510148262	4.06329674564238
4.73398421682227	4.47788435918995	4.85352165382183
5.24092503250612	5.28036305582897	5.25767779241428
10.0000525615718	10.0553517578123	10.0828633756315
9.34856329794921	9.32671772350224	9.25835356743007
5.5653387252069	5.42034177712672	5.47971510728932
9.24419840297991	9.19094734544219	9.22991944937712
4.69873482323811	4.78960183859637	4.97922972651282
5.03954884221067	4.78960183859637	4.86684174655033
8.78350448479568	8.8005166169958	8.8005166169958
5.08627421511835	4.98862869045637	5.16014097930362
8.71740637446105	8.60660760766383	8.64646099755105
7.09099735210496	6.96626368108373	6.92291328135721
4.89494260263329	5.00693645642344	4.98862869045637
8.5808844422385	8.4236210097641	8.38807936442229
9.42341308786087	9.52823886875727	9.47401092161062
8.6136265280486	8.63811211800384	8.71740637446105
4.7449345080123	4.60770954355705	4.65491104251866
5.07471426112808	5.02196138856905	5.04841633894068
8.73483951081268	8.76822445376165	8.78702549228153
9.28421856330861	9.2770074360864	9.3256180618004
8.75449697132646	8.54925239889147	8.56141704355477
6.42558965639124	6.42558965639124	6.38805600309725
5.17112976689107	5.04841633894068	5.04841633894068
5.15342919832453	5.13405816892949	5.07184065708124
8.77095868136179	8.61883111627437	8.53211513449227
9.36752653188224	9.45804797741482	9.43836180263838
7.53440350790404	7.51426512851019	7.39432894175686
5.30139409995567	5.38992171609748	5.43623014776861
9.42511148642896	9.39931980532887	9.41349222362687
5.10898101656507	5.5653387252069	5.25767779241428
4.36681376551682	4.43803280171673	4.62558297044595
5.53413317322551	5.44534295533067	5.58695599806017
7.40811058715616	7.40268331501707	7.39432894175686
4.47788435918995	4.65297971347279	4.67423584234789
7.89626610231283	7.66815243704314	7.71466181886693
4.56938235284677	5.03669483770953	4.88355775866731
5.26149420656497	5.25767779241428	5.11321553514639
5.1588377285604	5.01293107298093	5.14518597241862
5.29157526228013	5.07757078089458	5.12987203263609
8.66773669471422	8.50346268927353	8.5849530442306
3.94134555210407	4.40417334330342	4.35983885826861
7.7263540890125	7.63997857716564	7.7263540890125
7.36125692197777	7.20751269361684	7.1381292885941
9.25084979961738	9.3237997227585	9.32820518707075
4.45146772730996	4.47788435918995	4.46469376042657
4.87024033558563	4.7449345080123	4.68172113262557
9.41122918970062	9.36876911020913	9.32090246604442
4.30667939351841	4.71551598966203	4.45598323792261
8.57346782055428	8.35353930385505	8.35353930385505
8.15545285632867	8.22194808714415	8.18727629117912
8.69854428983188	8.82604125429227	8.78569489858278
4.91775519489161	4.70068179074605	4.7266071602005
5.13405816892949	5.10610114479765	4.85352165382183
7.89174865074305	7.95816262867352	7.93396458002501
7.15533844259999	7.16739627183946	7.19685866906628
7.60330097579497	7.59046560974317	7.54759231427091
5.62856972634412	5.16975968242358	5.27663997889209
9.19978446785736	8.92976569214585	9.00670572644031
4.88675310827705	4.54664832905774	4.61559966115169
8.4236210097641	8.57918772273163	8.5808844422385
8.71570839684515	8.57639505414773	8.66059967211918
8.93978061869413	8.92662269409796	8.84821003821564
8.32225748657427	8.13137869003002	8.23392352136784
6.61937470186006	6.71175558760051	6.83459273520009
4.69873482323811	4.59586017385662	4.59975410887249
5.01293107298093	5.0645188151239	5.01293107298093
5.14518597241862	4.86360336160593	4.7266071602005
9.21887184477641	9.25084979961738	9.29167584646836
10.0553517578123	10.0000525615718	10.0000525615718
4.62167003785048	4.59586017385662	4.54664832905774
4.59975410887249	4.4823998698026	4.40195720620118
4.28169738013846	4.40417334330342	4.47788435918995
5.19119721392058	5.00693645642344	4.95113741841657
8.70360163144827	8.58697123406952	8.61883111627437
5.99077239189815	5.86717334487173	5.86955798431905
7.78258521228159	7.89174865074305	7.87921628094083
5.75890528557676	5.89689631828327	5.94463319082457
4.8416328626204	5.03669483770953	4.96056246883639
8.18727629117912	8.18727629117912	8.16382062517049
6.95873792142119	6.96626368108373	6.93730428230152
5.38319201584402	5.51847392804006	5.3279942772708
5.11601432548148	4.96992630806349	5.07184065708124
8.52094811512638	8.39024081743628	8.47108041683199
4.65104838442692	4.88675310827705	4.88355775866731
8.6015285599447	8.67318941772413	8.67045906406287
5.5653387252069	5.44067334242197	5.46132062457235
9.12425732205292	9.12116528831558	9.09482531546782
4.69873482323811	4.52139791842549	4.20497441701758
9.45804797741482	9.55199786834165	9.53840032127153
5.02346891183622	5.09486915004037	4.86684174655033
7.70120212443933	7.34476609192102	7.49055841278908
8.65836512716932	8.69340030361842	8.64735502827382
4.9384336274227	4.83824418181866	4.7719990236382
7.61550944816871	7.65507139350213	7.65507139350213
5.98776917575578	6.11604846530391	6.20153278574168
4.5917673972638	4.73398421682227	4.74669604829733
8.57639505414773	8.58697123406952	8.59279721146155
7.04520199835116	7.38710278693757	7.40811058715616
8.53878579000984	8.62896603801962	8.63161882821851
5.82545309764189	5.94765395827781	5.84691251678954
8.31409357126036	8.46713207717823	8.45550365020662
8.22194808714415	8.21353813116758	8.11890675687334
5.74979226911338	5.6568749969213	5.65406873317564
8.93192148179436	8.79311311331873	8.8445024783565
9.35165479100838	9.35041485494648	9.34379497424373
4.87024033558563	4.88675310827705	4.88355775866731
9.34379497424373	9.34856329794921	9.38521728448475
8.70619149884208	8.70755433470305	8.73913931105225
7.63997857716564	7.3564455983078	7.40268331501707
5.47971510728932	5.51316097683614	5.62255945738758
4.17302546440625	3.75578154548348	3.75578154548348
8.26871648352954	8.26871648352954	8.26202258597857
6.14531916807456	5.96163494275261	5.86955798431905
5.43623014776861	5.61034455825126	5.80246000446358
8.60601426055251	8.60660760766383	8.5782584186301
9.35677726950328	9.21008133251319	9.28421856330861
4.56938235284677	4.91611389723222	5.01293107298093
4.60770954355705	4.68172113262557	4.52139791842549
4.68172113262557	4.87024033558563	4.7719990236382
5.21500720241964	5.13405816892949	5.42711983568786
9.16286730181897	9.30291923554189	9.28878516793007
8.78464333834397	8.71570839684515	8.6901039773431
9.06918222794508	8.99490880775163	9.02228425378623
6.45864252590136	6.35521730762803	6.34905943600412
4.43803280171673	4.20497441701758	4.29666031556635
5.23320387225146	4.94488873571168	5.22822042509614
4.33125101717453	4.23886373797515	4.40195720620118
6.48882612501038	6.65042254933682	6.71175558760051
6.06988052903314	6.35652944581443	6.35587337672123
9.3405873877106	9.33717207224108	9.31750815769776
7.40268331501707	7.61550944816871	7.57319479018605
9.62600175429036	9.56836561241723	9.63645689654477
8.96188330532852	8.94249822723676	8.97633443100992
4.5917673972638	4.39279197254317	4.51273284891451
8.54925239889147	8.5069523008422	8.51508414015538
9.19685171561134	9.09215139317793	9.15131673539999
9.03406507792896	9.10928886202675	9.07552440574961
9.25582197944482	9.23096456646866	9.30017515603469
8.35353930385505	8.26202258597857	8.25710352783801
9.0152754728612	8.88270612941426	8.90578937979839
4.9384336274227	4.14579228587337	4.3216308054465
4.89494260263329	4.88675310827705	4.9384336274227
8.45347677337122	8.5069523008422	8.51249872863604
9.42636140861407	9.33870931109925	9.3405873877106
9.04951431191578	9.09482531546782	9.10204924833745
5.28408613276585	5.13405816892949	5.13405816892949
8.50059912359446	8.65628431057492	8.60577089230956
8.48963488329502	8.52505619880633	8.44689923480429
4.40873534460762	4.65297971347279	4.5917673972638
7.12222052127814	7.07915265388713	6.98582299694619
9.18244109925608	9.18772498905072	9.21735358474482
4.16221830517545	4.28169738013846	4.0981736460876
8.59910852040247	8.60038613904337	8.61338407736756
5.69942394106641	5.78854634241076	5.51527467685821
8.08085854981689	8.11148924805115	8.08310500103041
4.7719990236382	4.43803280171673	4.8966066173954
8.85106713944113	8.75196267554174	8.83787157290108
5.58004189485655	5.3279942772708	5.43623014776861
5.46132062457235	5.51847392804006	5.55283566074418
8.99171670054697	9.17250433077542	9.13484658676921
4.45146772730996	4.33125101717453	4.59975410887249
8.16916039313511	8.43667197555535	8.47966878926456
9.3256180618004	9.26659225684043	9.29609887803343
8.44410814539996	8.71307380894271	8.64468368430656
8.58809148267988	8.65284057217925	8.63599803186619
5.70483352218867	5.70212873162754	5.73489179295345
7.54649436231753	7.83553061941466	7.7548141556401
4.62167003785048	4.7266071602005	4.66073836240895
8.63811211800384	8.63124876378309	8.63811211800384
8.61808348109119	8.55384327385279	8.60304285971327
4.7266071602005	4.73398421682227	4.74669604829733
5.65406873317564	5.83234440630513	5.75890528557676
9.4350865786641	9.48841493766045	9.54846521778053
5.38319201584402	5.14518597241862	5.38319201584402
13.3304509861671	13.3304509861671	13.3304509861671
12.8435970737306	12.8435970737306	12.8435970737306
4.40195720620118	4.88675310827705	4.92095280331422
5.03669483770953	4.83824418181866	5.01293107298093
8.70755433470305	8.72101091369608	8.75196267554174
4.45146772730996	3.98810810201398	4.35983885826861
3.31025658853289	2.97990096345623	3.31025658853289
8.46713207717823	8.37273272947673	8.37273272947673
5.80959924303814	6.14673775138381	6.01024122756207
6.82349061677592	6.61049089556172	6.53781444175256
8.253327552917	8.01101485660486	8.11148924805115
4.50860494076257	4.01517317618338	4.35983885826861
9.19094734544219	9.19331559520945	9.17780780823747
8.71061603141939	8.77900297267064	8.85918038688519
4.51924140914091	4.31664735829117	4.56110507627868
4.81227697624634	4.88020653711267	4.83659160367448
8.977452066729	9.01898434514256	8.98346931660637
7.62615173059747	7.7263540890125	7.63997857716564
5.46132062457235	5.43623014776861	5.29654040906429
8.97250582189884	9.09649503808451	9.10928886202675
8.80374496103114	8.90478241061269	8.91209682925601
7.38710278693757	7.53440350790404	7.51152060256701
4.65104838442692	5.0645188151239	4.98862869045637
9.59041890986513	9.59041890986513	9.53565281051375
5.92489161715489	5.77732791579004	5.81659652417392
5.14518597241862	4.78960183859637	5.04841633894068
8.56169414599978	8.44969032420862	8.40388302172661
5.86955798431905	5.58108960533113	5.45671848067807
6.08697229782048	6.09281990363551	6.33341129171199
8.55851850538863	8.77619776020219	8.78464333834397
8.50059912359446	8.56141704355477	8.46139412484315
8.93544355098665	9.04523496328494	9.04523496328494
9.59388440730279	9.53840032127153	9.47659147814086
8.82569597150528	8.85391494794765	8.91808396488567
6.0032972375009	6.02769963680403	6.03971706754936
8.69467845601828	8.65628431057492	8.64270916086659
8.20250479447572	8.34581555294489	8.34581555294489
7.88714521851704	7.91492384156799	7.98215321788458
8.70360163144827	8.96230030032759	8.95418923201452
4.38566147064042	4.21817378635853	4.5917673972638
7.51152060256701	7.48883026540424	7.42278986633834
6.34905943600412	6.52595344083511	6.60429030513988
5.73489179295345	5.71984968908487	5.55283566074418
6.79873939855647	6.829041675988	6.81996975844277
6.18348027607384	6.05036160961523	5.98927078382696
9.02228425378623	9.0152754728612	8.92092620365182
9.20042506069106	9.38155419085736	9.36211862236893
6.11604846530391	5.81139364818299	5.85286368880473
8.69340030361842	8.77095868136179	8.7657237199695
5.17112976689107	5.35278331021886	5.18605386706404
8.90478241061269	8.78350448479568	8.83150245783882
4.83137048836502	5.15070962534094	5.01293107298093
8.59625973256887	8.62122349478298	8.60190779956273
4.88355775866731	4.7266071602005	4.92095280331422
5.7747432333307	5.6568749969213	5.70483352218867
7.71466181886693	7.777793621408	7.74698981790029
5.26149420656497	5.16144423004683	5.23831142880074
9.26910334709547	9.24720159013557	9.25084979961738
8.75935450739368	8.68322641258585	8.77945619856384
4.47788435918995	4.88675310827705	4.4241380745698
9.12116528831558	8.97250582189884	9.03406507792896
8.01101485660486	7.74698981790029	7.85105866755142
4.79130113311402	4.92250911407744	5.09906131402632
9.28878516793007	9.18464692633557	9.18738422795777
9.63103295014894	9.66849395321543	9.63103295014894
4.80182720525729	4.62748376432466	4.62558297044595
4.45146772730996	4.62748376432466	4.70068179074605
4.559109636001	4.65297971347279	4.81227697624634
8.33558520066267	8.44410814539996	8.49341906070155
7.19685866906628	7.40811058715616	7.53440350790404
7.57319479018605	7.44067556649162	7.51426512851019
7.12222052127814	7.33331215685644	7.3812729529383
4.83137048836502	4.35983885826861	4.56110507627868
7.69082272331422	7.73684280055948	7.73684280055948
4.96056246883639	5.10050545754751	5.14518597241862
4.40195720620118	4.559109636001	4.4241380745698
4.28169738013846	4.59586017385662	4.40195720620118
4.56938235284677	4.5795858583678	4.12917708417943
9.06918222794508	9.00596759889708	9.04951431191578
4.7266071602005	4.5795858583678	4.97922972651282
5.00693645642344	5.29157526228013	5.18605386706404
5.51316097683614	5.57366262342662	5.78854634241076
8.64305217442852	8.57743816172683	8.58011702683315
9.08322874465216	9.08322874465216	9.0699539950498
9.53840032127153	9.42009990630005	9.48841493766045
9.21710649523084	9.06841046084036	9.07241016585189
