k4_temp14_1	k4_temp14_2	k4_temp14_3
6.47542494893311	6.48012683317907	6.43213977275669
8.89150418279372	8.85576698719178	8.87630400035584
8.76181596463507	8.71602382702729	8.66982220733981
9.34041238816578	9.37039513436112	9.38349685853243
6.41423216796066	6.48716201148415	6.45371199589138
9.8003166387039	9.76241131728808	9.74349476554151
9.0382810106568	8.99678340902769	9.01699957437962
6.44951655451329	6.4659527361147	6.45727622030082
8.8645228355295	8.86119304015068	8.78280388563626
6.48679214628112	6.48012683317907	6.38426334692198
6.54232254300525	6.53207317716132	6.57350145618739
6.48395873068733	6.40782166719329	6.42487676745292
8.93676343650263	8.90650867127524	8.86695401865479
7.3399417758068	7.179044950494	7.23391611389496
9.60517066168069	9.54827543097842	9.56667363403385
6.52312903731952	6.59203678100172	6.59631064606051
6.52312903731952	6.64646882150105	6.59307418178795
7.41177650609478	7.50786547075733	7.54490181002087
9.28735848040491	9.41442798496482	9.36416439466461
6.57464315192258	6.61469918422627	6.58005524107759
7.84841542742909	7.79545594214947	7.78649753432272
6.48679214628112	6.46238735046446	6.43936640522287
6.48679214628112	6.53207317716132	6.51655868388375
6.57464315192258	6.57232449037456	6.55365958787865
7.9287582666617	8.05894327701566	8.04522451777827
6.75234250121341	6.73483221855477	6.74369669372639
6.60625565482424	6.68675048096849	6.68714308068321
6.46108886196815	6.39665649258982	6.46791637470773
6.36272130317623	6.39665649258982	6.38051390413817
8.61542897034151	8.63281584607832	8.65204623193746
8.10046510933047	8.08700127134877	8.0918344117277
8.83702725351197	8.75224894426688	8.77354072652268
9.16221828015914	9.13702589130192	9.15893208550564
6.68977996962874	6.67447546474117	6.64087506499618
6.56126409856578	6.5286676646538	6.50970936844695
9.46203525983427	9.46564160519645	9.43185692231618
6.53412799570319	6.50806406376669	6.52677208213313
6.46970759392264	6.37785372434019	6.40286580729004
8.2210852204585	8.15153034956743	8.19791330762345
8.35583299311395	8.44504239137582	8.36473297180329
6.39626107748782	6.38916475923226	6.37298566529243
6.47827515405146	6.44803705657019	6.46083166285355
6.96235361498353	7.07781787886622	6.9651508284817
6.48962000922712	6.48716201148415	6.51655868388375
8.94760274075983	8.89861452396157	8.87497199291863
6.49525916391188	6.49066678017687	6.45371199589138
6.46396749610241	6.37026347740909	6.45727622030082
6.50926138394695	6.57892522007116	6.58332100479858
6.68485321082413	6.65586489803415	6.72607595780562
9.3976197755159	9.29872242339377	9.30653980637925
6.38719090289879	6.30408174126876	6.26324612387157
9.03053388708004	9.05772003553293	9.0427338664427
8.38650382846983	8.34208758902521	8.44681529554906
6.52863899620854	6.44803705657019	6.51313809002468
8.31256680281119	8.29675556933549	8.21380559972131
6.5313861059115	6.55903175146595	6.5995398674175
6.61922582711663	6.76987043366854	6.72607595780562
6.41125248523135	6.44803705657019	6.46791637470773
6.44369541220562	6.4730571878269	6.55365958787865
8.83591645542234	8.8672730553278	8.86225620570925
9.23270091460333	9.01637003879187	9.02482823373202
6.47542494893311	6.35496215342382	6.40286580729004
9.23270091460333	9.1076520176999	9.11898095808936
6.47256910301237	6.48012683317907	6.40286580729004
6.51759795839141	6.54898121552519	6.43575761281634
8.58666024738931	8.44413877090119	8.45396974924138
6.57730414089029	6.45881313369527	6.54698453433968
9.22168655671837	9.27096347311377	9.29562975398194
9.6859915460986	9.72755800205363	9.71064349494893
9.00654618553939	9.26688094212784	9.22994168406468
9.07875424072431	9.05890108942885	9.08020560964698
6.36272130317623	6.45523004196073	6.40286580729004
9.11262972674481	9.17237614948185	9.1144728743907
6.18571861603044	6.12624588854364	6.12219134702146
6.62180592997271	6.68980298798243	6.53016054675229
7.83735688713143	7.88207797379286	7.7935646219235
6.49244234124113	6.5854958927995	6.54027845929853
6.53412799570319	6.45881313369527	6.60276187819855
9.29303587145375	9.37372089318974	9.36036181239743
6.63973861789889	6.64646882150105	6.65956067570847
7.90459199627709	7.8359765078361	7.94087701772976
9.69857396459576	9.69754031410558	9.66667154297925
8.89737296433366	9.07883247437054	9.08539787490582
6.48679214628112	6.47659633997409	6.58005524107759
6.46396749610241	6.38540425664521	6.33474385129324
9.52886184166024	9.53730129505199	9.56791069276224
6.40826663713625	6.37785372434019	6.46083166285355
9.15644585585355	9.20368091290807	9.22942060967984
6.77801588647999	6.85663397979109	6.78965968043322
9.64693892142221	9.70057034481157	9.63947345938809
9.41446043320737	9.44726912909637	9.50385886428248
6.74998574606726	6.781363281474	6.70823737682197
6.44660891865686	6.41152427699759	6.40286580729004
7.63382482361931	7.73319786393856	7.73896589068975
9.44829029571924	9.38929702567308	9.34360665171729
6.36887771208592	6.38916475923226	6.37298566529243
6.98858001988591	7.04243331912063	7.09209112055447
6.76873287709655	6.90208816468629	6.83145955244379
8.76064569825472	8.85916066104541	8.85078313712551
6.38111229213894	6.34725021637266	6.32697235705082
6.44951655451329	6.45163803108711	6.49591242660399
9.11171215082292	8.85372694445289	8.88161976603845
8.36741110071356	8.30274984703468	8.26249720204573
6.51204559692587	6.44442707357185	6.48547745450067
7.73739345840653	7.67430955845946	7.69132909797998
6.35963322144756	6.38540425664521	6.33086333568358
9.16443230796751	9.18703360233591	9.16657351469004
6.54504374998802	6.51840263711725	6.55698557099723
6.90419285040611	6.85391508316824	6.82319589069935
9.1968087675408	9.23118116838238	9.12683636667525
8.01863393309644	8.02308558481132	8.08378562162636
9.42114203635892	9.29672150188396	9.31932802894865
6.3378296130302	6.37406359129069	6.31523607510945
8.14778285473511	8.19084694266327	8.18076632500122
8.81746372237716	8.8192945401378	8.74684607929842
9.42779283748595	9.60516523959377	9.56130075491712
6.48962000922712	6.5286676646538	6.52677208213313
9.69979566270761	9.64345791050615	9.67089929181632
6.44951655451329	6.42257544362037	6.44296619510652
6.63973861789889	6.565693427513	6.56691776902932
6.60364757141532	6.66520018531937	6.58005524107759
8.89417477066707	8.86119304015068	8.91051144718887
9.06412461592492	9.14149233379059	9.14904754175403
6.58525779101367	6.53886018514868	6.56361462660258
6.5036767898655	6.41890111702791	6.51997118845828
6.38111229213894	6.41890111702791	6.35781033213083
6.46684039916405	6.50460134636936	6.47144572937843
8.6193079036864	8.48425158279061	8.53968922808364
10.1431316091231	10.1767184993225	10.1520226856142
6.44660891865686	6.36263309596386	6.41024016109706
9.5969977935532	9.60597345871481	9.58022328772948
9.56584669912501	9.60314270867824	9.61055274735948
9.03972897633977	9.09849224934392	9.14075837195993
8.93728144469718	9.15480929022313	9.23721703303132
9.54118218730814	9.55791422096041	9.55507631246605
6.43198220331462	6.3588027217573	6.29943773236621
6.41125248523135	6.40410953266596	6.31523607510945
9.32703424631029	9.23797509961111	9.32957485906117
8.77810079507468	8.89927402188658	8.86829344601002
8.61995337985105	8.65875342730071	8.71816330433996
9.15689070940017	9.08464262319085	9.14131246744286
8.17263310116017	8.19192392131236	8.19364562980906
8.87969450964161	8.81510687833642	8.82755960050747
8.8893641474443	8.93701809590502	8.92988373841145
6.80551186796691	6.81530257538734	6.80931707137208
9.53913608897477	9.49734988238264	9.51245098671051
6.41423216796066	6.42624043823026	6.39545357490347
9.34861380926622	9.33378462840959	9.28262877603459
8.00683750300944	8.16694770564425	8.08724060289254
6.45531430871989	6.47659633997409	6.40286580729004
6.46970759392264	6.41890111702791	6.41024016109706
6.41125248523135	6.42257544362037	6.35781033213083
6.66497621308973	6.69892195391044	6.60276187819855
6.50647178854232	6.42257544362037	6.50970936844695
9.06554688735057	9.00477257510465	9.05219344005373
9.44901698890092	9.46207505665592	9.44133740772129
8.54512338261861	8.5836072855524	8.6261528194715
7.59626978034856	7.46396279105697	7.44969404255371
8.56470086602253	8.34499512856353	8.43330431026654
8.14688738056306	8.22702057975445	8.18722034916544
9.69367680027488	9.64148839238439	9.69638597661933
7.81610923497932	7.88474448952813	7.8677615246986
7.90140981976587	7.73615394525906	7.81594944839932
7.23935629711709	7.03764912691468	7.08289079757131
8.63344209373047	8.52584389836128	8.5244779291444
8.64490431384859	8.57785152805251	8.5655162833677
6.58789929511724	6.46950933416835	6.48896416965717
7.0569079884808	6.96643428051206	7.02402020585315
8.32370372163906	8.23853226625374	8.22639458048165
6.65241259160325	6.64332315000961	6.64400618544198
6.54775983492209	6.58877004308354	6.59631064606051
7.86593465445568	7.65569564893288	7.65764188640729
6.44369541220562	6.5286676646538	6.55365958787865
9.90518484364585	9.9488328929457	9.95210020128133
9.10065547712218	9.1342273265783	9.1709219422897
7.19845638885418	7.12368658146064	7.20027718745265
8.68678636163398	8.61766778925047	8.55889537120364
9.44610801736204	9.44410884799833	9.47293679152858
6.38415479814776	6.35496215342382	6.45371199589138
8.67999308487312	8.82832632196357	8.79482819461984
8.9127317353061	9.01515363412495	8.96973804984908
6.26707725592407	6.30408174126876	6.29546097412995
8.80899745394539	8.83799003644184	8.80745152000953
7.95252640467851	7.98382882975894	8.05701891980208
9.02518350474523	8.82485924781365	8.75483404878051
8.61348558574847	8.39728711528873	8.32431343112762
6.9020716890897	6.98145955386931	6.94244047072277
6.94184999626313	6.93333260819816	6.99243109851186
8.57405781927592	8.70927021479118	8.69041397217504
10.009855746169	9.97753284750332	9.98766104144294
6.49525916391188	6.60179285422911	6.60276187819855
6.57464315192258	6.60826044901835	6.53354107312961
6.79411881702898	6.82921167410549	6.81766037226071
6.61664110259478	6.72890889466212	6.76973078341646
8.32528771521276	8.2674268577012	8.23160774022283
6.51204559692587	6.45163803108711	6.42487676745292
6.57464315192258	6.4730571878269	6.63773713540525
6.22017713461363	6.22633435798116	6.22193916965852
6.54775983492209	6.4976508833504	6.67800740409079
6.40826663713625	6.50806406376669	6.46791637470773
8.83313571271644	8.96563680492247	8.87497199291863
9.31831122371086	9.43458625500081	9.39283414379626
7.34150801189432	7.34507824819278	7.47804475202985
6.5313861059115	6.49416305711851	6.58983044204219
6.56126409856578	6.49066678017687	6.53354107312961
6.54232254300525	6.5422417556865	6.62828219404234
8.46332430872583	8.51727716037432	8.57866764475046
6.83471953891462	6.93075459130054	6.99978251808553
8.06012962302373	8.10997317835376	8.18507221418709
8.88453742978646	8.88402876978333	8.82411262411601
6.59841721989522	6.61469918422627	6.62511672917286
6.49525916391188	6.41521741081984	6.44655702726078
6.66747586361238	6.65586489803415	6.6502481166347
8.97359261232591	8.9794242234953	9.00060303352036
8.98365826834022	8.8304025741398	8.83990096634829
9.16620108709523	9.1509378594028	9.13130604216685
7.94944832871793	8.00113524093295	8.02374852747388
8.44304094972181	8.51727716037432	8.48573286293916
6.35963322144756	6.42624043823026	6.43575761281634
8.30776739380487	8.3709026194115	8.38919871318689
7.0280198622064	7.0661191815104	7.0288192647107
8.86887390430587	8.80458423375626	8.85281443749613
7.50975898101201	7.51476756495379	7.63106122024709
9.2221117444355	9.19833177230953	9.18925792072387
8.89684042415795	8.81720222864649	8.82065739233678
8.77578561467375	8.72869502968874	8.7649370053157
6.80551186796691	6.83749322644354	6.87475047609157
9.4340461217484	9.55666063351076	9.55341191561303
9.92986228414536	9.74196822950561	9.74385966399835
7.30183280900211	7.25520515606263	7.33425076616573
6.46970759392264	6.40410953266596	6.46083166285355
6.89781998853034	6.94103913614756	6.85597031226316
10.7508474831259	10.7116783623797	10.7241722594173
6.46108886196815	6.48716201148415	6.43936640522287
6.46108886196815	6.4659527361147	6.47847864729195
9.08624736720824	9.0248562750995	9.05513688188162
9.05078202870611	9.17128446518347	9.03678998023584
6.48679214628112	6.45881313369527	6.44296619510652
6.67494893834824	6.80125809060267	6.69622128001722
6.60103476548239	6.74073132596135	6.73784699171053
6.3992718442519	6.34725021637266	6.38051390413817
9.83492223468424	9.80139038816611	9.81608617594335
9.56551166193917	9.61764203863266	9.63908117642518
6.48111974060179	6.47659633997409	6.46437836670861
6.81681566411046	6.68062602573585	6.66265155377437
7.03190519433455	6.88087621317091	6.97761492817019
8.80843126562811	8.97192015209893	8.90203532326567
8.81858881363926	8.82763357337137	8.90334258805365
9.24530617073555	9.16087205503903	9.15289958239687
6.42313447719919	6.49066678017687	6.50627248044192
8.85632904276399	8.90650867127524	8.9234551676567
6.78263509076178	6.58221429644153	6.55032592085243
8.96142038554247	8.97192015209893	8.9234551676567
9.25531167382805	9.21484996326679	9.24651746489215
9.08951341179509	8.95362252367916	8.99141267359106
6.73814388176476	6.61790780973429	6.78115240638727
8.88722093296144	8.64702139308798	8.73147240233352
8.90321796895718	8.75735050095611	8.83305768964943
6.36272130317623	6.41890111702791	6.35399143203103
9.1185797873382	9.10193398118949	9.04983435512573
6.35963322144756	6.30408174126876	6.30340356194158
6.59841721989522	6.52183243296609	6.47496647293709
9.5920717563486	9.57617611455091	9.58552628448626
8.98466098218743	9.14372038036711	9.1357619127997
9.00308657907696	8.92799745864128	8.96786498381952
6.99854150986144	7.13940222309434	7.05728316545538
6.49525916391188	6.4659527361147	6.44296619510652
8.13338814055235	8.10997317835376	8.22743872050461
9.35909044622607	9.47230521179095	9.40764922988459
9.10895591631902	9.10879291046703	9.12515666181354
9.47422335903904	9.47761402512056	9.47996322204085
6.49525916391188	6.53886018514868	6.55698557099723
6.35963322144756	6.42624043823026	6.37298566529243
9.04021130880374	9.07182926741925	9.10881788794673
6.36580279069066	6.42624043823026	6.37298566529243
9.4795679004865	9.56624374888988	9.49521526399876
9.61782859891699	9.7245841832883	9.70765359898705
8.63663518925248	8.63281584607832	8.62060001955698
9.53126571883253	9.49996104853986	9.51202259373448
6.90842584094943	6.9739664754579	6.9373448104751
9.09416640102623	9.10708123280523	9.15069967586435
8.99365418323874	9.09042946683005	9.12739583398999
6.53686468537917	6.61148340796686	6.51313809002468
8.91536335215699	8.93508984470251	8.86359999964928
8.32370372163906	8.21435672316671	8.11684218230311
13.0176848217677	13.0291614599037	13.0099696116418
12.0766396793245	12.1677719844509	12.1207159917695
6.65241259160325	6.67139032486083	6.65646316255601
6.68238350879326	6.701948847429	6.88537326105013
9.94049503711916	9.77396432429772	9.83778544997299
8.54103948682043	8.54619887766948	8.54304784665769
9.7022359596499	9.66610996703849	9.71213612250125
8.86397802810167	8.91240106372826	8.86359999964928
9.32782463926953	9.48904987250217	9.42686597841392
6.5313861059115	6.54561542018709	6.57350145618739
7.36633928064543	7.15052379323293	7.21087384604492
9.38134181533541	9.37987703575677	9.31048673119607
9.18114879307169	9.15038394881395	9.1736330688905
6.34096465629324	6.30408174126876	6.33086333568358
8.87267035467213	9.06184950108243	9.09229195403261
8.82195883258998	8.85440727927161	8.8948241162447
9.43331184649758	9.41673293362153	9.37032229398556
7.32576860997255	7.27159724266172	7.30091393969194
6.58261144248986	6.51496466969629	6.5702133674328
9.84157882646883	9.77827296117022	9.79968257068903
8.92688577640069	8.94725880105617	8.91246042398878
6.46684039916405	6.38916475923226	6.45727622030082
9.2032839188905	9.28111954189498	9.25524649375867
9.52714233092352	9.45894707756782	9.52948322536955
8.80843126562811	8.73166038482595	8.70697782515522
9.70862216916345	9.77324496545373	9.73029657305512
7.84179047999516	7.83872952300181	7.70788225875895
6.52863899620854	6.5286676646538	6.50627248044192
7.64020216981353	7.72578105316087	7.71087162566756
7.78651692139624	7.59674272668835	7.57474411133514
9.61102658973457	9.59990074997827	9.63397176754581
7.2527359488186	7.11007842982246	7.14388385141181
8.21083873120779	8.20158072139186	8.28974331661516
6.32522088510779	6.42624043823026	6.3113026741611
8.44085072236354	8.37659720183512	8.39199517000748
9.64027309998491	9.55666063351076	9.57940570919754
6.42903898476038	6.44442707357185	6.46437836670861
9.24321292815993	9.20047380911186	9.16275785929783
8.99315602894827	9.10708123280523	9.01579138578425
6.64228233393293	6.69284905107602	6.71122583068914
9.13492994789256	9.143163691224	9.17579830791572
9.40737389670281	9.31116569842069	9.36463901350623
6.55047081704957	6.52183243296609	6.54027845929853
9.2322788367164	9.24681146883833	9.27406434869415
7.09082716958267	7.13940222309434	7.21087384604492
8.73584823902486	8.73017846913393	8.73954570872323
9.55474918281795	9.60354744175706	9.55341191561303
6.53686468537917	6.5854958927995	6.54027845929853
6.90419285040611	6.84846187142625	6.90899238352839
6.75704449474612	6.71698879649484	6.71718423402367
6.33153901989301	6.39665649258982	6.34247371741431
6.45531430871989	6.42624043823026	6.44296619510652
7.81948500088793	7.63683844743023	7.63106122024709
9.45662524906307	9.48158285429705	9.56955845610316
7.51393217846293	7.57544409294101	7.65298662375562
8.3355414987913	8.21223523085886	8.17536582841521
7.94636367164264	8.07887390371723	8.08839042712857
8.63472018012261	8.76315884734382	8.73147240233352
8.65186443560377	8.74199139104963	8.63640880166848
6.93771407545889	6.92558469751406	6.95005037663021
9.03538071224534	9.02606452992268	9.00973521913369
8.93728144469718	8.97630226912856	8.95468498583702
9.65262807146134	9.65130920548887	9.67013153114633
9.62459868855613	9.64069983167924	9.64339043356796
9.71528230140113	9.70397153985742	9.69563166360621
9.53126571883253	9.45805212218491	9.44538147886068
9.06175104326401	9.17890896445727	9.1396495421547
9.09648728017888	9.11505174433004	9.03798071817843
9.21870672884751	9.33036541050777	9.29513187677424
8.84533108958138	8.80387998773565	8.83921809753717
6.63208045332628	6.62430373518651	6.59631064606051
9.00703973849359	8.92151943856549	8.94963219159238
6.51482444820515	6.51496466969629	6.51655868388375
6.48395873068733	6.50460134636936	6.51997118845828
8.75360409490215	8.65563420144441	8.59170020415091
9.79002912835883	9.77000340451282	9.76702325853593
8.83758233200331	8.87466955569829	8.88493220079816
8.08465304112082	8.22807090057163	8.1904365664173
7.06451479495907	6.9125783346328	6.987509260439
7.2173462082113	7.12819425919641	7.13055091706266
9.33019322333304	9.20847824058227	9.28112109615545
6.44660891865686	6.54898121552519	6.54363539251388
8.09676018331898	8.2704886599047	8.1882932184249
6.35653851722894	6.36263309596386	6.43575761281634
7.69513960534331	7.66813156689275	7.62631925398391
9.36949155187834	9.30620125973451	9.30703376289821
9.42114203635892	9.43867506512463	9.40118634149954
9.48878512764828	9.50949509310115	9.51416328768338
7.8025266255902	7.79545594214947	7.8515999395068
9.01147413344524	9.01210812786903	8.98463567192037
9.10019293837832	9.01149825438037	9.10484616720797
6.42017313877616	6.28402453183338	6.33861395998504
9.19334343356476	9.21749656461781	9.26137651656706
8.87915540251936	8.95235202278627	8.96786498381952
6.48962000922712	6.33560448076918	6.36161915266111
8.76473748424414	8.77972875285387	8.7009765860627
6.47256910301237	6.4730571878269	6.50282738702386
6.36272130317623	6.46950933416835	6.30735852274161
6.56663061490229	6.67139032486083	6.64713052622453
6.53412799570319	6.50113029961713	6.57350145618739
8.9522233423853	8.94150735146563	8.9324471674567
8.97561136956202	8.96815342861309	8.92152099732033
6.86116557349646	6.76119032222165	6.75821802837199
8.64807216871831	8.85372694445289	8.77496970486493
9.69122197028801	9.73791835849166	9.79405553807106
6.58789929511724	6.60503027522859	6.61238496725281
6.57730414089029	6.62110931621617	6.51655868388375
6.56930640717477	6.45523004196073	6.39916445021816
6.45820447385518	6.42989614812877	6.40286580729004
9.06744107078734	9.06008117725859	8.95657523062037
9.76310846684659	9.75368544067224	9.79687179780514
6.53959619462263	6.60826044901835	6.62511672917286
6.35653851722894	6.32386399834494	6.3113026741611
8.96040138237883	8.94534419768201	8.96724008768533
7.9287582666617	7.85785492658389	7.90869315059874
9.5340081113599	9.50992696532229	9.54338500836712
6.70202376923102	6.64332315000961	6.64713052622453
6.62951867305891	6.68062602573585	6.72015423428455
6.38415479814776	6.46238735046446	6.37298566529243
6.8413766285492	6.90471786588464	6.85326736574897
8.88722093296144	8.89597351338684	8.90725729017609
8.87050217791482	8.70625843132269	8.71295420426525
8.79191439500588	8.85644636089711	8.84467201926528
9.881693626443	9.89297618671161	9.90327976600967
6.35963322144756	6.37785372434019	6.36161915266111
6.58525779101367	6.56236643379024	6.54363539251388
6.42017313877616	6.42624043823026	6.38051390413817
6.64988668687233	6.57892522007116	6.59631064606051
6.35032912730634	6.28805833718087	6.35781033213083
6.42608975093265	6.4836487096994	6.46083166285355
9.20758459714363	9.19940318825643	9.19674081375374
9.24572445504241	9.32546671328725	9.32860210005458
6.39626107748782	6.46238735046446	6.39916445021816
7.73620322171738	7.51648794158919	7.55325344404095
8.310968773142	8.21753312380999	8.27264844821482
7.72904110728184	7.74938186659414	7.68526236617312
9.67981372967431	9.69943482892727	9.6835087076563
9.741322960168	9.73015507452159	9.76594573289655
8.78732454180967	8.70097263374375	8.76565594505386
6.50087636694872	6.5422417556865	6.58005524107759
9.08110002609205	8.98936931950784	8.97347690224345
7.07208170764682	7.01104869230546	6.93479021592269
6.62695233658048	6.40410953266596	6.42487676745292
7.22075430728307	7.35472715360398	7.31473427869413
8.93520829502783	8.71377613389889	8.7649370053157
9.1098752463545	9.23118116838238	9.18442691322283
9.58613822335094	9.56083502925369	9.62963424289568
6.67246221135755	6.67139032486083	6.65646316255601
8.94965816868078	9.03509432997279	9.02902613574584
9.08811458366501	9.18270615669878	9.14020406358509
6.90631089798366	7.00860597548558	6.98257057556256
9.35986347531888	9.36658485563501	9.36131339799686
7.49435314628095	7.38517704133618	7.37816142349301
9.07122199309998	8.94853379317457	8.99509584590006
8.13970350756619	8.18761117457835	8.22639458048165
6.52312903731952	6.58877004308354	6.52337564191046
6.32838341026703	6.19230263571311	6.17075766976449
9.80230849721054	9.63556365417799	9.64885639231686
8.71061709286022	8.67424919217599	8.67518909901465
8.0911848937755	8.00236350543545	8.0165182308285
7.84621049002209	7.93320635974067	7.85700727531491
8.66693459990767	8.56044518258684	8.50910453883287
9.83880897813442	9.84071793854331	9.84017645669964
9.03392837365625	8.97442584857896	8.88691601724242
7.53324906793201	7.37573030239983	7.38191732905856
9.52851810342851	9.54153200121051	9.56005801297265
9.23058928924984	9.15536150467643	9.10200251456303
8.39029223973571	8.50865924965806	8.47785740331607
6.62951867305891	6.62110931621617	6.63144072989531
6.65745117468159	6.64646882150105	6.64713052622453
9.67267638196171	9.74049686417556	9.75367719653191
9.6310169900694	9.69640240990393	9.70428254277569
6.57996023174756	6.69892195391044	6.64400618544198
9.43257719734047	9.49647844238595	9.49478172160731
6.94184999626313	6.93075459130054	7.01679155505107
6.54775983492209	6.64646882150105	6.72015423428455
9.13853828979405	9.23222847327123	9.23669858020995
6.78263509076178	6.86476006401502	6.75532542923075
7.54281138447661	7.61130588320152	7.70488668505349
7.17053112886146	7.25932067030086	7.23391611389496
8.64490431384859	8.61686610017949	8.65980184311483
6.89568943083078	7.02077841359492	7.07826854219069
8.84533108958138	8.98812992516351	9.00426284738891
7.77497166376814	7.92156729788383	7.89035156214811
6.97653473319009	7.06376801626255	6.98009487945942
8.74238412052622	8.78829895884822	8.792007948254
6.40227634244672	6.29609227847919	6.35016239888543
7.2173462082113	7.46752458865708	7.36683468308249
6.53412799570319	6.49066678017687	6.5369136983649
7.21905126404306	7.09634070865436	7.15270451366696
7.09268839017881	7.17251300851591	7.14609407759391
6.52863899620854	6.61469918422627	6.5995398674175
6.58525779101367	6.701948847429	6.6502481166347
6.55317671550438	6.60503027522859	6.55032592085243
6.46108886196815	6.5854958927995	6.50970936844695
6.75938975809441	6.76408949846715	6.81488462893741
9.05556141628191	9.06948729020026	9.07383402509093
9.02713139489943	9.02606452992268	8.96536377362707
6.55587754931304	6.53547067143917	6.54363539251388
6.49244234124113	6.53886018514868	6.50282738702386
9.25198421025704	9.30421069112663	9.28011510019904
6.58261144248986	6.68062602573585	6.61557845483364
6.63973861789889	6.64332315000961	6.5702133674328
7.57112385435221	7.5335798140098	7.62631925398391
6.91895430325722	6.98394862414222	6.89591840979483
6.45531430871989	6.56236643379024	6.55365958787865
10.1193618400311	10.1767184993225	10.1602475872416
6.53686468537917	6.565693427513	6.55365958787865
9.89934780165544	9.8773291502269	9.88288187676761
7.22585140882103	7.46039217863894	7.30091393969194
7.83290962769528	7.90721307114396	7.91648300788185
6.89355572247871	7.02561877995499	7.04549137216489
7.0338439439731	7.11462875601249	7.08289079757131
7.10010935571432	7.06141301343109	7.11031761531411
6.75704449474612	6.73187359608733	6.72902773092733
7.19152558074923	7.25726438059082	7.25454900990228
6.96844831184486	7.15494852809387	7.09895306626812
9.65168143638419	9.5897224173484	9.60935173246386
6.73814388176476	6.81250459335637	6.82871025376844
7.00843469658423	7.04720170023429	7.06664770136116
6.50087636694872	6.50113029961713	6.57678206943307
6.75469541326924	6.73778478693879	6.68714308068321
7.40580025171831	7.39081553700592	7.30685315963801
7.0299638360885	7.14830632683025	7.13723278517665
6.62951867305891	6.66829857451498	6.65956067570847
6.51482444820515	6.54898121552519	6.51655868388375
6.63208045332628	6.59203678100172	6.54363539251388
8.48048592364834	8.57702739925501	8.54052961602617
7.34775600897673	7.51132064523202	7.48504623056107
9.44355784683591	9.49167609057483	9.50083949131857
7.04542205110061	7.11462875601249	7.01195225605264
6.55857333739547	6.67755402235865	6.54363539251388
6.53412799570319	6.55233917831816	6.50627248044192
6.42017313877616	6.42624043823026	6.39916445021816
7.70125216435326	7.76683252434981	7.70488668505349
7.32418518486437	7.3236207439278	7.26881845968036
6.42608975093265	6.54561542018709	6.46083166285355
8.97863421874159	9.04406796439404	8.99448263646455
6.53959619462263	6.53547067143917	6.51997118845828
6.48679214628112	6.38540425664521	6.43213977275669
6.39324401594881	6.39665649258982	6.46791637470773
9.3525029214488	9.3860070210479	9.40442140467699
6.1996009110718	6.16624162384805	6.19657530063145
6.77105923445035	6.74073132596135	6.74077480711628
6.89781998853034	6.94359885882768	6.91159302241717
8.72388842405004	8.89993321847592	8.93883588355665
6.61664110259478	6.69892195391044	6.67800740409079
9.55677327282154	9.70849402935312	9.71586094908563
7.976917417636	8.20371792726402	7.99215214559825
6.53959619462263	6.59854815343316	6.49937404892721
9.49019795039679	9.44320463756535	9.52099224081593
9.69582135538213	9.74233583648859	9.7354435604091
7.4500301796798	7.43332714446427	7.4334984939022
8.03421395180125	8.00481690185215	8.04285402269075
9.95514815164266	10.0099539307534	9.98426768828825
7.87028142183465	7.79261901994134	7.91259333676002
6.47827515405146	6.47659633997409	6.48198229404616
7.00250692842083	6.95125089251136	7.03836975960089
6.36272130317623	6.31992918187674	6.45371199589138
8.92531994512689	8.88802134944145	8.91635049660703
6.61145772212829	6.49416305711851	6.53016054675229
6.63973861789889	6.65273966590949	6.60276187819855
7.59495718031784	7.47285085215191	7.45505240935319
8.82532099785779	8.8448532722934	8.81927297924734
8.21511694907705	8.16804266657824	8.15246036617916
8.03421395180125	8.10655062370199	8.05584380904648
8.70210769091276	8.71677228055834	8.7941236497129
9.01834510328305	9.11902054765665	9.05101437978161
9.10111786762106	9.01210812786903	9.04688006393626
8.8818489258633	8.85304628865845	8.81719386553244
9.00506451279295	8.96563680492247	8.94074699462569
6.35963322144756	6.33170159000907	6.38051390413817
9.37217593875273	9.40377753092499	9.34745359447579
6.80324044313649	6.7669828611945	6.77259467630209
9.61459354627943	9.63160026808092	9.58226520931916
7.69758773749576	7.70329907205724	7.71534409438863
9.32624342009188	9.2780802211657	9.33733340873503
9.25821692224474	9.28717904184278	9.28011510019904
8.86070485601846	8.87534008825634	8.83579889677118
8.74356928798007	8.73831023261434	8.73073622022448
6.49244234124113	6.55233917831816	6.52337564191046
9.46885894487617	9.40098617226604	9.34985273504559
9.13763705004259	9.13254557826824	9.11277870466391
7.31305228304515	7.18338320747706	7.18960212602833
7.09825768956561	7.13268789786855	7.03598805592137
8.39482524093148	8.25820226967148	8.27264844821482
6.62951867305891	6.59529614003378	6.57350145618739
9.03634812636387	9.03329288566216	9.05690006874706
7.70490730756261	7.66813156689275	7.62631925398391
9.3206954652869	9.33524753045517	9.31638694582272
9.35211448166894	9.33914136595532	9.30950101183796
7.95662031707542	7.98507191033214	8.02254599154057
9.39007147136827	9.29120461531322	9.34649282002945
6.44951655451329	6.34725021637266	6.36541794667603
8.77404678795737	8.69338774101899	8.66057511609339
8.70697635031947	8.65407205588372	8.57948563787787
9.38855705975432	9.38129396129346	9.30950101183796
6.69958330667215	6.64960765023425	6.65646316255601
6.46108886196815	6.45881313369527	6.45727622030082
7.51115138847375	7.59185549037991	7.49721765187575
8.60959094545854	8.70475017854082	8.68889869458648
8.09025358057788	8.04470696552071	8.11119654159834
6.38719090289879	6.44803705657019	6.42123151023389
8.78272003976737	9.11050255973615	9.03201717629112
9.51226932123547	9.44094162900273	9.48302655712462
9.71920343049892	9.55916672009103	9.55673879136943
8.8353607354948	8.82277499691373	8.86561334660229
9.6626870513316	9.66881993854778	9.64534493984621
8.85906548097816	8.78687412194196	8.78776721462622
9.33884491277702	9.33914136595532	9.33733340873503
8.52871797605512	8.52755115858328	8.51339138320585
6.56663061490229	6.43717990108912	6.51655868388375
9.28043433355805	9.29521898746373	9.25011816941441
6.55317671550438	6.53547067143917	6.5369136983649
9.12632379177991	9.23484341411986	9.18335115557307
8.6600469762227	8.69414802726368	8.75120863540512
8.85578113173229	8.81790000302136	8.83031126419673
6.66747586361238	6.7669828611945	6.81210353552818
8.85851860840256	8.85780414930476	8.94265557744873
7.62741916279352	7.50440200189958	7.60237278299011
7.34619654446173	7.29584138406086	7.35923381827835
9.1434850699854	9.22540736202172	9.21317324174872
6.44951655451329	6.44442707357185	6.45013894614574
8.70879787003688	8.72423553741827	8.67901040636816
6.70932048847359	6.67447546474117	6.80931707137208
7.7409582882784	7.79261901994134	7.77511769301874
8.93520829502783	8.92022033671844	8.90334258805365
9.02518350474523	9.18649338096214	9.19567420232681
9.50180124609583	9.55666063351076	9.51800855046574
9.37600213345183	9.38412364435556	9.38677178692428
8.17351274198757	8.2395742427747	8.24507444978961
7.34307254958184	7.32754591950338	7.27084548063863
8.79991166827761	8.65407205588372	8.67901040636816
6.81681566411046	6.7899232391529	6.7953034578104
6.50087636694872	6.46950933416835	6.43575761281634
6.57197724674927	6.59854815343316	6.54698453433968
8.44304094972181	8.37375272027238	8.36093191279161
6.44077601141129	6.41152427699759	6.52677208213313
8.86506743730007	8.74419558603542	8.74173970133797
9.33452555342641	9.53814842938706	9.55673879136943
8.98014327151798	8.90650867127524	8.9324471674567
8.89790530800752	8.85916066104541	8.85078313712551
9.50948525287724	9.45401793848272	9.5222690786897
12.2783407754928	12.3617844341334	12.346714658101
6.99854150986144	6.79560179512183	6.9601348836296
7.77032756718198	7.93449381176063	7.8650804682541
9.43110677578286	9.31265170494607	9.37362723119985
9.40924215218307	9.26073540231885	9.26646504719909
7.65161083345681	7.61130588320152	7.73603423033611
9.62684834352779	9.63001185990593	9.59566989182161
6.47256910301237	6.42624043823026	6.51997118845828
6.52588664668551	6.50806406376669	6.51997118845828
6.7452606561513	6.75828530905269	6.73197347794304
7.57778381144503	7.7017877434501	7.63735969465149
6.69713870949947	6.53886018514868	6.63459236699461
8.26466451117279	8.27354397798517	8.2696105670482
8.9609109739277	9.0284780080847	8.93692223753458
7.96781904227881	8.01823651017756	7.92808949417864
6.5036767898655	6.46950933416835	6.45371199589138
9.57652701332293	9.53348302282002	9.58674728975568
6.81456197820073	6.95379257875544	6.9973362043136
6.81681566411046	6.68980298798243	6.80372794757508
9.89642040062619	9.9015596396096	9.93941203287465
6.46396749610241	6.45163803108711	6.43213977275669
6.57197724674927	6.51151849168041	6.50627248044192
9.86735871157467	9.93603461195642	9.87190617655672
6.60625565482424	6.67139032486083	6.49244248022101
8.9563181570731	8.80669491153253	8.88493220079816
6.51204559692587	6.4659527361147	6.43575761281634
9.51920607737255	9.55666063351076	9.56336961556162
6.83249366616542	6.76119032222165	6.82043078604006
8.94451409772113	8.80880250590268	8.91246042398878
8.66067448436572	8.59992689576271	8.65825405265476
6.50647178854232	6.4836487096994	6.62511672917286
6.39324401594881	6.35111133657165	6.39545357490347
9.4713648205976	9.32448497465021	9.33442883992901
6.45531430871989	6.3588027217573	6.42123151023389
6.41423216796066	6.42257544362037	6.36920676681207
6.39022063326457	6.29609227847919	6.37298566529243
6.57464315192258	6.49416305711851	6.46083166285355
9.77966773325351	9.85947861087612	9.82990126744646
6.88713559998986	6.89945366197927	6.89328933898035
7.83179566754772	7.8373536720753	7.87976500291311
8.68370247337765	8.81090702586234	8.81927297924734
9.37485534014976	9.31660692225553	9.33539767942358
8.4008471720342	8.26435854379488	8.25124771000083
9.04550635021641	9.00538529776748	8.95846300202905
8.86833073780019	8.88802134944145	8.9144067714332
7.00448555832425	7.12819425919641	7.05257800621854
8.14150283214583	7.90721307114396	7.8704376081561
9.01147413344524	8.89993321847592	8.90334258805365
6.38415479814776	6.32778811504994	6.42123151023389
6.99456516299881	6.93847486429479	6.91678028005264
6.58789929511724	6.58877004308354	6.53016054675229
6.44369541220562	6.57892522007116	6.54363539251388
8.89043456192112	8.81999130353084	8.80745152000953
8.2761759175872	8.33820173216223	8.30168947735394
8.7775223481885	8.87601030931302	8.87829970846693
6.39626107748782	6.42624043823026	6.41024016109706
6.48679214628112	6.50113029961713	6.52677208213313
6.54775983492209	6.66520018531937	6.54698453433968
7.97993750339594	8.08120068436177	8.08493820160733
6.44951655451329	6.51151849168041	6.47144572937843
8.87591652242525	8.86659876204136	8.90203532326567
8.96396474904588	9.0811593425315	9.07499458999871
9.37447287305325	9.45715661128648	9.48258933585949
9.51261695232343	9.43822132472748	9.38302840416451
6.48111974060179	6.40038782429771	6.41391325410042
9.33962886335152	9.36419831105585	9.32128542537373
6.8190658354278	6.90734278304234	6.91936693231755
8.77404678795737	8.82763357337137	8.84058351209367
8.96294754205173	8.98440534088596	8.91635049660703
6.50647178854232	6.48716201148415	6.49937404892721
6.35032912730634	6.38163392883555	6.38426334692198
6.56126409856578	6.60826044901835	6.50970936844695
8.63216287408757	8.75516632807512	8.74465984433409
6.72380415498758	6.74367186019334	6.71718423402367
7.79911089870608	7.91244932883302	7.90999438449943
9.67702505813503	9.68688480904123	9.61853406359631
9.78802023215204	9.764222584266	9.75729643232776
9.571196739507	9.48026112399419	9.55507631246605
6.58525779101367	6.68369150271679	6.63773713540525
9.11079399094074	9.10536752193192	9.05690006874706
9.17720709471854	9.02968323480065	8.99202718899946
9.92803907845898	9.87297111626587	9.87157227257001
6.60625565482424	6.63384477905383	6.72311813387604
7.70490730756261	7.71083205845537	7.83799226398933
6.85898015686806	7.01835212745086	6.90638704876218
6.56663061490229	6.49066678017687	6.47496647293709
8.23884331163676	8.1370651930797	8.15355938832241
6.44077601141129	6.40410953266596	6.38051390413817
8.94193516776694	8.8686206971814	8.82273152426417
9.42040116230456	9.36515340268409	9.4104102008737
8.93676343650263	8.89200291042575	8.92538674840967
6.42608975093265	6.4730571878269	6.45013894614574
8.90003272058142	8.88602644075694	8.88691601724242
6.56930640717477	6.57562862951738	6.61238496725281
9.51052990821332	9.56956214103121	9.61534683366068
8.52527657568304	8.57702739925501	8.57128476089305
8.79076829993989	8.78116066061305	8.77425539261619
8.73107620381256	8.69642648499338	8.72335366388732
7.66793236108755	7.75376435899613	7.80480044852564
8.81577443864792	8.7122757239911	8.68129834187767
8.77114407814192	8.56127883563139	8.67135764327534
7.81610923497932	7.85241634707595	7.7893285247705
6.44951655451329	6.52525409598812	6.48198229404616
8.78098955572898	8.72349094670013	8.7039803260262
7.54824724454394	7.44240535202995	7.41345381948216
6.58525779101367	6.71399332174566	6.62194430482452
7.57379152749227	7.52334900723759	7.61678830702401
8.83034959992187	8.80035359180488	8.80675311428643
9.61037710361803	9.63556365417799	9.63751097704965
9.66331341496184	9.52922861219049	9.49521526399876
6.40826663713625	6.54561542018709	6.46791637470773
8.55595758986491	8.57620279941662	8.51339138320585
6.46684039916405	6.5286676646538	6.51997118845828
9.14393393733631	9.1139157922861	9.14684174908723
9.90306501437007	9.92894686085057	9.91272261207943
8.73047858803771	8.86322256021679	8.84058351209367
6.44077601141129	6.36263309596386	6.36161915266111
9.83325327666799	9.81368648457356	9.81678008148573
6.40826663713625	6.47659633997409	6.39173313227846
8.83090725308363	8.77829542249431	8.78564216413699
8.97913741173764	9.03869048444094	8.96786498381952
6.57730414089029	6.565693427513	6.55032592085243
6.71899240177375	6.84572751736579	6.79248432851345
9.02323298106005	9.00905617903746	8.97720609022876
9.21785421777954	9.22382866893042	9.23202410162698
6.30930345633919	6.27185501918386	6.31523607510945
7.90353205044504	7.93578011592416	7.9319376660558
6.8806867832095	6.88620850768586	6.86940961118921
6.50647178854232	6.44080803691679	6.42123151023389
6.53959619462263	6.60826044901835	6.5995398674175
9.32426445591628	9.48773496854945	9.41408329543568
7.68283624259109	7.75813357945003	7.70638524936623
9.73418615069997	9.65130920548887	9.66782579461406
6.47827515405146	6.55903175146595	6.56691776902932
9.04886583156467	8.93573288150234	8.9273157465041
7.8724499043029	7.84421984352143	7.91518761567919
6.35032912730634	6.38163392883555	6.35399143203103
8.58004111507326	8.44684793619349	8.42786428757231
8.67751485008325	8.59423600700326	8.58030316747999
7.88431864591248	7.88074286551976	7.81872328841422
6.57730414089029	6.59529614003378	6.71122583068914
8.80332554686324	8.67963362728741	8.79130202439822
8.8893641474443	8.9176186183729	8.92667303367503
7.02412403927742	6.99632997142429	7.08289079757131
8.86015860462922	8.69414802726368	8.71369951392975
6.30609879315032	6.38163392883555	6.29147322685107
6.6549340824074	6.61790780973429	6.69622128001722
6.8720432795121	7.02320062654575	6.96765227699105
8.80275712779427	8.68576276067906	8.70473028487303
9.13492994789256	9.16745705167457	9.08539787490582
8.17702595184816	8.28872425967765	8.32528907894468
7.17229238185192	7.05432485365937	7.07130727525496
7.90140981976587	7.84421984352143	7.98228930771137
6.60103476548239	6.57232449037456	6.5702133674328
9.83158238571285	9.76856036957472	9.78876018747405
7.65665253634539	7.59674272668835	7.64987474939367
6.53412799570319	6.68062602573585	6.53016054675229
9.77039471392003	9.81228650893652	9.78131389103738
9.05889759175882	8.91240106372826	8.89219289672027
9.24530617073555	9.22224824644373	9.25319735103974
6.44077601141129	6.36645333000352	6.42487676745292
8.33396872927929	8.45225105237613	8.41966559798195
8.99713645532862	9.07591860170963	9.01639560655618
9.38134181533541	9.32644778431869	9.35988578412438
8.94502933097244	8.9875098284869	8.97347690224345
7.28727837543876	7.28981843424221	7.36683468308249
9.59272953392847	9.40609954464043	9.47777113635633
6.40527459811467	6.40410953266596	6.36920676681207
9.74043278732434	9.74783873056342	9.786990742602
6.45531430871989	6.38163392883555	6.33474385129324
6.50647178854232	6.42989614812877	6.54698453433968
6.66497621308973	6.69284905107602	6.69320155529763
10.112727243799	10.1506444386123	10.1784489716148
9.47921221303574	9.45939434715625	9.39655220246865
6.80324044313649	6.74073132596135	6.77259467630209
9.39649004451441	9.33329666456729	9.36795698066073
6.49525916391188	6.52525409598812	6.58332100479858
6.59841721989522	6.52525409598812	6.55032592085243
8.98165074749164	9.0004762146307	8.98772007420613
6.61145772212829	6.59854815343316	6.64713052622453
8.92844991005195	8.82347008183143	8.85619359539378
7.66042228513803	7.5318797096402	7.54824826719664
6.55317671550438	6.60503027522859	6.58983044204219
8.80956342015012	8.67270708388394	8.64737277384655
9.54152292174907	9.64856610984187	9.60131931350335
8.8381371970115	8.85372694445289	8.92216600892589
6.50926138394695	6.4730571878269	6.49244248022101
6.60885903274671	6.61148340796686	6.60597671052722
8.94193516776694	8.9725469843281	8.97596409830615
9.42114203635892	9.42316726738866	9.47557571487575
8.9563181570731	8.77038654966599	8.78493311782347
7.23093056685975	7.23235756305908	7.22348795245248
6.63973861789889	6.61790780973429	6.60597671052722
6.63463769352906	6.64646882150105	6.61876489033369
8.96447308371881	8.83109399472684	8.75700493186664
9.50145099875825	9.58358077026184	9.57284834758507
7.9515011088599	7.93834928885612	7.88374407156015
6.68485321082413	6.73483221855477	6.75532542923075
9.54492584738629	9.52025330293454	9.55549211182695
6.61922582711663	6.80125809060267	6.69320155529763
6.42313447719919	6.42257544362037	6.47496647293709
6.78953628824834	6.74953501182103	6.81766037226071
7.85829615575115	7.86192044933009	7.88374407156015
6.44951655451329	6.48012683317907	6.49937404892721
8.25804508990713	8.07770910467564	8.10893208489825
6.46684039916405	6.61469918422627	6.55365958787865
6.6699711913941	6.68675048096849	6.62828219404234
6.63719040972802	6.60826044901835	6.64400618544198
6.67990957241102	6.62430373518651	6.63459236699461
8.88829293818478	8.72497974404694	8.80325600524351
6.34096465629324	6.41890111702791	6.40286580729004
8.08932166580878	8.06012331951969	8.11458657641108
7.82173113130112	7.74351775825277	7.68678144240038
9.39912470870373	9.45894707756782	9.47777113635633
6.44369541220562	6.42989614812877	6.43213977275669
6.54504374998802	6.50806406376669	6.50282738702386
9.531608803117	9.49429753669797	9.47161551751899
6.40826663713625	6.4976508833504	6.42851283957353
8.80389374206635	8.61204658799398	8.59978617219751
8.46906755954506	8.49911970901009	8.45129098508868
8.91588909998225	9.01758541872089	8.9747210362596
6.55857333739547	6.49416305711851	6.51655868388375
6.62951867305891	6.64017060586505	6.54698453433968
8.25056175686169	8.27354397798517	8.24713513955899
7.68653828045033	7.70329907205724	7.71385481144593
7.98295128039404	8.01823651017756	7.98599577771177
6.8190658354278	6.66209512870655	6.70224183651671
9.36333698958578	9.11221018541428	9.17796030217286
6.55047081704957	6.45523004196073	6.47144572937843
8.67067767210858	8.80387998773565	8.80115366363162
8.9279287205657	8.80176518468963	8.86963163097699
9.10849603152457	9.11050255973615	9.03559825870412
8.61153957981451	8.42594648102158	8.50308147629212
7.34150801189432	7.39456232920572	7.46216608178137
6.49525916391188	6.46950933416835	6.46791637470773
6.58525779101367	6.62110931621617	6.59631064606051
6.63208045332628	6.55233917831816	6.51655868388375
9.37370763454402	9.39585461205223	9.42959045162704
10.1177631770521	10.1226792413952	10.0286694115835
6.48111974060179	6.46950933416835	6.45371199589138
6.47542494893311	6.43354262022892	6.41024016109706
6.40527459811467	6.41890111702791	6.43575761281634
6.64735635273688	6.60503027522859	6.57350145618739
8.91694002120587	8.80669491153253	8.8364833855093
6.99257287260001	6.95125089251136	6.9601348836296
8.13790193612144	8.23644605285276	8.2180141439491
6.86552650152205	6.96139088335527	6.98257057556256
6.53686468537917	6.61469918422627	6.57678206943307
8.51281911739442	8.46121152066909	8.44052591169567
7.57512351664033	7.5318797096402	7.5515869803175
6.72859991560604	6.77849864013541	6.72015423428455
6.62180592997271	6.59203678100172	6.61876489033369
8.77578561467375	8.63360872339119	8.70473028487303
6.48679214628112	6.56236643379024	6.55365958787865
8.82979173112569	8.8813608983465	8.88095636547088
6.80324044313649	6.74660641405578	6.76398588819096
9.28613898441835	9.27198230330578	9.26290496114848
6.49525916391188	6.44803705657019	6.36541794667603
9.58415494361452	9.66843311127986	9.65391344917341
6.58789929511724	6.63384477905383	6.55032592085243
8.0724434373606	7.82491161200135	7.9344974234893
8.8834626293503	8.89795472442529	8.85686847823667
6.56663061490229	6.5422417556865	6.52337564191046
7.98896001314673	8.06718337723249	8.08032234666528
6.99057782743831	7.07081004913628	7.1125798228142
6.47256910301237	6.50460134636936	6.51997118845828
8.80786485502387	8.80669491153253	8.8130266277015
7.63126597111156	7.84558916527762	7.88639070023614
8.785024127736	8.84211189467562	8.84194763560894
6.89781998853034	6.98643340790272	6.95005037663021
8.60438168295153	8.69870135004943	8.69419521794525
8.52596551279083	8.48688652859117	8.417837322346
6.86334768505434	6.85119105351845	6.85055934631267
9.10342759976254	8.99555037033428	9.03201717629112
9.48630935373839	9.48026112399419	9.48564710579592
6.54504374998802	6.56236643379024	6.55365958787865
9.47707624482483	9.47937929725485	9.52481936929597
8.92008819948539	8.90847547731502	8.93500604982573
8.00881028498524	7.83321822937427	7.88506799278523
6.76873287709655	6.77562830022034	6.82871025376844
6.37500796800508	6.27592293665142	6.2673125279885
8.5693869283968	8.53266085071981	8.51595738896687
7.0569079884808	6.99386218710021	6.9601348836296
6.75469541326924	6.83197747630439	6.91678028005264
8.83369229020184	8.82347008183143	8.79623625308166
9.48878512764828	9.35749490682052	9.4223137250161
6.46684039916405	6.56901276800024	6.59631064606051
6.47827515405146	6.48716201148415	6.44655702726078
6.49244234124113	6.55568934492846	6.52337564191046
6.6549340824074	6.64646882150105	6.74952277625222
9.32861459944408	9.45356899871682	9.42732041472734
8.9821528896515	8.91435985863374	8.89810640660688
9.22762781172985	9.17619055231509	9.19139985346789
7.24271285998472	7.15935973496687	7.19601663609126
6.44077601141129	6.37026347740909	6.38426334692198
6.66247222482585	6.58221429644153	6.67800740409079
6.41125248523135	6.37785372434019	6.41024016109706
7.26434222155686	7.38329263532453	7.40793841012999
7.0280198622064	7.16156029120632	7.20027718745265
9.47493710954814	9.46831074234783	9.46543352170299
7.85720163279578	8.04232052917556	8.01288944888348
9.73418615069997	9.69526360749108	9.75693491704894
9.12632379177991	9.12410730440055	9.15289958239687
6.47256910301237	6.41521741081984	6.44296619510652
8.79019491080188	8.72721006335365	8.74173970133797
9.36218008046986	9.25250041401368	9.29712235552791
9.20156005148141	9.26739189073494	9.24703240178326
9.40699995511078	9.38176596072747	9.44088736592794
8.62639230765922	8.5292564008768	8.51424722565845
9.17983608985293	9.0805779772306	9.08539787490582
6.56663061490229	6.3588027217573	6.39545357490347
6.55317671550438	6.56236643379024	6.5702133674328
8.70636866565634	8.72721006335365	8.74027741038009
9.54628477338274	9.46919935848805	9.48433742646223
9.21058746200514	9.25816701429425	9.27305341828439
6.67743138713511	6.64646882150105	6.63773713540525
8.75888851687097	8.86254637070257	8.82273152426417
8.7477097237195	8.74346122848847	8.68889869458648
6.43198220331462	6.48012683317907	6.46437836670861
7.67167278998746	7.62890795201649	7.60719397922159
9.34705522413359	9.33036541050777	9.35988578412438
6.37194609527795	6.38540425664521	6.34247371741431
8.82532099785779	8.81790000302136	8.83305768964943
6.85020523844749	6.90996293353225	6.79248432851345
8.40009580381931	8.38415518164314	8.39385646772857
6.51759795839141	6.42257544362037	6.55698557099723
9.03731489221161	8.95552617963257	9.02782798106294
6.80551186796691	6.70798365184891	6.75532542923075
6.75938975809441	6.77849864013541	6.80652521568827
9.15555573704048	9.31710056286476	9.29363721341374
6.44369541220562	6.39665649258982	6.46791637470773
8.4819068858701	8.68499804148429	8.7114624288505
9.4562638593358	9.41119485764639	9.43366753871556
8.69109276050189	8.91370722245408	8.85349090255476
8.81858881363926	8.86119304015068	8.84399140551317
6.85459936825104	6.86476006401502	6.89328933898035
7.95252640467851	8.2111733137046	8.14253131016198
6.48111974060179	6.50113029961713	6.49591242660399
8.86288779565252	8.8448532722934	8.8460322842639
8.84477898498528	8.77901226567579	8.82134910102214
6.5036767898655	6.50460134636936	6.51997118845828
6.82803159287684	6.93333260819816	6.90377700113158
9.56148513511162	9.61242296334325	9.66358901621139
6.72859991560604	6.64960765023425	6.72902773092733
13.332372280739	13.3553987274551	13.3305531809894
12.8213417828934	12.887943704926	12.8592771885203
6.42903898476038	6.56236643379024	6.56691776902932
6.59579491743018	6.5422417556865	6.59631064606051
8.92165971621134	8.91892006402504	8.94646518505216
6.44369541220562	6.31598360715239	6.40286580729004
6.24381771171197	6.16185199803086	6.21353398037259
8.72208586974206	8.62007018701778	8.63168432932717
6.89568943083078	7.10093449795104	7.01195225605264
7.4957604941685	7.34701319847845	7.30091393969194
8.54919575073429	8.3077261235627	8.41509055740039
6.45241834337996	6.31992918187674	6.40286580729004
9.35638157786832	9.334272427264	9.32372844220941
8.92375241254157	8.9794242234953	9.04214057859838
6.45531430871989	6.39291548765876	6.45727622030082
6.5313861059115	6.55903175146595	6.54363539251388
9.13898869863492	9.19296272474697	9.15783714127859
7.9999114449784	8.12471113705757	8.06288015931523
6.75938975809441	6.74367186019334	6.71122583068914
9.13628413392164	9.25868105782184	9.27961183904308
8.99763323734051	9.09676829952628	9.08769956365951
7.84510675635595	7.98009314875428	7.95859125005989
6.48679214628112	6.62110931621617	6.58983044204219
9.70345456197131	9.70434895593042	9.65235931884649
6.94391351933306	6.90734278304234	6.9219489557428
6.63208045332628	6.52525409598812	6.60597671052722
8.79991166827761	8.68958028826697	8.65902815545029
6.9147521328471	6.81250459335637	6.76110484032303
7.0299638360885	7.06376801626255	7.19174346626486
8.79534722752334	8.97817625232527	8.97409910336327
8.75888851687097	8.780444884382	8.703229977128
9.10711549691256	9.21060527643633	9.21527998656874
9.70740792578389	9.65170065087714	9.60373373843776
9.01834510328305	9.04942547494418	9.09858271621387
6.99456516299881	7.03044296241317	7.0288192647107
8.90851113817059	8.86254637070257	8.85281443749613
8.52458730943082	8.60316878174821	8.59574885309563
8.24805866187389	8.246847082917	8.29572876167578
8.91694002120587	9.14538916011319	9.13687373342827
6.42608975093265	6.37406359129069	6.46437836670861
7.94842084231672	7.9319177578139	7.89561585272136
7.21563913502572	7.28377023622333	7.32647582206185
6.86116557349646	6.87284063953309	6.80652521568827
7.46159936265447	7.46752458865708	7.45326849734863
7.07396725133352	7.04243331912063	6.9973362043136
9.18246030295824	9.18919246723619	9.10086348224525
9.36410774724471	9.50863096062239	9.51116542597446
7.04349880708101	6.92817195992148	6.95257811887341
8.90586698108768	8.975677066742	8.96097619427144
6.63973861789889	6.71698879649484	6.65646316255601
9.07781485756824	8.98564793768903	9.01699957437962
6.53412799570319	6.65273966590949	6.59631064606051
8.82251973787317	8.83454613590664	8.82065739233678
6.54775983492209	6.50113029961713	6.56691776902932
6.87637150367557	6.85119105351845	6.87741351326344
8.08278135291131	8.16146040081778	8.13698549750543
6.6699711913941	6.65586489803415	6.68105906090313
9.41483244631627	9.39304786687941	9.39236871200353
8.95734004733928	8.88934975772788	8.9716086872271
6.44951655451329	6.56236643379024	6.41391325410042
9.28491845673624	9.15425686432116	9.1983392537967
8.36510290059809	8.142645891471	8.19471373335398
6.52588664668551	6.57232449037456	6.62511672917286
9.42447126941579	9.32987628861784	9.33297435968155
9.73865079217904	9.76566996235176	9.75041210318768
6.52863899620854	6.47659633997409	6.47496647293709
6.44369541220562	6.47659633997409	6.50970936844695
6.46396749610241	6.48012683317907	6.53354107312961
8.61866213860326	8.68652707474341	8.72113151018875
7.71581750271778	7.87136235254471	7.962359024429
7.96578936536349	7.89271459363278	7.96110419262482
7.67167278998746	7.81934717783888	7.87177379077301
6.53412799570319	6.40410953266596	6.45727622030082
8.0714999432425	8.14041620188958	8.12134284211862
6.57197724674927	6.63701115897619	6.64400618544198
6.42903898476038	6.45881313369527	6.41391325410042
6.40527459811467	6.46950933416835	6.41024016109706
6.46684039916405	6.4659527361147	6.35399143203103
9.22762781172985	9.18649338096214	9.21948426931725
6.5036767898655	6.4659527361147	6.58332100479858
6.58261144248986	6.69588869739412	6.65646316255601
6.78032733706778	6.80689229941643	6.91418898232383
8.86615602449006	8.80317539777516	8.80045220174874
9.2419555232422	9.24005911964983	9.24084099538697
9.66893848375873	9.55121579881837	9.61335123337093
9.37179276057924	9.2306572306975	9.24445587741691
