k4_temp14_1	k4_temp14_2	k4_temp14_3
4.65297620343155	4.60280317927955	4.43105273957133
4.75602185261473	4.55925242426147	4.7483374322387
8.72294515424789	8.68155277792811	8.69798046475618
8.60090972875324	8.54039753709064	8.50369928080948
9.24593369856296	9.26609521176023	9.28194448404429
4.82274473302763	4.67113644587755	4.85676498129123
4.38920165055615	4.62427205035174	4.50633881138109
9.72367119687076	9.6764427148519	9.66254286478659
4.24489703738652	4.22137847762263	4.26032965606588
8.91127041620536	8.85745081000278	8.87482169361586
4.54585438853088	4.55293275675424	4.52055766121117
8.70615658245201	8.69966711806577	8.60520875511125
4.70207176691994	4.60080695605865	4.24374039349511
4.88720891098546	4.78546413672401	4.90968563737423
4.49038790923096	4.731036741934	4.58498972347662
4.69350586166659	4.33610528341866	4.39990058182676
8.79416055028959	8.76962672876018	8.71398808779436
6.65779878984775	6.33711872439412	6.40789705295213
9.52912621297165	9.48372167719062	9.51367768756572
4.72128359212382	4.70252609832944	4.72805414515086
4.81312948439801	4.96857117050244	4.97873297944452
4.80976265178061	5.12262199856149	4.9717060323711
6.75443836138556	6.87211075242873	6.91748787295134
4.68511089746777	4.74858519649561	4.83528061957107
9.20202463972671	9.35192164500415	9.30089304057999
4.99079020499387	5.03597974505454	4.93488835511777
7.53922146868796	7.52906155721365	7.45120148672427
4.61029886488734	4.85010831147091	4.53919751680156
4.69852275907156	4.54155856307059	4.45770308100923
4.68683486760333	4.77996278542767	4.72875301063806
7.77704328727319	7.95310695372064	7.91424556815018
5.49089191173518	5.36918497026089	5.38807958666392
5.08124587580069	5.23827045915585	5.23699120903626
4.64580808101674	4.29308828633677	4.55568142405339
4.14954259051131	4.28095198599958	4.21363098155623
8.39157349098018	8.39697929217164	8.41996051021747
7.94725084601288	7.88094941007175	7.9120058649585
4.96673466472404	4.85622683365622	4.60696563122987
8.66829235583845	8.55807783657274	8.58385898263062
4.5419083702904	4.28230595656431	4.96319466857016
9.08043107653	9.06640749703302	9.08151621336205
5.33213703750892	5.20782271778394	5.11651174439924
4.9572071982543	4.7727202796729	4.71063874467267
4.67764522328025	4.77867566227393	4.64869487395442
9.40349438072541	9.4182170988847	9.38050737234331
4.86354062722733	4.70508685109007	4.76335704355371
4.64176189294857	4.212045145915	4.311510733977
8.03206660573086	7.91009671506428	7.95921611630721
8.09954961136091	8.20904429747473	8.12274852236456
4.32052095059804	4.25251697691709	4.18449007592271
4.66451200219283	4.49036008974259	4.53418237722758
5.95674003193531	6.12246092766065	5.89602788292667
4.7012497584404	4.6319543667613	4.72658114902114
8.82490865562506	8.77539023242796	8.734666856711
4.72764305728647	4.64118932579811	4.51219309570772
4.6144603231252	4.18243406539738	4.51555668850839
4.76405806011356	4.92852061498915	4.93922795296039
5.31436430978601	5.16091077037507	5.33879206204514
9.31813296714074	9.21329799740942	9.23571453378172
4.75609652852672	4.84077756419187	4.46355707566413
4.47502670351028	4.29093545906299	4.57746505389138
3.20960626133537	2.83453641235927	2.67694483044935
5.14442840757332	4.77530325809152	4.7023740188124
4.23606104813899	4.21114980393481	4.6553097382438
4.11550236931876	3.77912623195401	4.02183330457637
9.01328362599535	9.049955368902	9.0446966431016
8.14691771777289	8.0890786279993	8.20053238348335
4.84986189294564	4.4956522398265	4.71563179784784
8.144095083958	8.13183018553026	8.01644136462446
4.57658549858926	4.75412538661575	4.56213690022371
5.16369743257062	5.32684198463003	5.36830427122111
5.11457851190508	5.44867106313718	5.34010282305191
4.37750605581094	4.48650757314132	4.55444338049958
4.66705355741404	4.86814799148301	5.02101994642668
8.69870907957493	8.74057889569604	8.72403540990985
9.12033951477287	8.88493462340836	8.89439188891646
4.66696717881477	4.11368757937475	4.31029149230814
4.50340509369278	4.55554741733211	4.74413462877578
9.11287328932763	8.96167579256776	8.98392177196846
4.64419579402933	4.6010437457229	4.31801147951747
4.80825325478119	4.8309301557204	4.45085532409965
8.48299047147111	8.38211211985472	8.39269746286896
4.53066573721335	4.59133911607787	4.60759698865242
5.01344608182384	4.53864434407615	4.82684386215509
10.4392160159114	10.5022404621443	10.5101152686921
9.90287044728635	10.0482331749647	10.048861009164
4.1422081584704	4.50567456271902	4.3080651628195
4.34014088012229	4.71979220043979	4.73316671415056
4.29038723039209	4.1089725956922	4.36142163358508
8.99985481613472	9.07454555156956	9.01373587281753
2.83643095389352	2.56833286747392	2.52881420176751
5.13978173160814	5.240554687498	4.78713489461892
7.4066955124862	7.45534670252304	7.31323935393658
4.70309315865668	4.94525256393394	4.80745331282041
4.92137632964585	4.69994666548732	5.14462832536022
9.1773034197884	9.27827425341659	9.25050592810346
5.18807381766516	5.13090403190907	5.16392881285406
7.56344471555322	7.4637658560727	7.59711424240059
9.67249455334191	9.68526105838098	9.65092568239566
8.78885301838321	8.97348123894909	8.9882227626071
4.68655090692353	4.59813689396841	4.92295710420536
4.76344119548774	4.79073674512311	4.65028575927106
4.62452180531794	4.23905895658613	4.0205738835354
9.44575657458215	9.45156245413808	9.48165669075854
4.27133577679388	4.31436400818896	4.33606916978826
4.37061725375406	4.21120646870315	4.52467120155495
4.57624595046943	4.61791183358689	4.71315018756441
9.08708409885706	9.14203767817895	9.15558667094439
4.26987669310853	4.11946186164676	3.93916786720748
5.54790244334778	5.65803984834492	5.50315791112283
5.01949420009092	5.13613371192671	5.10194265205639
9.58130652365405	9.63206473684778	9.56208065728771
4.87722421275909	4.99083977034014	5.1401566659648
9.30463180363599	9.33885133918403	9.39746372175387
5.55210975052378	5.56294739063586	5.39875053994291
4.20009701589362	4.47153131167325	4.61211043517962
4.89583955681287	4.63415620597732	4.68466459220434
3.73834071535439	3.65816038715178	3.65419838987196
3.69405697382669	4.22555595340511	4.02226632101068
7.20908776178227	7.34954377456037	7.34256817975722
9.32615704950786	9.24665730309382	9.19225194236996
4.3948639387808	4.58491680562644	4.29886912291522
4.1944427085426	4.25367068910052	4.39018408989192
4.18337219491273	4.25049202748625	4.18213461523458
4.02961501400368	4.29419553306151	4.21182006302397
6.01681972804934	6.05834454646483	6.14374898083829
5.52025801102599	5.75837686562046	5.60045246172828
4.27236969312202	4.28429203222711	4.3211281203321
8.60842289935143	8.71465539701872	8.70972511035456
4.2549868693788	4.06840632057763	3.97518920760545
4.75621105597557	4.58379991313424	4.71554233161303
4.54393537368298	4.50347039230306	4.65367693515979
4.78309212971598	4.85013283346947	5.08498663441679
8.96814857557274	8.65243480383745	8.68569134029601
8.07463820415459	7.97372719719129	7.92297701886328
4.79194290178227	4.48022182139684	4.62203009240136
7.30549521350287	7.20426439693445	7.2253718294702
4.13924398145535	4.23163254028472	3.99423279633365
4.53677320006237	4.3652432409486	4.56744768433439
9.03690964277881	9.055261939642	9.03172315419158
4.89888279260639	4.74088388261044	4.85911980521387
9.20531631977853	9.2353318859526	9.12224436950793
7.6272330429283	7.61054409862105	7.68174078196602
9.31745240717631	9.18294328902218	9.21118416566182
4.02106079111993	4.18131191071945	3.91702652591549
7.91234736379426	7.99451386147329	7.95785710845964
8.71632938955341	8.73171493507726	8.62906364008716
9.44167852843542	9.6329420044107	9.59574889968132
4.69728389838779	4.76970760506799	4.76170472344296
9.64693894779039	9.60129723869395	9.62580981144012
4.5507868358881	4.39240039738627	4.46606651379604
5.19956650264782	4.89437253835743	4.89660860850503
5.08122021809748	5.17684072357617	4.93852635312976
4.84785097429262	5.08093355314614	5.07213825607315
8.71242946016668	8.68461594182824	8.73200622195297
8.95516263010265	9.03689770513066	9.04043420848696
5.05682618502647	4.81998527308046	4.90308914110508
4.72922644168986	4.806240310364	4.27812783270674
4.42599437694552	4.53353344185799	4.1749434895646
4.76033183508861	4.38516166682692	4.73456999411777
4.24473456466215	4.3688189106336	4.11996270537899
4.61323607772327	4.68726697413209	4.57401585224151
8.48787134708626	8.36707068069157	8.43547305189972
4.75058538295113	4.2913308176328	4.32924053691268
10.1131973720616	10.1406260131611	10.1235448804477
4.54707033490437	4.14599845200381	4.33787435420478
9.50747006973174	9.51100733241015	9.49221587820321
4.4775754223967	4.66325045027317	4.65521160575144
4.39712999538961	4.41664354224017	4.36837010449778
4.76716833281019	4.60790763426129	4.67064536438354
9.48897632336534	9.52845736741632	9.53189391059302
5.18335268142299	5.38753961969719	5.45397101233055
8.89801841747919	8.97849963203384	9.0247595112229
4.94519643166333	4.97131182009235	5.03619328098162
8.85347782118887	9.10556488449295	9.18161798826011
9.45013101489203	9.48030912930688	9.47032196385343
4.86403761530452	4.73820891918495	4.70857064197043
4.10580871361271	4.46834509610094	4.48611128009114
4.49573084728064	4.12138870512256	3.84584284543377
4.39599275027799	4.31021980061438	3.92562354381539
9.19250896609984	9.07976126989903	9.17786943416189
8.62819516600427	8.79372558213624	8.74154083650538
8.42848356516229	8.46869745022686	8.52432805300029
9.06416492506637	8.98472209746038	9.03757956232168
8.03128633669457	8.07022191725399	8.08833810916497
8.72680575865303	8.65226462886605	8.67451940033446
8.77179016958174	8.84856293333631	8.84368144502805
4.12668746728493	4.47908931888055	4.2926138903687
9.58071721621976	9.55810306236795	9.56612045838566
4.8104278052504	4.96075402418973	5.10452788069689
9.70771637756776	9.76849789725966	9.71137102090325
4.54242706158245	4.57967236306406	4.64322029323191
4.57403734499754	4.5877633481389	4.31663197699932
4.63723263430333	4.37773389302151	4.34324212612493
4.38974239966676	4.38510069892939	4.12267445187291
4.55024161603594	4.53778135662623	4.3444536915659
5.26267034296038	5.26924327948468	5.00915715380752
4.47247510374291	4.49992565277171	4.47970248216668
9.00183159734328	8.93824154529871	8.99956736007207
9.3649641847547	9.36185027090058	9.34346216630305
4.55903577697425	4.60142366535417	4.42947680578125
8.42115001135246	8.53945515546856	8.57995154706028
7.16466860627478	6.97022125548882	6.96631218484918
8.37722195914876	8.12009976768427	8.20023557345877
7.86941134165032	7.95705470300615	7.90684390659675
4.77408218634894	4.36925504841703	4.60794686191277
4.29964582045822	4.18487649521189	3.88324632153859
5.12580806749528	5.11289725607938	5.17924879961949
9.61634144599382	9.55388001848763	9.6134531639561
7.35170627660535	7.42118942221587	7.39037096115351
4.56405628814113	4.11016674549307	4.17015888092895
7.47748939944224	7.2181642686201	7.32599242274614
6.48859162718375	6.05419484603252	6.13095234862297
5.37752221076564	4.72448764606193	4.80413832140052
5.03933818707103	4.88145023897261	4.86363158862615
9.40125325993679	9.28672272838056	9.28819155261109
4.12592801102397	4.41305534574581	4.3917118775327
3.84380763870658	4.18153993192411	4.10993948137547
5.05151012485254	4.57450916415512	4.63967733836697
6.15248705570436	5.90708660402514	6.01326268516975
8.23795088440339	8.14208456770976	8.09031376783173
5.22681974486158	5.12222457537803	5.12217301266111
3.68833160598512	4.27435538795296	4.2211825996311
7.76240856192195	7.61874876489357	7.63791842327572
4.50878835528065	4.76816187821662	4.84302117407134
9.84673875956209	9.88702772155888	9.90597805109416
9.05010421094243	9.09015232399383	9.12509116167495
4.39721056331016	4.24326301833304	4.53823885499107
6.40894018624962	6.21837254849527	6.34560603036959
4.23094556933946	4.22027507175149	4.19829083886616
4.32046236280745	4.36919749317307	4.07036026288653
8.51467886417721	8.44458546778364	8.38646324250776
9.36869910023804	9.37270533384336	9.41138036285462
4.25728066913213	4.11043674619887	4.49556680261946
8.49264542292199	8.67213606234562	8.62916846410658
8.78946081062023	8.92465862877168	8.8707209160901
8.79297621986698	8.83215822362809	8.80247828187786
7.55633213029628	7.58289484405783	7.67531826646509
8.86487605526704	8.61920453271961	8.54005804419359
8.41443429257562	8.16209860535762	8.06446131150025
5.82982088802347	5.93141240055648	5.84609850535617
5.91721513776431	5.83482228428857	5.94763519409811
8.39174067948499	8.55528862344075	8.53956557759019
4.78545931396157	4.5165666195309	4.41817493981967
4.431421234662	4.85100547794161	4.78026561727827
3.20702907307933	3.62368355283266	3.39858900099399
9.96446289378719	9.92139222540836	9.9397853629253
5.14626849877418	5.0578188721052	5.03164287206325
4.70841083832029	4.99572893688626	4.99616631220439
4.99452962885345	5.01555805074705	4.79201573962074
4.28217434304518	4.19549200147361	4.63253525812636
5.58809621193893	5.59778563018192	5.56784941296033
5.10644785448182	5.34959654893499	5.44542822708456
8.19041079389944	8.13309479923734	8.06604409644858
3.87115588818644	4.43706239691931	4.41525248909874
4.99732116960087	4.59272405455009	5.09299142900584
3.17996087931498	3.39723167167535	3.36695055005903
4.9019237046765	4.67725536652553	5.20144169956275
4.60472246608927	5.01662090700714	4.61576096999446
3.74282071078544	3.38339134318251	3.73706277057171
4.35876748975882	4.69483553149074	4.55757788025233
4.4462240122163	4.20762354852725	4.2017078037319
8.67355163119255	8.81266217895686	8.71084326681436
9.20992683570606	9.32339351825073	9.28547359924069
6.64422352401213	6.60881077577104	6.81119926136454
4.35317317837541	4.57216307759112	4.31270292376561
4.85038592136625	4.66120446744422	4.95547729143742
4.95833891952208	4.64845938425433	4.78553900304727
4.88277965881101	4.81986095497736	5.06853855656892
4.63440397165602	4.72245414041856	4.62341915213379
8.18675727894137	8.23457694806674	8.30384379568599
4.74501171741584	4.38129870928282	4.48224708562415
5.67428982559023	5.82634095490987	5.95953483035655
7.75638116905592	7.83749149843458	7.92529897336213
4.20866097853288	4.49232527320052	4.21818980620063
8.79679638979254	8.79877174658801	8.74411898366369
5.06487194665392	5.03895495750317	5.06603111920537
5.06106365891382	4.92357549127536	4.98196330118562
4.15103190269651	4.28004698205048	4.14984023036713
5.26944249322605	5.15735240147031	5.1403995193752
8.88181622637289	8.91242638673551	8.93587301241205
8.87170212523319	8.68316553797147	8.68024185628206
4.73001526746877	4.60412870178887	4.44585723957115
9.15022595555095	9.16019872009708	9.12927572765388
7.75196504399756	7.82227967731004	7.88517824534703
8.35647500275665	8.46229017661065	8.39994981416538
4.12529832205951	4.39976300208283	4.43241863045801
8.22269942209203	8.33210369531382	8.33914537478128
3.9178548241688	4.08754219150771	4.43703532737922
6.09083270532955	6.10342440303309	6.02400316892765
8.77364644247614	8.74577864292747	8.77410001346339
4.97792116926896	5.04730400385845	5.0998976143136
6.90852387605064	6.88191721316137	7.04779903240871
3.86558457046846	3.97690745625824	4.24969399772589
9.15642807986336	9.16456347173629	9.16064334169772
4.68284262597005	4.67599236445997	4.52483581856001
4.16950989956361	4.15477422482168	4.18027453710208
8.79266123631438	8.71105296093005	8.71680987371575
8.62190524835997	8.58358577960726	8.60711513260517
5.61309026894001	5.61877319172557	5.69609352714225
9.35594655503982	9.47861458200004	9.48201984157421
9.92959481509295	9.72791926759308	9.72850851073347
6.65742456029169	6.57572765587324	6.67630215420251
5.21353600071529	5.30229046503923	5.19984401642111
4.63419631162261	4.32243176509757	4.53090478975738
10.8370783002811	10.7968429483776	10.8171864754903
4.59381185892887	4.62652002678082	4.45737656166728
4.59228098417185	4.55469161289357	4.59593763774603
9.01431992189476	8.95347419863795	8.97013266940621
8.93303692951455	9.06579022071965	8.93628294258196
4.69851197478756	4.52896506598202	4.4707667046691
5.27975368255552	5.52442539054547	5.26775697958649
5.11454493516735	5.40707303596901	5.38319295703852
4.33844229818244	4.07308031066385	4.21330894002841
9.76947612748269	9.72512575304516	9.74481718692847
9.49707674737117	9.54274032116631	9.57503304041941
4.67306912735782	4.5925422390166	4.54858949318804
5.79821112077194	5.40878651665544	5.30419773282422
4.56055222373909	4.53400712430613	4.95819862892303
6.10772835815786	5.7248712549202	5.9187282896394
8.66872225861804	8.85118282567459	8.77339037057376
8.66177681013305	8.68993397577226	8.78362777911047
4.27803955756999	4.32479028636505	4.03395910387871
9.15646019321369	9.06874759343758	9.07532432957802
4.42514722852603	4.63936832569386	4.68846414060151
8.70627552363975	8.77606368206042	8.79237250119311
5.58955641753296	4.94901749490177	4.85286163210595
8.84934514176744	8.87884426239664	8.83508372911059
4.31496943042212	4.28594726346781	4.39275315660792
9.16417599885931	9.11631772777421	9.15676291062524
9.08718345383514	8.93057862517595	9.01844191699601
8.71455746645836	8.42044001589448	8.51816837236032
8.80291014664095	8.60648311251394	8.71437315765959
3.71864098470612	3.67849657145588	3.51198716719967
4.1501374457784	4.36717819784637	4.10156424340123
9.0505747787005	9.0523161291497	9.01077379385964
4.15104629019813	3.85970304055001	3.85538992921728
9.62856111099385	9.63627242439877	9.65045573784364
8.8709867236284	9.0878303844108	9.05624661968298
8.89253031573101	8.83431298703135	8.89513687658985
6.19846354877791	6.54953209222491	6.33163859077741
4.73055147136801	4.55489435276584	4.47172030546136
7.82873529178567	7.8058636749307	7.94190811512466
4.66264523188783	4.83332004460379	4.7621757569322
9.2834018699748	9.4017479400928	9.34340771017502
5.50556857254684	5.70325145958578	5.79149290075545
8.9961063858708	9.0025217099961	9.00150214870771
9.37379735191615	9.36846858944494	9.37619124552792
4.71599896536456	4.80375809894672	4.8571856516877
4.13109171387384	4.39624298559508	4.18372123902471
4.34867373807094	4.97707511408975	4.7153084180501
8.89680588813051	8.91633552400985	8.9729229094997
4.16384951514481	4.39672587833333	4.1842805445698
9.37209842155845	9.45346207771012	9.37583132099632
9.52707619725863	9.64305216317712	9.6178214983085
8.50933643463342	8.55371010951131	8.51118622642265
4.39160974667569	4.44696192285909	4.57867117939782
9.48096242140802	9.45154697609413	9.46856668846841
5.84448455587165	5.91627026662964	5.83552932524605
8.99189386142769	9.01104567558714	9.05515759154607
4.60707441890552	4.4499487293499	4.57001042521163
8.90877987908424	9.07047310136842	9.0783329793979
4.86685508531141	5.02197110448711	4.72442957009627
8.83174061454856	8.85398741286708	8.78508387909295
13.0908466284045	13.0453604164296	13.0432718739901
5.63938788976039	5.92712418115761	5.72315107448478
12.0767327561994	12.1290270658685	12.0955254939141
5.64139968470577	5.72885617060472	5.82040681222941
5.29629949583762	5.28782422080188	5.71066557722568
9.92292400102581	9.78698119382916	9.8432349278341
4.42470509185175	4.83667295006832	4.51043073266696
3.95387043654732	3.77672774143641	4.01899040742852
8.31790834182116	8.3204787656028	8.30836826626434
9.65199174211994	9.61924813518508	9.66550093503296
4.43707256018642	4.58443790884994	4.223550703744
4.4303674618303	4.31474374087796	4.20324221032333
8.67351179485001	8.72061804387153	8.66309285165096
3.84700045309637	4.02935901512103	4.12395585271367
9.22553205512907	9.41283874811921	9.33661863679724
4.84761919883738	4.82762681025116	4.9097270526528
6.71674638912565	6.31850843006556	6.43331167259087
9.32137207853406	9.33745264741955	9.27664709662284
9.20268242177936	9.15799174907337	9.21044255326056
4.04484421115442	3.86006206872875	3.98621211753428
4.27411174157861	4.29803058150541	4.23154700108767
8.69035596228387	8.90909463394589	8.93863866698581
8.69715030489307	8.74428292111538	8.7971812507163
9.36580780929564	9.3599655319093	9.30852131017027
6.65176632355316	6.5387586955857	6.57329457958318
5.02470943657005	4.7320921631439	4.90116826638585
9.78176458804678	9.71177516949315	9.73241685572626
5.22075181911916	5.47135241239371	5.37125866055168
8.86304895648203	8.8854998276883	8.86012007013164
4.62430511760708	4.26172830037028	4.51704018326812
5.13730781619075	4.93270918100781	4.85579327362082
9.11253435741111	9.19745595036744	9.18436856932966
9.40816526595679	9.32227717446282	9.39896218188768
3.64188979143621	3.68161732655475	3.80308853250615
4.46692141105298	4.62667587966027	4.59505812915746
8.65194010308653	8.57043477067425	8.53858738748881
9.64648373291621	9.71643272355473	9.67132515961626
7.48427329947351	7.45377643891129	7.30383259987758
4.70073392133151	4.52761765673892	4.37525129852568
4.84396469130386	4.77089640450977	4.69745404759273
7.14203895935631	7.22641985036238	7.20588231960877
3.0467079432024	2.42102238215852	2.43195632320603
9.82158197727374	9.77113983488882	9.80325056464283
6.50786706122772	6.19317436299062	6.24529423177121
8.03341800313774	8.03606919501028	8.09506112500799
3.94245392673404	4.38937732872712	3.90006424819062
8.22133216392187	8.13992427486518	8.14827614828735
4.52568583714013	4.60642799375004	4.80956482159071
3.19517788740095	3.90138368196325	3.62604272378876
9.59415857442242	9.49237513055573	9.52098575526782
4.45861750469797	4.4742705043312	4.54310075869255
9.13020749932494	9.08900365511654	9.05086484952586
8.89141872281107	8.99205023618771	8.89741468736931
4.46974562846655	4.68291059691721	4.41570539599413
5.18972340339763	5.25670037511213	5.30091283512618
9.01622731324094	9.03213051104839	9.07153299738333
3.62432737675313	4.00971090996614	4.23087823339643
9.37211325758873	9.26907373395165	9.33999020074524
9.13010543317544	9.15416345091324	9.1912671927824
4.72863073023908	4.68200039376448	4.89558255159861
6.20667786200484	6.24539700842924	6.36262060979429
8.5679386592703	8.54040483775848	8.54414675972675
9.49611978001322	9.54824666919923	9.48834736749771
3.92232693207296	3.85319857828593	3.63816249922553
4.86659430612791	4.9476510099371	4.81012369020516
5.99807177605155	5.85276146726572	6.01112719891013
4.10966468912156	3.9595471497004	4.09392085147292
5.5055323932574	5.32360741125049	5.32161035063804
3.97929647040235	4.27603572924014	4.04561846580525
7.6919605645315	7.59604602673043	7.60614028792155
9.38842817298858	9.42498038213884	9.52152234085912
4.79565830313941	5.03120620866789	4.79974252774801
4.31299077766813	4.69621515739089	4.69887870562714
8.59293123241873	8.520085823415	8.52825046985781
7.60953641420076	7.76821514112847	7.77141367526506
8.4169135393881	8.55528276830813	8.50839664038234
8.58781781754431	8.70706547341577	8.58645420740559
5.91021258829018	5.81736052316774	5.86144905721306
8.91113833169062	8.89542277163288	8.8735727142667
8.83865067547219	8.87885133261314	8.86005307057181
3.82971776128453	3.97329554624763	4.03782291730093
9.59493134320045	9.59327963500905	9.61466415455336
4.59196330719241	4.82315527196362	4.8554845190561
9.53522123480616	9.54942091762201	9.54911638091983
9.66339819557983	9.65148011824522	9.6438950601057
9.46320971446844	9.37785928041895	9.36738722675029
9.95775706142899	10.045302281522	9.97774008773317
9.06663707196368	9.17868837893302	9.13803720493833
5.21791623840462	5.33685238826193	4.97194593715948
8.6919414190959	8.63343984176448	8.67515526976688
5.17054513456388	5.0665148530234	4.9859315225374
4.87925195484809	4.98026861675129	5.06217975511416
8.89349428554925	8.78402482080502	8.83565556342994
4.45557822359857	4.84236003931703	4.87380256016183
4.79408104901133	4.72628901556249	4.72962395001847
4.34244482380024	4.54521113310067	4.1897757012851
4.67761290417028	4.69056432168208	4.73821504507669
10.2470338197347	10.1906168569516	10.1776316403664
4.94841226004964	5.03955600903925	5.22391981920447
8.70526144691247	8.7450018136066	8.77251890645034
7.7311978212725	7.89885901019609	7.84283026947001
3.78199507977315	4.18013242833242	4.07511629972568
6.17097671269857	5.7941961582347	5.94002330362521
3.84623484348313	4.02982341715869	4.15656751116334
6.44494295272842	6.2258211896735	6.22067616250263
9.26307886641754	9.15633469539397	9.22414025720764
4.05413975523039	4.18340564874587	4.02773912353128
4.31595035247977	4.28535126423069	4.35064331175237
4.52042820502172	4.83200433295649	4.81316270637724
7.78400710749554	7.99291193892978	7.88717580963415
4.11466545759403	4.14103577063255	4.42788510513285
7.28589667361685	7.23534097832812	7.17290284958779
4.07835267810536	3.36138829155493	3.80515269643164
9.29906311604535	9.24613409571239	9.24294862362905
9.31415740516941	9.32091242308072	9.29010818745044
9.39890340146088	9.40256916921393	9.42194175657227
4.66625836639764	4.66763350730821	4.7703612302138
7.36769456756688	7.37126637100649	7.42118819313361
4.64743154366979	4.43365794755748	4.344339059647
8.86443960012645	8.85063340409724	8.81998764876013
9.04158032772077	8.93697916392164	9.056867343828
9.09275343956094	9.12476034224028	9.16210386449955
8.74743535778538	8.85803752465834	8.86048082022671
4.50522417696482	4.27357699488776	4.39572597664234
4.72867423435269	4.02443204472375	4.13888488596334
8.57730016081237	8.59322776376698	8.5080492959539
4.63634845098251	4.58155171499436	4.67956841378901
4.15085581601802	4.55060586128357	3.8869305604452
4.95608456116563	5.19430729159512	5.12764396073715
4.86071371192702	4.68407967955684	4.90762724208342
8.88171945171362	8.86214867392992	8.86345442684618
8.84577265834334	8.83698101603569	8.79351605479541
6.29341748451609	6.07574868243351	6.17638097817302
8.47814582142189	8.71522469745343	8.62451955826355
9.70397058327941	9.76192412887648	9.82014115582125
5.00372080911661	5.05150420595326	4.73824246524961
4.99931331999499	4.5180588657158	4.30775774948165
3.87051852704173	4.04517258117788	3.96816651307264
4.58997187377028	4.41864770053707	4.31409102118521
8.94333986441351	8.93880334467007	8.80650707667421
4.67957749807294	5.2062160683914	5.09770525658855
4.70601766926745	3.9884320532031	4.20239044386371
9.6843469236432	9.65605089850551	9.70976317027439
4.86882898579896	5.01765326231424	5.06260892400937
4.13117937918183	3.95697511442364	3.8958724420364
8.83229892756153	8.81073503717481	8.82943892279427
7.63107083496241	7.54486006595888	7.59132953618296
9.48766204136398	9.4732327305751	9.51063125674721
5.36763468482786	5.12443386721733	5.13290950666455
5.15153606433601	5.22445874415585	5.32244784943327
4.25467804204463	4.53124337476673	4.18806926498584
3.96926308878974	4.39646488402075	4.36085618456032
5.69737139412741	5.7672076873918	5.65158313450173
8.74241188828584	8.73402080078414	8.748191395046
8.71338163229076	8.51849752398116	8.54361756899835
8.6604305533144	8.75512985046188	8.73715975366721
9.82942278111696	9.84121208671434	9.84422593483951
4.13675385909022	4.2021187324828	4.13188177538502
5.03173359146096	4.88074130317395	4.82221034306672
4.42799167158965	4.40107614680434	4.22034322892071
5.22675993527959	4.93587420000754	4.9847643409407
4.09641728208105	3.7800953378573	4.10737415949257
4.44255600139002	4.61337554772145	4.53254658366729
9.13349102169023	9.13759567738141	9.13642094233084
4.24545900243068	4.12482169805635	4.33244559257351
4.48309396516607	4.65622739570261	4.97772377411312
9.17940721963792	9.28278688926654	9.29382827422413
7.55112199365894	7.35079810366937	7.37800014663977
4.94759390463694	4.94128450559526	4.96152700919333
4.50868528826138	4.9782595015985	4.63741637130143
8.11423512643294	7.98396723444899	8.074589749981
5.26855221412035	5.46723623122075	5.51003722819612
9.85397454972762	9.88345392053002	9.84900833746782
9.69699722192774	9.6983804673616	9.73416154344484
8.67929808682682	8.63818078919473	8.7119385712295
4.7354763419346	4.81569451536787	4.9272757476969
8.94979705627766	8.85406802571026	8.82978599954174
4.62946023729805	4.34695428518206	4.20711186611609
6.18406431207617	5.99501618034173	5.83457512461805
5.18512022933824	4.32860857224366	4.40787837815061
6.79975850981969	7.05557328191667	7.06677433757718
8.81655146780965	8.57393767868849	8.63050115735945
9.00687745657969	9.14315111348098	9.09524914667224
4.99929291001966	5.16275678191237	5.20255482057297
9.51615357535802	9.49760430782843	9.56352535834898
4.27026310908526	4.67220551057643	4.67503770889555
5.28239691785432	5.19950345935433	5.15808268004128
8.89841551035682	9.02190905023293	9.02125725441345
8.96083626399988	9.06288260637491	9.01243809767442
6.08945753691805	6.25432984039845	6.16768943416122
9.26605513818012	9.27975161853528	9.26032027144781
7.04665213910946	6.95394038765149	6.87903528233474
4.32054347379308	4.40588064922481	4.65996343394948
5.71514842563288	5.81861254181072	5.75111154622748
8.93596130936056	8.79183755513644	8.83371955910221
7.82050829251662	7.86871589020088	7.91667382925112
4.81853213726274	4.95583313876678	4.75577916276187
4.0105600815718	3.16938782395773	3.00881457683969
9.73890206285473	9.56251324649208	9.57856264904632
3.79885567878636	4.11821748840006	4.32472911041496
8.57243025868737	8.55133691398668	8.58441935629226
7.80840995270435	7.68734804372464	7.69024577263449
7.51000321693117	7.60654037982462	7.50175127711287
8.48406117078143	8.38109850094042	8.32359922876409
9.79498538335596	9.81134681120067	9.81472400335608
2.95941328710582	2.74700814466393	2.48642406705785
4.79782461495406	4.655850729796	4.63687550205406
4.61608059185029	4.2441859899513	4.38318091524244
9.25329452218196	9.17650646344183	9.1070593448628
9.45012426280494	9.46488998757968	9.49036504400205
9.13640355825264	9.05409073040681	8.99942237722573
8.11390511680094	8.23952033109759	8.19981810435197
5.16067966678265	5.05880930262203	5.08549965893878
5.53949003303936	5.45106766902891	5.55255542906863
5.11129665865572	4.6865876264114	4.83080236726065
4.47167682611038	4.03437896764476	3.84395274482199
9.63136591706357	9.69846477623092	9.71346964255515
9.53233749408982	9.59859163362561	9.60543660440233
4.99877918872265	5.2670252200754	5.12089544253126
9.31350360204913	9.37464439057054	9.36718735739919
5.91639558520467	5.83002863771883	5.99585373248788
4.88895802483964	5.12877508120808	5.31696391809647
9.01975556111635	9.11633169223014	9.12452580314183
5.56086802815131	5.67508911939688	5.42158971456653
6.95640158465199	7.02866802408396	7.15677197468424
6.35290152560735	6.45942342727946	6.40617874536244
8.40559337609873	8.35456189976702	8.40163198698412
5.808888226804	6.01305745762186	6.1151513848252
8.64081561320335	8.7958938839735	8.80762103674553
7.29254173844637	7.47126323119582	7.42130536111124
5.98664913887383	6.09640887757337	5.9263246230393
8.54843801524136	8.58921072362913	8.58768848386149
4.36155384488938	3.82536689654541	4.0789747480437
6.42865511022842	6.8024448870326	6.63363124510028
4.8641499405575	4.6472324084274	4.79465075409909
6.44831319045457	6.16712212240691	6.2604997590068
6.21124279395931	6.30424793754595	6.24758475395437
4.83123018807048	5.03446120703115	4.98943519019041
5.01549452901849	5.27532935780651	5.13831262986302
4.92127083529715	5.00594689011617	4.8432348603572
4.58083993532561	4.94204402659037	4.70728042583502
5.50378811816993	5.44364233589527	5.55836625789209
8.89868783458915	8.90133539218309	8.91088825249446
8.88510661756688	8.88482215920521	8.80696536904982
4.93588283386696	4.7956630237609	4.81930094278675
4.7092218233313	4.80116768015695	4.6843458486041
9.13282563095873	9.18729155408037	9.16553034015729
5.01038475243855	5.21830180581279	5.04110186649303
5.19413691282484	5.11866310192139	4.90997939439433
7.00288336809826	6.9112709756115	7.04168307357057
5.86910932222797	5.93566326520352	5.74857289207091
4.5553333193488	4.87420224188883	4.84550178987667
10.0823302167123	10.1309674307458	10.1173655685837
9.84011995150608	9.80572893075974	9.81024955354229
6.45172297090579	6.7963124230407	6.52468734771552
7.37451371178442	7.4521256106463	7.45718750782142
5.80509075390637	6.02173719441967	6.05259692197736
6.09903711403042	6.1961032462007	6.12859710243885
6.55349373021701	6.6138132164552	6.7083452102257
5.5040260734713	5.36147091131705	5.35184412226225
6.39079093459557	6.45655709042057	6.44211577239746
5.96216796596456	6.26887467850895	6.15809920284409
9.56302181905019	9.49066891333556	9.51372486294761
5.44526348842754	5.55773182781566	5.59071203581934
6.05027546620307	6.06741260712336	6.09610805438186
4.73880390467302	4.68243342237469	4.91543513069206
5.50002710650853	5.37455871077536	5.24522500545144
6.75383500690402	6.68212466925245	6.53640216748623
6.08828158389696	6.25904439435033	6.22988481844182
5.15591405960407	5.18950438510483	5.16433462436892
4.79155376571341	4.83473452593526	4.7313458877175
5.17636884933294	4.97161459654133	4.82595910641593
8.21884751431216	8.31736464271721	8.26635086689972
6.65018759904183	6.8734038301288	6.82459040311941
9.33183303619788	9.38588626108872	9.39247174880835
6.12474218703354	6.1948244891234	5.99216673679378
4.93551509296231	5.20598597744628	4.82585592166347
4.86179250710453	4.84569698947473	4.69895769526062
4.42622337443931	4.4021498607893	4.29634558786658
7.19800909054861	7.26159378642052	7.1725557287567
6.62103100862795	6.57088949278135	6.46984914444828
4.43782538470983	4.81632081936862	4.53581462216596
8.8217997341325	8.8940482340689	8.83369376883048
4.88127868221111	4.79377648343467	4.74319992855609
4.70602670536282	4.24610674724856	4.4260314476674
4.29671163946793	4.28795606340753	4.54979170360908
9.25086150150474	9.29575954192862	9.30827013159568
2.97771869164108	2.95249536411639	3.18173692771312
5.53872496901238	5.38443414617643	5.38179141218562
5.8231227788681	5.85276224376686	5.78052240201279
8.49711161471796	8.68673417423089	8.72857385571241
5.11345877292324	5.27005462178111	5.21402460700026
9.46395222337937	9.61944892183313	9.62485328112683
7.56891343136697	7.84306704243645	7.56145876164315
4.87839533805186	4.98418634053828	4.67854869114975
10.5093751725413	10.5117005224739	10.5532858057392
6.82062585505403	6.7521924034355	6.74406140293221
7.68707244546006	7.66717232434046	7.68219188182233
9.8805450308626	9.92796027160765	9.9034274096509
7.42817521384943	7.29404117152704	7.45143830890234
4.66041783287481	4.59324215463912	4.60975626988914
6.04272461949611	5.87485973839348	6.03975738635114
4.166615720713	4.46215920063124	3.99861275627183
4.15084410903328	3.94703479632828	4.49101017708335
3.70003466806327	3.98927144163055	4.00047349411404
8.80546795198111	8.76247792118588	8.76851595236806
5.17997237504081	5.00225776792284	4.9756483421775
4.19968113275596	4.26559458994585	4.1504207079505
5.12119119362201	4.66254643730844	4.77764771192372
5.19132065491443	5.14577134068327	5.00616702218919
4.32481461437185	4.4834575517958	4.39621717478354
3.17998498288258	3.1969188318834	3.56624120825133
7.13109936045876	6.93936354660023	6.88997079454927
5.14986172490257	5.12157909075787	5.15485253665551
8.67857386136808	8.70195068218676	8.67147529319574
4.35871107673697	4.63738424621601	4.617488416464
7.94586234390297	7.8580409698913	7.82850141759523
7.84689818518746	7.98200454040763	7.92098744988682
4.28832669069716	4.25381541432342	4.30628735629176
8.55604319050989	8.52695377067299	8.63210661479806
4.1757958416271	4.34345139715986	4.41880049803789
8.8724323244785	8.97410489122194	8.90774530755044
3.68338835208321	3.85304839392156	3.86679946573737
9.02561009686866	8.9591539589724	8.98129613044635
4.56305343759221	4.2770592233517	4.57869665675777
9.77943367199463	9.73655147483355	9.7095454041769
4.13967066859758	3.99871260335953	4.20866716234292
9.34072909415807	9.37135910984491	9.30801215313186
4.26791974085879	4.22624158992666	4.57293490258656
5.61593327195254	5.45084510732376	5.46092470702879
9.54520873752763	9.5738501657143	9.51379268587574
3.81846115332759	3.72948127883282	3.86700305328272
7.22123456425937	7.19520002625268	7.20615251436339
9.20446836838814	9.13757674312222	9.21251297041375
4.3455976268773	4.15214859491475	3.82356940906635
9.18277030659311	9.22332681215826	9.22983653498432
4.68356331400857	5.06066692105783	5.06920056925225
4.17830883010819	3.84362039184627	4.10988085769556
8.73114071588554	8.74642913015844	8.69964564206577
8.57575671361439	8.5777894023902	8.56738639069998
4.70667815270778	4.84422717881327	4.75216814209158
9.39439422865881	9.31647662243787	9.27219267777427
5.21014779376944	5.15684176147557	5.16466569880199
9.11295793688347	9.13259464984177	9.08971404109296
6.73933104088554	6.60160156265343	6.60340647662705
6.43260184085773	6.50104039898487	6.31813305797717
8.25702517440623	8.16744016429904	8.1407837517873
5.16626922175399	4.98232628218552	4.91727177370525
4.20084221966032	4.26488903724566	4.10068861916422
8.96866348871312	9.00739571028945	9.02435533950527
7.31278176923858	7.27067970478599	7.23606916625175
9.26713367547664	9.32190521192839	9.29401512836386
9.24077531176271	9.2154496294398	9.18192981710354
2.82947251058206	2.52499035198803	2.86544885205921
9.72178471431347	9.67903829243977	9.74146471009924
4.56523777497106	4.07550155301821	4.15338635522528
8.62326941194006	8.52265568272597	8.5113977680499
8.55305387319395	8.50191976160723	8.42337305647216
9.345987741017	9.34468541810688	9.26256362815706
5.40677340917704	5.29852571614565	5.27410511374708
5.35240887943625	5.48807465450293	5.45097476695987
6.91397622841455	6.99995596876651	6.84932609721874
8.49545803857249	8.66984216899527	8.63934053345986
7.78182039720001	7.70862758083439	7.80542781886906
4.26643893457819	4.48239779405455	4.38132369467616
8.66358589176992	9.01879765521391	8.95018709421429
4.90802613875288	4.76305062525665	4.84940829132371
9.41867110890399	9.34121068677574	9.38462660393795
4.55404025947986	4.61642415253182	4.63223550025135
9.66339418891146	9.50055837474373	9.4992766688035
8.77909049832156	8.78892984448692	8.83132734960914
9.60909694741023	9.60897557336035	9.60152031399256
8.7477738983991	8.66545200297686	8.67915722643142
4.88678294783127	4.23016231381428	4.22514133187939
9.24397751766936	9.24047548574273	9.2382258285577
8.40155984951207	8.41541258295806	8.3879405665311
4.982101113084	4.45764383305372	4.728313208376
9.17020283840247	9.20171123837745	9.15035272093686
4.92713632351734	4.79523020527891	4.79806049197721
3.62051595978212	3.58801265502431	3.780494481942
8.98358400185401	9.09587142361272	9.04649362057141
9.59028441739801	9.58271156760699	9.62849122991666
5.25382890300885	5.44682110468165	5.54855910961928
8.71162631693053	8.69751717724558	8.76457897675707
7.13800715675414	6.93797570516088	7.07283930519798
6.6924685313655	6.62412803824074	6.69202549281987
9.03679429799642	9.14536614298464	9.13958982863111
4.54826444982674	4.47484999135672	4.49357699787509
8.54754104779978	8.56536516464542	8.50960886083582
3.90224274106668	4.63015148188644	4.57357213678927
5.37648595169619	5.21469093458906	5.54056028915279
9.21288717417945	9.23375536669322	9.20952795435658
8.90182238211899	9.07454244930286	9.07775174326866
3.952476338308	4.235397196759	4.44013279297348
9.46570804648496	9.52171711355994	9.48350253611097
4.52308845331576	4.40765387443014	4.58019504580128
9.26232292886986	9.2604920742691	9.27242357091156
3.85570453733707	3.79581456524449	3.98179963662988
7.95405335777148	8.03340031554645	8.0035196683313
6.68226895511741	6.64163144398795	6.51200487116306
4.62367711546122	4.43372050483718	4.37242490021365
4.74688984440747	4.38015979544391	4.40151154188129
5.18219386778612	4.93466501251797	4.94598407006723
8.64111654536852	8.47151527440073	8.48466258518199
5.64669217090519	5.50679954014801	5.51571243455397
4.79593725790336	4.89893353063087	4.91984844242487
4.75222147729429	4.56739280312926	4.4456189375508
4.98537083957182	4.98797083049067	4.83361098855817
4.54263662832374	4.80249882917472	4.94323153224707
8.26464497011806	8.23144239198555	8.21597622342746
4.50787481398448	4.35306891476617	4.75177544673568
8.7034694803164	8.5421991319623	8.54031500039129
4.40219874569929	4.60099660414349	4.55674448534744
4.5765830904503	4.82515831271124	5.00973825584253
9.22695622180733	9.43869209160959	9.46779807626365
2.93541518259815	3.15509296734179	3.08989803565046
8.82944594149829	8.74288722824843	8.76209135743498
4.57906897520317	4.53022886318153	4.67778722257593
8.75878526900793	8.71176610347727	8.70037735587248
2.96549845396255	2.70172214652861	2.27522574848961
9.47703289548698	9.41672743404656	9.49120641887429
4.4815905283848	4.2869498899174	4.29534834399545
4.50605069498564	4.55394459002703	4.63041982217462
12.2818836249327	12.3234250725314	12.3240311533763
6.06270540688462	5.59014490033439	5.91180090709053
4.75434298112235	4.43720937971513	4.48332573682899
7.4465073036172	7.64925116565745	7.57972224635089
4.43478973669196	4.39144599921508	4.51604572580186
9.32813468168254	9.18829712885849	9.25773553832055
4.2174724031729	4.36611683933315	3.96116423171708
4.26587641744374	4.03650091782515	4.19576428355778
9.28906226310187	9.11008909522604	9.12608224473474
3.5982366232448	4.08011846093481	4.24685576467777
7.12029375549863	7.02989976269803	7.20249871602813
9.5720005096898	9.577899856335	9.54209633781813
4.63902296364201	4.41153438141319	4.73301294232936
4.57648999722674	4.6296381284811	4.69078673417375
4.83460063674474	4.70434692457401	4.74099129885884
5.54693998256838	5.49742415764829	5.43302511602781
7.03870438646418	7.19147383512908	7.09655139207351
5.36204067516819	4.8165220416554	5.09360603949878
7.98520999829768	7.99715656927343	7.99502185144038
8.81575375516058	8.88146596011637	8.79494892914304
7.79615261237959	7.87901548141839	7.75681640677636
4.76124280311591	4.56847413713188	4.51155156173122
3.95032947396708	4.34032439425809	4.42847756107161
9.5130840385949	9.48066445831823	9.5251171883778
5.62496207270269	5.87355164539936	5.95463890355495
5.65162595211771	5.25893317979371	5.53209260246164
9.84953067613894	9.85400112301429	9.90205517599319
4.6091423665874	4.50116212635658	4.42864758915399
4.71278776324901	4.57134105021761	4.75873008534032
4.76449648595308	4.76872410074654	4.62629696897023
4.99465653734856	4.71743949010398	4.69903184357894
9.87782406295915	9.95341115053989	9.88048524581797
8.81127745334708	8.63592769348076	8.73796127869355
4.79425314768228	4.55544391700173	4.44611232652484
9.44059313856423	9.47109190107558	9.47117833212143
5.86325449474377	5.72563666475834	5.78502812742874
8.89287565896041	8.75969086155319	8.88052495031178
4.86021636044883	4.93592001171446	4.67747916445659
4.75805677625128	4.68381497647459	4.99194475516915
8.58123717045659	8.52269657162614	8.59887356035937
4.7579593422997	4.62545736856038	5.05455199773886
4.30756858535636	4.09083828010544	4.27422782768109
9.37289332712646	9.20959075709267	9.21811905583536
4.28474736403142	4.6725830837676	4.68669629765965
4.64425838768942	4.51429415514649	4.4020323824221
4.58305904359434	4.13041279846257	4.38073426201691
4.54410499456961	4.59083037385541	4.55892255581156
4.40233890014535	4.38599913419854	4.17207748515622
4.78836218574676	4.89721058287742	4.80805253226241
4.30115297648858	3.82591349133448	4.17691408465721
9.78742094180167	9.86824670390737	9.84353625717567
4.35890248067549	4.27714312225607	3.74206484088101
5.80167940009567	5.75858800801738	5.74014585389674
7.71645523158413	7.75848084134806	7.82051883358967
8.55594177920955	8.72948127754961	8.75640604393798
4.14104998719803	4.06826409962777	4.07935878736701
4.68829920234372	4.3101163048508	4.6528669744747
4.69984948663459	4.59688267726336	4.8226924424208
9.8303588718181	9.75209112345043	9.7715094030013
9.80534126474631	9.80193343134611	9.80011963894891
4.16527062726785	4.69163186544658	4.52925598682514
8.27259248587907	8.14432614492707	8.07554563384633
3.70733124517732	3.66293205680464	4.0126671531671
8.8716113595021	8.75600542148275	8.762928035058
4.95985135001782	4.72739689348353	4.64067275197921
4.26299645565623	3.98447971541371	4.37289109140468
4.85350126110745	5.03310288400796	4.87323046488411
6.0315064457814	5.84505787025403	5.79370641983623
5.0394433883991	4.95938876668199	4.78109909700594
4.09071667455424	4.32951350679199	4.54703922262391
4.50589288791202	4.92299445543779	4.8144056502527
8.72993440605961	8.64913587896307	8.65305109430003
4.64090489859636	4.41692401330875	4.14398631189235
4.66092640842607	4.8240188727575	4.84640259881487
7.99780905676546	8.06189465493058	8.02295255627433
8.6676067245786	8.78104054476697	8.80903625875169
4.3135761290426	4.40112646387341	4.33823757538348
4.68842132659169	4.67946648809766	4.76009357130689
4.49692622176177	4.38015092345465	4.65086087560487
4.89896547307632	5.17270192069738	4.83517611163923
7.66768497633344	7.79114670060855	7.78720637281139
4.54106473920157	4.70908165116548	4.57318995057853
8.74994781564756	8.75521982767926	8.78115551610878
5.24160698249851	5.26536510624944	5.30181496436481
8.83179651515129	8.97161400915972	8.95357460954561
4.81356573219842	4.80895008135758	5.11930386563095
9.25105386502078	9.34179277467375	9.36470275672321
4.76946426411114	4.79765860516279	4.38082264733366
4.04772040771965	4.30886780242205	4.18082288597742
4.05090853151873	4.45664688600248	4.65631551151573
9.50490395419802	9.43767053809137	9.39368208746724
4.68403946549912	4.30578275964133	4.35713282045645
9.29438184106309	9.30814932805806	9.27203731527779
5.64102458712726	5.77402032420941	5.79395522795607
4.57665808537034	4.26121158709588	4.52893876353
8.59682541253868	8.67686631469107	8.68337376752773
4.24715120829105	4.21043168604222	3.50557031348175
8.82896441074828	8.84720132660224	8.78153257406958
4.63058101242222	4.50262241844982	4.50831831458231
4.76660458041027	4.63209576627917	4.67103082257954
4.08354088594048	4.21855054551901	4.22697729347674
4.41697436900943	4.843265017792	4.25839208933029
5.22671944793317	5.26830158138461	4.98051011075664
8.47357599133856	8.62132835835235	8.61241609637652
5.41667136977812	5.38901754283748	5.32127477121477
7.34268793726476	7.47152963886728	7.45889023923851
3.85679981850747	4.29317311378593	4.31425082296352
4.62052872223331	4.44905023580892	4.49434520022461
9.5874150146699	9.58565917015584	9.51682745133354
4.16115915911753	4.65990938725673	4.74021243917992
4.20942230600465	4.14393939419755	4.53343020533667
9.72965000364145	9.71073290799091	9.70799027186814
4.52975691353823	4.41131729381777	4.82723130806004
9.53949904174938	9.45145847486254	9.53648528987121
5.01737891853531	5.22737061428492	5.10333870906738
4.30380278898642	4.22289429098563	4.30602768061227
4.91818892027557	4.87734349385982	4.70037486459181
8.98122108996019	8.99454670883166	8.93623673809365
4.85257053043281	4.61845915836075	4.47476407400987
9.15554583698118	9.02072938422838	8.98349318107962
9.92130540246185	9.86035084369687	9.87083319913666
4.46965627793856	4.71348936531753	4.95014952033897
5.1213068566081	5.13275246837162	5.35749350679496
7.1951880253594	7.17649389071183	7.347215974282
5.73164267905516	6.00279245763981	5.77013476848466
4.98091628410041	4.64598826725301	4.59161695530103
7.98114389342919	7.83638566259522	7.83534680206743
4.52090665666024	4.31630530106434	4.22047896869447
8.77968740705638	8.69898426500228	8.63618601188934
9.34520272536918	9.28523058713628	9.32111044298889
8.83999749512613	8.83494807964135	8.84515300995484
4.4443061626855	4.57609404556923	4.49353212319966
8.82265116949965	8.82667868808736	8.82739929007376
4.97354185655266	4.92295823783516	5.02679947647329
9.4189440482053	9.49075859294357	9.52966368576129
8.33839544011667	8.42725037783143	8.41989959427339
3.93250273519459	3.81900517957758	4.07146594127898
8.65756884761159	8.63652996664607	8.63653198888675
4.73007791455346	4.78466300561519	4.26259236486367
8.6065803485154	8.60547403160508	8.64256941351435
7.15297883474955	7.26018267037628	7.3341129940528
8.67421394301125	8.55969522251279	8.52602142240609
8.607848777323	8.36153174001513	8.47384745541057
7.4469168083537	7.45565794920473	7.37428273409163
4.53917380244689	4.75428206527684	4.61040896374679
3.96410516396899	3.56890806420624	3.78626818409448
8.64231838410989	8.56630873817995	8.54605804931006
6.97462160223379	6.76746069045596	6.71364342802551
7.52321258672323	7.59726940539755	7.62597075522505
5.33542134194399	5.10138945556893	5.38192938699553
4.09431003434696	4.2380628762728	4.48204779754917
4.45679404838573	4.88198157750393	4.781181694905
4.25542898300221	4.17715015532004	4.50946919630943
4.45571244564427	4.0615666871567	4.51089324894446
10.2688624881028	10.2794363434474	10.2939404576946
4.1327180744269	4.29571902850106	4.21359605676889
9.57109501386658	9.41674221179795	9.37602907084657
4.35595527458881	4.81548176443227	4.55952464336342
8.36113826685902	8.40792296500917	8.30578609871112
4.60761220489817	4.76807736368924	4.73833717501146
9.0298443582112	8.98100502680639	9.01902935469531
9.85230744681778	9.88078679645509	9.86713535531823
5.03177086239559	5.23718878681411	5.21226643065226
8.58035636614053	8.7514336874787	8.71641397861322
3.98594288840666	4.08147734947496	3.95233434218247
4.52679810497368	4.1428007852598	4.13748088448899
9.75710697626645	9.72441704838253	9.72947411125795
4.36794030604185	4.58408772459265	4.26847204123907
8.66409175848389	8.61192109332613	8.62077676052072
8.89585009827315	8.97472611761831	8.88031997679686
4.88359704505843	4.73833233820055	4.69756895841551
4.62728949588137	4.4714205949986	4.17726326447959
5.00500851627863	4.89078009925483	4.8427345800294
5.39436731991054	5.631498205314	5.5074357313191
8.88346908074314	8.86683454889817	8.82761719348066
9.11471897779117	9.1258825149053	9.12971638606443
3.86001524945738	3.68629120025686	3.90561377828936
7.68522698105276	7.71713800776145	7.70925438320882
5.78865255152186	5.72906040386668	5.68782714411165
4.73647873135685	4.77265145809595	4.92659904652896
3.98122154837774	3.68574127335111	3.7466862795096
4.77693677443488	4.46328354103306	4.38948157765192
4.87052039486476	5.01662453374823	4.98977668190999
4.33127676765825	4.42658374181391	4.17156506954309
4.16989689558538	4.13823724827955	4.1800003976721
9.22179037777345	9.38691655740797	9.30885277474498
7.33922948377569	7.43369982571253	7.34547982104091
9.66033932235472	9.57899815065846	9.6055468222482
4.64779430725432	4.8659402076024	4.88731731480583
8.90723592025442	8.76828474882653	8.76660749259701
7.48223404972297	7.46686748109086	7.52641589826018
4.0865537094017	4.21671975600596	4.09793096343204
8.37476175990338	8.18494411688528	8.15974712238779
8.50509962662309	8.39798338577726	8.37512926273697
4.574767447091	4.20029748426624	4.67227000753187
7.58986840485448	7.59885907454322	7.55070927808575
4.99253262699157	4.98526745008398	5.29373588340981
5.48271669387251	5.66090007786427	5.7687480458361
8.68067103081553	8.5321574823996	8.65110350214728
8.75252238240074	8.81278242961681	8.82241574734116
4.19195993550422	4.19311823107391	4.55882762148248
6.08356234429696	5.96808484358679	6.12621188109697
8.70231391808668	8.52275065889156	8.54276768423992
3.8298895092778	4.20856943060418	3.79512913262478
4.11342895510456	4.55272021242042	4.06996498000543
5.2326535371881	5.05333696424227	5.26004023225217
8.87665145821579	8.80656344052259	8.82198286500342
8.99623007093498	9.0309186667167	8.93379576472875
4.62346100870012	4.95464124079864	4.86827202915887
4.86978211981058	4.94211150087902	5.09652893663426
4.26655678911327	4.15426890563862	4.04844093497268
7.97934371138004	8.13401954472816	8.15517480137922
6.36750166090198	6.08494833832855	6.10821439124296
4.47683244222972	4.5968167638949	4.19287568282348
7.56758548686768	7.51795817278899	7.70505876336978
5.07975674852945	4.91280943120767	4.90493169440373
9.76070698667854	9.68322108222597	9.70687535438621
4.14112785970198	4.45433630469504	4.40643577210724
7.14747195389668	7.0366197581904	7.0962788010568
4.85148502137352	5.21224696938866	4.78213215556831
3.94846967401953	4.11442276487215	3.91462049506631
10.3631933584907	10.3406737710404	10.3137156311274
3.99348787685875	4.27887164221976	4.2264726062109
9.16142685575522	9.13592072500521	9.16277899856176
4.52044054228159	4.16296513764444	4.3941360035382
8.04035713883459	8.16383444190599	8.12243656662624
8.85901872613976	8.92790717093381	8.86221049153359
4.23843248773623	4.33000365731065	4.43314788703451
4.67680138248961	4.60235348672893	4.37609123425
9.29046565890936	9.22693347486072	9.2779445691093
8.88229368804577	8.94645508579402	8.92061100668618
6.59379265182269	6.54241880849173	6.681390504184
9.49843837289901	9.30651933805256	9.37721031096297
4.36238789797594	4.31327959037129	4.17018316640326
4.14853786649386	4.04643946794442	3.77702305823395
9.71898996414324	9.73031710684522	9.76533378490513
4.58922636854845	4.22288131242055	4.01970847171348
4.76783281618431	4.42853505301123	4.82105540154205
5.25737123272604	5.25702886518133	5.25568420747846
10.0839847462058	10.1256100519471	10.1607511327642
9.36478514072013	9.32725001421238	9.26357954350266
5.61733681321698	5.38673323376805	5.46006798677079
9.32870340270294	9.26046413041592	9.28804908668958
4.71516598217216	4.76151322511829	4.93575276026009
5.07626168259439	4.76537000640551	4.84186642235319
3.84267280070983	4.21359343099919	4.12705111101133
4.40289209699844	4.28513614091513	4.24885626259772
8.81812471425601	8.83149210741583	8.81984639301728
5.10561382495022	4.99396014728913	5.12684701057676
8.79522061967332	8.67011700194535	8.69886921207578
7.3838331716469	7.28533320037862	7.28486884059999
4.71024436958137	4.69120111747879	4.74973833800803
4.91850992187536	5.00762609981338	4.96212006608053
8.71233796307267	8.59581522685837	8.56201543724713
9.45210590853144	9.56897879829805	9.53231891761522
4.60966896050647	4.59556045292764	4.82120074009125
8.6694995157488	8.68840029515927	8.75153078125832
4.77867860589473	4.58313739996144	4.6471518946768
5.25253349322604	5.25541082598189	5.15008789595697
2.12137179385086	2.34818375754186	1.93768009131336
8.83013625142268	8.87353038911657	8.88919227712165
9.36869698469446	9.36702853151467	9.41821822568801
8.796107778702	8.56977557801101	8.59227774703243
6.5604367448618	6.52777788269869	6.53314430756233
5.19334959626274	5.04918220550625	5.01392903652323
5.17534910942871	5.12907669150797	5.05130292086121
8.83802963783963	8.71846918960929	8.616691220298
3.28395825312539	3.19430650415846	3.28112872129512
9.42455948810053	9.51405952483759	9.49601155808504
7.66473242904142	7.69584230048242	7.5952622706731
5.30808333725535	5.36687836330153	5.41384586933375
4.73175259446855	4.99483014247464	4.91055338642613
4.5972294071588	4.76711466222079	4.68197024623342
9.45967997424424	9.43629386707168	9.4720376828093
5.11479034175067	5.521854864044	5.25750557764834
4.43333770116248	4.39232734830749	4.57845779300045
5.58069445097874	5.40942554935372	5.56532162748
7.58701574440888	7.57784409205938	7.59128350336196
4.54131228743654	4.60459506530858	4.66688676057457
7.99517705582453	7.76188853753259	7.78826452772336
4.59909373270402	5.02907596802677	4.84871764435451
5.2761100818468	5.23884077571032	5.08124917332006
5.18388300449272	5.02305372484053	5.1199865598121
5.30793371432877	5.07012403849517	5.09669130628947
4.1943979929197	4.71599726320507	4.61607152897346
8.72083210392057	8.53892398120933	8.62939950490984
4.02579158552792	4.36830958251572	4.30379583336308
4.50090269878385	4.40548402305037	4.45218240729177
4.02824106837997	3.83908560066618	3.94886641577748
4.49481655526429	4.57757276720215	4.54540714739489
7.75628453686238	7.68584729914166	7.75023720433761
7.44057661944403	7.31700792075693	7.22462848941686
9.39603430969076	9.46934768513953	9.48814063213045
4.52635914633075	4.4193451576136	4.42592429193859
4.90368781796602	4.70454929944054	4.68593658043392
9.45252131316453	9.42229221275867	9.39452969313763
4.36291440536513	4.65810508759939	4.41352903317013
8.64588294495672	8.45907347645446	8.44059642925099
4.54383882482144	4.62691135594435	4.53444489120534
8.24322799363837	8.29358767343206	8.21609021692686
3.26446532262675	3.43260595473577	3.8712328483
8.78513088982109	8.88743003208051	8.82744942317226
4.85293881106692	5.03949225520113	5.31499887194194
4.60682205233326	4.92883015513538	5.11790982945567
4.09030289847031	3.96068568387734	4.1914737077274
4.95021355347616	4.6594070039673	4.7310749164156
5.1651890952573	5.10851796025193	4.83836807019137
7.97324622458259	7.98106791437895	7.96174391554147
4.04356469806784	4.1898311048047	4.48038370521997
7.24450933457883	7.30677468168977	7.3194974244027
7.69524775438657	7.73484668940606	7.69149989885656
5.67876124617923	5.21592857873387	5.32254836349246
9.26018445057193	8.99028987144575	9.06377754877361
4.33257850369905	4.19212047274334	4.34935539913331
4.5105056280776	4.75631526334532	4.78001067576571
4.92920646404235	4.52092407371028	4.57646989875252
8.50457132091417	8.65984756825049	8.67247962068772
8.76991308915877	8.60483453458773	8.68663544746015
8.94321184455124	8.93626094513872	8.84558325739197
8.42344537493432	8.20864859415391	8.30147817849975
6.64328797862801	6.68922410339214	6.78711112269134
4.72817260988304	4.5687188198201	4.56158222595193
4.76196332903343	4.17636087188992	3.94846770461552
5.02404583758703	5.05534661517478	4.98345890530349
9.35390835376957	9.37460127940568	9.40769938383015
10.0737907198404	10.0639479824386	9.97224461712898
4.2768140923145	4.60981535478283	4.45185310938881
4.67453335763857	4.56720239336908	4.51010857865098
4.65883714728922	4.43382543869642	4.34453039874155
4.35487162650234	4.37498925391078	4.43584523544822
4.45740936741535	4.51382237901147	4.55621602800186
5.21906954689403	5.01134895150318	4.91855496080176
8.75401820720959	8.62079922062079	8.65535678147923
6.02515036349977	5.87265383487719	5.88391594457976
7.9220009402182	8.05830616473199	8.05802928520743
5.7636432722526	5.96216016307397	5.97651758263783
4.29697514578671	4.75223586630393	4.71077290963388
4.86202906997009	5.03394686995629	4.92306777332921
4.9079831619829	4.82673532110582	4.78759805061173
8.41664388683915	8.4209238756127	8.39077445529545
7.01624173720076	6.91595560457286	6.95006212068316
5.53110756177747	5.64526862496267	5.47597213522396
5.13989721181867	4.97430992605731	5.04832392853731
8.68854730841388	8.58122917945133	8.65356029244988
4.68190447244115	4.87605787177124	4.84758756239853
8.73876521133175	8.82662989110456	8.8127633943311
5.61747192995818	5.40092908080654	5.43961771394602
9.17297931470298	9.16456330907561	9.14535555235627
4.36824613512197	4.38952397932428	4.44970538868425
4.74782739314195	4.24767958158437	4.49312056096301
4.46202091530397	4.69084590013285	4.178165903941
4.73920811627824	4.48608041782208	4.16316545232716
9.51948611882073	9.60343800319335	9.59941696070798
5.03497560741822	5.0892180248282	4.84637027117913
7.71569362584579	7.36880662457911	7.51012478292595
4.5348588204621	4.20982527514149	4.2650105120122
4.06106549557899	4.28220516965858	4.38842137939513
8.73904408368805	8.73324664491311	8.69438749896479
3.46590657658986	3.56240565108948	3.83804638795422
4.97323146954507	4.81665446762822	4.75602898870566
7.67426409049089	7.76406931233051	7.7815151165997
6.01098600724122	6.11328524653172	6.18239601714567
4.63253410286032	4.68990347529031	4.73747144479283
8.66869912970661	8.66152958233928	8.66983191368193
4.49148605992888	4.18881926120003	3.96280594828942
5.02557042004926	4.77529149000439	4.82041667800298
7.10916902025471	7.40228967406622	7.47147734830407
3.64262126424676	4.33168496017969	4.14204163376926
8.66894403893649	8.77889345146273	8.7929944923585
5.83349184937382	5.96172215339098	5.87253563782612
8.37326261337212	8.46769924062604	8.46738510991189
4.2404267142494	4.28484863600115	4.39148140617406
4.59284457701865	4.57901230741064	4.54705165421356
8.54451867486894	8.52593312451519	8.46269930356328
3.94093009761571	4.27597026407016	4.07948888976185
8.96009060678986	8.81985638038976	8.87285581767707
4.70616580512752	4.83426907720247	4.78446011718993
4.0789787659313	4.36866448978136	4.27506217619092
9.40727506722758	9.39097328004005	9.40503632696623
4.89589587901548	4.87919697410628	4.85108257036321
9.38324136316361	9.39747401894896	9.44220718128687
4.21302735244923	4.66927945702774	4.52967602906051
8.80558794008824	8.81002836373733	8.83756359795091
7.70847271341667	7.48156772926366	7.52407134394877
5.52639851278973	5.4721980886461	5.59065194064623
4.23948926711694	3.71064971399989	3.66398708502982
8.37165302137667	8.33612338819208	8.30365476895692
6.46347902510277	6.34552225879623	6.26229917015331
5.75542655718773	5.97878040160528	6.13164805258591
8.68705892226329	8.65531432345773	8.63352080282413
4.77860006687766	4.74493603662314	4.48877650355219
9.39593572926624	9.26042818656462	9.31724500912997
4.59924898938885	4.89687829334826	4.97414371449839
4.0981628942998	3.95591424976849	3.85614086623518
5.04543365622173	5.35307972105786	5.23820365940857
4.66248581923587	4.6279092658725	4.48495274818179
4.70643714309481	4.85456888071288	4.75233235143793
5.2277543169462	5.13485983562598	5.3951088027551
9.19035773252639	9.31654755990889	9.28243713391016
8.85725353717663	8.78396373540323	8.74856395217441
5.08553844667796	4.807655641912	4.75769187253453
9.15405811523662	9.09816647128206	9.10450566378805
4.04094283622681	3.93939053920144	4.07543183514434
6.48710609524936	6.28416643215888	6.33941918195035
4.5238012512766	4.17704312374665	4.23371085596541
5.25809501042407	4.94941109936355	5.21132323879899
4.388887088099	4.20874261630191	4.33626974634423
4.5745868798576	4.71128065748796	4.69209454352271
6.51291301834104	6.669468406123	6.69965169343396
6.08197965380197	6.28417605558473	6.34317618058423
9.41739676657473	9.39932714039286	9.40964790524147
4.680410180335	4.75546807196544	4.55138204734239
7.54426564379172	7.81322072815053	7.75852473675568
9.66906979998488	9.62080850388624	9.67736119828687
9.01002813923164	8.99640906829784	9.02739659652299
8.75510685493709	8.70579978471976	8.73507600116799
9.27836560123614	9.18187527505724	9.22367964984814
3.51564403475515	3.82826806097245	3.71951698619702
9.08572007215087	9.14867335256649	9.1302618310166
9.34146063737031	9.32865955584134	9.38264410594057
8.55592869668393	8.45453053546757	8.44124943741345
9.07111001133185	8.96918536450139	8.96902859380731
4.99963550071997	4.1350752026227	4.28655587056871
4.9228043307273	4.88031903526746	4.90191387759868
8.53620976982027	8.5728300882949	8.56645814269881
9.45520479918921	9.37078961018694	9.37583188812137
9.10522467622351	9.16019805152653	9.17947004098964
5.92434311699589	5.99235945326411	5.88411442558071
5.76021693715161	5.67550353232083	5.67507453404974
9.55905920399971	9.62772900635341	9.57926086850806
4.46863192273818	4.60179186736232	4.54537465105825
4.77441979737368	4.88938700323509	4.97684274216345
4.24194082307547	4.6123488984604	4.66207744825209
7.26208894765824	7.15829155134094	7.13109064677917
9.21597752039405	9.18566166324496	9.22567484968742
4.55258053825187	4.55642598142814	4.75585789744323
4.16184335515825	3.69593366036406	4.26500689699578
4.20276510832999	4.23334691469	4.04870041425271
8.86475599327895	8.87086014144257	8.8600921612171
8.12740668624522	8.08773943327895	8.093234814194
4.80889391206613	4.40169892969831	4.85215949571156
8.98880198207707	8.93695899528564	8.9946652322918
5.89045731421087	5.59137787077231	5.7106649262383
5.58577401761415	5.60553417402652	5.67210567783284
9.04813252738928	9.21705396121566	9.18856999487391
4.52636510780512	4.29133392541695	4.55367567695195
4.27411541164018	4.12626200334321	4.40315579787265
8.22906255207769	8.46045687768683	8.47573335654647
9.36081202978435	9.30661812871513	9.32941317616907
8.47149878152414	8.72267254479605	8.65105811557599
8.72214025677698	8.78816064877072	8.78258084327449
5.72841425415398	5.68192477241302	5.73838205253411
7.85676530951341	8.18196358911571	8.10963591918149
8.70102711462182	8.67004323610187	8.68360499911138
8.82900113926643	8.7783015654068	8.84094196681158
5.66215443336349	5.82886499231067	5.76180614089125
9.49239883407216	9.55605949633149	9.61730121309343
4.55874800632921	4.81073405505077	4.76011948935286
5.43431225412269	5.1457777157906	5.34773002244723
13.3722498306723	13.3425503081685	13.3388135545242
12.8358603892925	12.8516323141624	12.8413075800215
4.44164495153083	4.87311906767666	4.88408398421081
5.06344453175357	4.82119851645887	4.98037158946143
8.77045005673377	8.78749159545898	8.79604866312206
4.7770660467404	4.73024119373374	5.02057094996554
4.54034581476772	3.93085698515996	4.3050946607672
3.88106021111109	4.18395146122377	4.23830340911109
3.40970235664762	2.92342932905603	3.30695635665627
8.55333754080954	8.43112772297146	8.43491201019324
5.96825985323463	6.35890439910421	6.20514969833514
7.21222113280817	7.02904046610103	6.96207403394559
8.35564137522567	8.07086248210053	8.20213927373137
4.44465069206818	4.73763618971386	4.31697067713685
4.57680597927694	3.95053131921283	4.30603844454293
9.2578998758868	9.23529455236825	9.22059974709058
4.00064460644466	4.13404256054734	4.06091575790344
3.63077952643159	4.09221764312397	3.87007557355383
8.7962372428138	8.88219883407112	8.95394861258709
4.64347296965939	4.38109200478115	4.56947379108583
4.84877560053945	4.86785589921856	4.81906087611069
8.99640525631752	9.05172208727154	9.01789718435229
4.25436309246537	4.6378241072043	4.75229199806107
7.64477906034541	7.82170896394999	7.73151148349437
5.5104125066248	5.39019276230677	5.30754690151311
9.04188733756048	9.18245892517996	9.20125334166541
4.20140802116772	4.64357186320062	4.38292612922185
8.85303226377642	8.97286513355332	8.94669845948053
4.00717765692662	4.38239181754854	4.31831787799281
7.39027444538912	7.55063848496346	7.51459194619828
4.67536506035381	5.0499479943598	4.95891744557935
4.40733700232189	4.40523479583147	4.52851711949906
9.61926964395586	9.61260093366298	9.55921155334958
5.92554971789847	5.77805651679311	5.8026976526021
3.48493547351533	3.45155208263339	3.13799522876661
8.77585175453039	8.64133271776861	8.63291451485367
5.87349104269296	5.56166560404732	5.43810781948367
6.08933444436183	6.10240338786242	6.32645181966422
8.6954065255447	8.89666197045405	8.92652385055417
8.67050804173012	8.72577621562892	8.62422404208266
9.00781141779455	9.13092199388717	9.12731711169134
9.64512074373397	9.59531869897133	9.54427623266994
8.94240931634664	8.98779321925832	9.02307317796769
8.98722015600159	8.98655508337401	8.96454762725011
8.30515029928484	8.38000799073722	8.3651627411202
7.97587126043484	7.976244965412	8.03920342528466
8.82589573992146	9.08552538419641	9.07935994732567
4.45198374455955	4.19658616566891	4.5383737978949
7.66146998803292	7.62631231138823	7.59017142000652
4.50813850920173	4.47605723828383	4.61729167963232
6.47353727540242	6.59709664078186	6.66876940051068
5.74725731489616	5.6973045827548	5.54546126235867
6.84214979581682	6.80927435554346	6.77883066921816
6.18419695156018	6.05817136657137	5.96246760242895
5.1585776454287	5.14303442329847	5.43623696912915
9.08853626419992	9.1095431431466	9.01094813539015
9.41956284728752	9.55200613739794	9.55687382164447
8.79027190948011	8.87483112467789	8.86060950327923
4.16960734246547	4.02640704724538	3.59891980604181
4.72178322265331	4.96625857163118	4.90993301804844
5.1839831183689	5.31649814031438	5.15836786029612
4.5992331080489	4.42041564742199	4.42714876908156
9.00838803764863	8.9395126374637	8.97690431983768
4.7821792471609	5.01491745174292	4.960066051985
4.84855145980191	5.14045005269485	4.98203274012466
3.93307162220883	3.9543152045212	3.91157871541202
5.07804240433471	5.03610785915412	4.85649577537831
8.73852553414378	8.77106789822296	8.77975081779024
5.57404288405085	5.45176824146117	5.5658092390757
6.19778208740611	6.16301172220909	6.12051252810081
3.64089403037624	4.08611210718796	3.44125013310171
7.80219711138336	7.90036219317458	7.87113257007596
3.00753676961175	3.54310799367187	2.9617277544152
5.27471593835701	5.15863073044076	5.22281597790969
9.32337724734409	9.30417344263108	9.3074064775153
8.83578265513375	8.75458477825105	8.85642649959216
4.54223795090284	4.86706884884632	4.36406649132951
4.79888056046666	4.54014822557884	4.25969472208552
9.17131260646181	9.02555305044312	9.07988275036369
8.10619195265618	7.82294903859916	7.87322115381289
4.94801684274826	5.04878669926998	5.23200051180021
9.33126770029518	9.2274540799316	9.24142575917254
9.68648348835242	9.71376220583458	9.70085899223836
4.85047969401305	4.59567998641098	4.58867561187571
4.51608870112651	4.59246923783557	4.7005097558993
4.59867563861585	4.60704016632369	4.77900848874512
4.50105072720909	4.53663867313771	4.31457553298562
8.47037370851833	8.54707566507239	8.59865571013798
7.20697047467415	7.40278368326093	7.51817812551736
7.55745063717151	7.43311485364785	7.52155850603197
7.38329085838984	7.61800374691827	7.72824105839146
4.87777204477974	4.32582514150553	4.52228975699015
7.8098986216686	7.94551581698163	7.88317126776047
5.17783628158291	5.36452151457716	5.38350196653002
4.61630533729516	4.74830841448739	4.88489440311772
4.46174666612687	4.52390243901136	4.35706326634619
4.3527878918345	4.56011869466211	4.34154107550242
4.62701112592854	4.54821090345952	4.11260647259544
9.1057713474256	9.05173870098871	9.09070162296621
4.56622224176582	4.70891035456544	4.53615882084295
4.75172352141609	4.56185512574327	4.93310437764684
5.00685015002211	5.25978840588697	5.15477883134386
5.55026750712708	5.54891369287818	5.77920918761851
8.83111081137954	8.76895276828682	8.74195105157504
3.66366933189718	4.27508630237027	4.29604185358283
9.11759469497087	9.10557524757078	9.11010254390588
9.57757796519841	9.44832403367747	9.50514369412333
3.97866161809665	4.05154794311172	4.29761026167922
9.29808931424234	9.19047492026559	9.18786267895085
