k4_temp14_1	k4_temp14_2	k4_temp14_3
4.35694015191963	4.57501515457673	4.41471160845165
4.46883303199052	4.52610555409579	4.72591329674595
8.61097819987254	8.55458325467192	8.57495655523883
8.48688785214789	8.41379888297035	8.38177771908957
9.13956854063161	9.13878343302876	9.15567913317535
4.54229519393154	4.6339088436303	4.82974910773049
4.08924436871597	4.5988618965311	4.49271412045292
9.61918658069325	9.55000326656866	9.53480545394196
3.92630579758976	4.20728337007624	4.25973694847531
8.80148753347094	8.7301706966887	8.75059816092893
4.24823389247712	4.52610555409579	4.50531415723256
8.59380305606441	8.57275918063636	8.48239493723835
4.40274384153275	4.57501515457673	4.22967971461913
4.6121972071617	4.74494015601904	4.87899262675035
4.19715970788285	4.70154756050566	4.5667147018967
4.39142852830492	4.31198074874294	4.38774456085138
8.68293463374966	8.64253914877374	8.59056144385107
6.48222862535957	6.2341785971393	6.31803558903998
9.42407087415712	9.35681198219075	9.38646802777218
4.4361668430702	4.66812455896821	4.70421822564663
4.54229519393154	4.92551240166086	4.94522632515043
4.54229519393154	5.07751549510591	4.93594851156242
6.597500695955	6.76088169988806	6.81717104165103
4.40274384153275	4.71251867832667	4.80957122579287
9.09579513692975	9.22463061364014	9.17453816042667
4.72467193642011	4.99005265385557	4.89822884561326
7.4055588571398	7.40790516874147	7.33930420579363
4.32160707880734	4.81787167847289	4.51780510141576
4.40274384153275	4.51361460991258	4.44118381981284
4.40274384153275	4.74494015601904	4.70421822564663
7.65185729424648	7.82925644195252	7.79809590646041
5.25449288294881	5.30474917951186	5.33224944825968
4.82900859623485	5.18382439725226	5.1912055668045
4.34525834687199	4.26803740115534	4.54246715565003
3.82900859623485	4.26803740115534	4.21441295796582
8.27541872180336	8.27082342398618	8.29916481494041
7.82270401938064	7.75691279768512	7.79553339239258
4.688146060395	4.81787167847289	4.57868734356278
8.55502868383933	8.43133692578261	8.46153246520464
4.24823389247712	4.25308705968937	4.94522632515043
8.9725994498637	8.939003854297	8.95616679098107
5.08222394103819	5.15194033623247	5.06921504242588
4.67886824680699	4.73421374942598	4.68219191931664
4.39142852830492	4.74494015601904	4.62560839095027
9.29794041409609	9.29109150375872	9.25368204514641
4.58265293154768	4.66812455896821	4.73663970333901
4.33348117909563	4.19168651502522	4.30368029606291
7.90855539545234	7.78576766035731	7.84221845969271
7.9792281883296	8.0838663272583	8.004120014204
4.00265668371988	4.23798016729916	4.1833860623452
4.36852812619484	4.46254042531832	4.51780510141576
5.75589066703083	6.03444677321403	5.81969544306657
4.413971096956	4.5988618965311	4.70421822564663
8.7139245015861	8.64826413660737	8.61110882125516
4.4361668430702	4.61063906430745	4.49271412045292
4.30963443714127	4.15997765529788	4.50531415723256
4.49020668278309	4.88729307943037	4.90775161973177
5.06807975871793	5.10275278660494	5.28918072636779
9.21170801645201	9.08597707385411	9.10948864476437
4.46883303199052	4.80767591136701	4.44118381981284
4.17092816630968	4.26803740115534	4.5667147018967
2.79506126431151	2.87757792459716	2.74728694753852
4.87034939161575	4.73421374942598	4.67105136171144
3.92630579758976	4.19168651502522	4.64850879306035
3.77778327287968	3.77664901574638	4.03486353763511
8.90507842173075	8.92256270723547	8.91956736997896
8.02662533154621	7.96389349338872	8.081888872461
4.56261517831114	4.46254042531832	4.69324710782563
8.02296366704024	8.00686094154213	7.89822884561326
4.28538689089459	4.7234069944694	4.54246715565003
4.91844367981679	5.26803740115534	5.31803558903998
4.87034939161575	5.3892237476754	5.28918072636779
4.07516918350425	4.46254042531832	4.54246715565003
4.39142852830492	4.8279958957466	4.9907409844028
8.5869993369381	8.61356839534612	8.60087171262876
9.01146069555332	8.75757504008412	8.76965476056698
4.35694015191963	4.09438931367031	4.30368029606291
4.21009876359036	4.52610555409579	4.72591329674595
9.00451462994046	8.83428764161433	8.8588829299412
4.34525834687199	4.57501515457673	4.30368029606291
4.52168491425626	4.79740757591318	4.42800843106511
8.36708470932517	8.25590207529642	8.27177104810816
4.23563385569749	4.56294232227616	4.59056144385107
4.73366071964737	4.50101457313295	4.79937545868698
10.3347739994198	10.3789309926676	10.3811369484635
9.79881339917262	9.92285794821489	9.92044966235641
3.82900859623485	4.4883035213834	4.30368029606291
4.04660003130747	4.69049237199667	4.71510654178937
3.9725994498637	4.09438931367031	4.36026382442928
8.89158818799009	8.94715469541786	8.88864279678406
2.40274384153275	2.62232086935509	2.61402041667506
4.87847727249915	5.19168651502522	4.74728694753852
7.27002258124242	7.33523610104324	7.20285592654342
4.4251116545612	4.90652929829329	4.77876517901169
4.65067135497633	4.65680924574038	5.11103521812051
9.07074237720528	9.15093251569488	9.12436985662212
4.93412530204906	5.07751549510591	5.11925572492548
7.43064983810263	7.3423168271139	7.48478284681671
9.56796490975369	9.5587688425873	9.52323606522982
8.67944986142518	8.84616688783303	8.86378380952764
4.40274384153275	4.56294232227616	4.89822884561326
4.47955943858358	4.75558740021855	4.62560839095027
4.30963443714127	4.22271341064585	4.01737611090627
9.34048546160985	9.32454942224599	9.35461726128813
3.95733269321039	4.29748117904782	4.33224944825968
4.06095532428455	4.19168651502522	4.51780510141576
4.28538689089459	4.58698779624281	4.69324710782563
8.97970050623884	9.01463829213385	9.02996658578358
3.94190265264078	4.11106805481694	3.94522632515043
5.32160707880734	5.58698779624281	5.44118381981284
4.76029584615083	5.08597707385411	5.06070354257037
9.47655068871124	9.5053582593073	9.43461116588936
4.6121972071617	4.94424896424245	5.10276760213691
9.19878345036252	9.21163977512038	9.27084890359554
5.32160707880734	5.49467304625913	5.33930420579363
3.89459693786243	4.44948427249287	4.60233861162742
4.6121972071617	4.5988618965311	4.65982410628818
3.38002376503267	3.66812455896822	3.68219191931663
3.35694015191962	4.22271341064585	4.03486353763511
7.06985538360778	7.23036698318929	7.23347129378151
9.21972746478813	9.11933567080054	9.06602911170704
4.08924436871597	4.56294232227616	4.28918072636779
3.87847727249915	4.23798016729916	4.38774456085138
3.86217546017004	4.23798016729916	4.1833860623452
3.70652458970985	4.28283440308342	4.21441295796582
5.82059635641865	5.96733257735549	6.06496556942453
5.29756160484069	5.68493284665477	5.53634105285318
3.95733269321039	4.26803740115534	4.31803558903998
8.49616140592071	8.58773279757147	8.58686127500848
3.92630579758976	4.06044198174697	3.98175220117555
4.46883303199052	4.55076760833006	4.69324710782563
4.24823389247712	4.47547948102581	4.6371040297881
4.51126829831092	4.80767591136701	5.05214152906694
8.85704313515265	8.52532803047638	8.56219922077421
7.9515657499915	7.84927681583378	7.8057562521087
4.50077592449328	4.44948427249287	4.60233861162742
7.16429507397723	7.08597707385411	7.11720498536072
3.81213477767046	4.22271341064585	3.99967410917281
4.23563385569749	4.34054990093971	4.55464186959613
8.92875394859449	8.92786782265899	8.90656470478133
4.62191236199491	4.70154756050566	4.82974910773049
9.09840713832077	9.10795544294961	8.99633066609844
7.49682152720465	7.4883035213834	7.56821672706193
9.21090361440113	9.05560342481059	9.08504000958757
3.688146060395	4.17591919916691	3.92661064698308
7.78860624217421	7.87024838279867	7.84097636315375
8.6042551860329	8.60476249797078	8.50609801763809
9.33680323643354	9.50614661727276	9.46838613624571
4.413971096956	4.73421374942598	4.73663970333901
9.54229519393154	9.47467418095417	9.49824018208552
4.24823389247712	4.3685642771093	4.45423997263829
4.93412530204906	4.84803364898315	4.85949645112455
4.82059635641865	5.12755617760551	4.89822884561326
4.58265293154768	5.03444677321403	5.03486353763511
8.60057483954495	8.55762852237969	8.60892126201739
8.846723384134	8.90951192296715	8.91544285612778
4.7864481340068	4.77664901574638	4.86927747191713
4.4361668430702	4.77664901574638	4.25973694847531
4.11698935919887	4.51361460991258	4.16761874648688
4.46883303199052	4.35462508615143	4.71510654178937
3.92630579758976	4.35462508615143	4.11925572492548
4.32160707880734	4.65680924574038	4.55464186959613
8.37213036287503	8.24082478545551	8.31446013481615
4.4471379608912	4.26803740115534	4.31803558903998
10.0091490542305	10.0157459275363	9.99493527471304
4.23563385569749	4.12755617760551	4.33224944825968
9.40239157806112	9.38408654922336	9.3650244843513
4.18410355505741	4.6339088436303	4.6371040297881
4.08924436871597	4.39604501353141	4.36026382442928
4.47955943858358	4.57501515457673	4.64850879306035
9.38395432980444	9.40156364186764	9.40465794378773
4.94190265264078	5.32633604172001	5.40129109268933
8.78914526517353	8.85113955985097	8.90001916026811
4.67886824680699	4.92551240166086	4.99967410917281
8.74537414021116	8.97816923861572	9.05642888747004
9.3448917619276	9.35331135556356	9.34325739912359
4.58265293154768	4.70154756050566	4.68219191931664
3.79506126431151	4.44948427249287	4.48000306870337
4.17092816630968	4.11106805481694	3.8496486651682
4.07516918350425	4.29748117904782	3.92661064698308
9.08529958261306	8.95237030879788	9.05214152906694
8.51648600758194	8.66671498871354	8.6183768217192
8.31338657200238	8.34231682711389	8.40297550040068
8.9558931171313	8.85733139356524	8.91248953873843
7.9095472793284	7.94541195909857	7.97043688794771
8.61463213607875	8.52532803047638	8.55160780950649
8.66130987542268	8.72137168488064	8.71984446079603
3.81213477767046	4.46254042531832	4.28918072636779
9.47588122464313	9.43133692578261	9.43872258229656
4.54229519393154	4.9160520724118	5.06921504242588
9.603335979222	9.64218058159384	9.58352298958325
4.24823389247712	4.55076760833006	4.62560839095027
4.27310856111616	4.56294232227616	4.30368029606291
4.33348117909563	4.35462508615143	4.33224944825968
4.07516918350425	4.3685642771093	4.11925572492548
4.24823389247712	4.51361460991258	4.33224944825968
5.01007415528236	5.21501901885585	4.96360485446529
4.17092816630968	4.47547948102581	4.46717902834579
8.89309334727204	8.81086983571974	8.87475029423062
9.25916937015828	9.23465434159238	9.21680906388265
4.26072483666032	4.57501515457673	4.41471160845165
8.30662568726893	8.41295839646776	8.4582959073898
7.01561233882379	6.85547663216871	6.86194793011864
8.25839100756002	7.99455404609051	8.08083696206741
7.74481850953189	7.8330314856439	7.79039466909361
4.47955943858358	4.34054990093971	4.59056144385107
3.9725994498637	4.17591919916691	3.88864279678406
4.87034939161575	5.06044198174697	5.13555753725458
9.5115949585729	9.42718049812838	9.48597532108839
7.2149211470472	7.30111975611117	7.28004393179567
4.24823389247712	4.09438931367031	4.16761874648688
7.33938178053532	7.09857711063374	7.21633016096011
6.30058929753827	5.95814340590083	6.04784139163332
5.11010297361363	4.67935181439147	4.76834856306635
4.76906605577857	4.83804956041052	4.82974910773049
9.2952866581813	9.15947663253165	9.16166129119048
3.81213477767046	4.39604501353141	4.38774456085138
3.51126829831092	4.17591919916691	4.11925572492548
4.76906605577857	4.53848927855161	4.61402041667506
5.95349062691599	5.81787167847289	5.93594851156242
8.11784785076892	8.01685271319929	7.97157242129314
4.9725994498637	5.06900399525039	5.07767662117408
3.35694015191962	4.26803740115534	4.22967971461913
7.63276427723838	7.49626104316232	7.52401025094246
4.22292280394794	4.73421374942598	4.81969544306657
9.74259384441738	9.76121194941243	9.77779181000531
8.94238734777079	8.96274530785984	8.99967410917281
4.08924436871597	4.22271341064585	4.53018882587159
6.22611108157899	6.11933567080054	6.25973694847531
3.91053848173145	4.20728337007624	4.19898291739622
4.00265668371988	4.35462508615143	4.06921504242589
8.39921733026598	8.31827877264331	8.26530362434985
9.26305489645223	9.24555338700396	9.28461956214842
3.94190265264078	4.09438931367031	4.49271412045292
8.37930796494808	8.54540869249141	8.50688145237952
8.67944986142518	8.79740757591318	8.74662379191164
8.68235442258523	8.70498500564126	8.67871972740983
7.42511165456121	7.46091485326927	7.56219922077421
8.75257793299	8.49228776871237	8.41721411565482
8.2952866581813	8.03663102047591	7.94522632515043
5.62191236199491	5.84803364898315	5.77356627233737
5.71108287167216	5.75027360032208	5.87414322708895
8.27695677636363	8.42884450643384	8.41804732101491
4.49020668278309	4.4883035213834	4.40129109268933
4.14421082793389	4.81787167847289	4.75785618924871
2.82900859623485	3.64540448246813	3.44118381981284
9.86038122252452	9.79579652600719	9.8114749362616
4.886559618797	5.00797456185284	4.9907409844028
4.4361668430702	4.95352677783046	4.96360485446529
4.72467193642011	4.97190530714531	4.75785618924871
3.9725994498637	4.17591919916691	4.62560839095027
5.36274577360083	5.52610555409579	5.50531415723256
4.86217546017005	5.29017637842459	5.39453372651402
8.06985538360778	8.00797456185284	7.94753648583763
3.55249096103743	4.42301206113168	4.41471160845165
4.72467193642011	4.55076760833006	5.06070354257037
2.79506126431151	3.42301206113168	3.41471160845165
4.63156253202863	4.6339088436303	5.16761874648688
4.32160707880734	4.98100751425257	4.59056144385107
3.38002376503267	3.39604501353142	3.76834856306635
4.06095532428455	4.66812455896821	4.54246715565003
4.13066429609595	4.19168651502522	4.19898291739622
8.56198449194442	8.68562896007763	8.58760206837052
9.10361699667301	9.19609020010217	9.15917173916478
6.47955943858358	6.50101457313295	6.71510654178937
4.04660003130747	4.55076760833006	4.30368029606291
4.57266884297506	4.62232086935509	4.92661064698308
4.67886824680699	4.61063906430745	4.75785618924871
4.6121972071617	4.77664901574638	5.03486353763511
4.34525834687199	4.69049237199667	4.60233861162742
8.06807975871793	8.10899372657908	8.18436582132403
4.4471379608912	4.35462508615143	4.46717902834579
5.4634397732203	5.74494015601904	5.88864279678406
7.63035978494697	7.7138842203509	7.80957122579287
3.89459693786243	4.47547948102581	4.21441295796582
8.68583219455675	8.67164247107681	8.62055010112724
4.80362327781494	4.99005265385557	5.026146320534
4.79506126431151	4.87757792459716	4.94522632515043
3.82900859623485	4.26803740115534	4.15167720261786
5.01745368564796	5.10275278660494	5.09445233392491
8.77234118781143	8.78511823651519	8.8114749362616
8.76029584615083	8.55610669202667	8.55691323460094
4.4361668430702	4.57501515457673	4.42800843106511
9.0429887777551	9.03280641483277	9.00356502476038
7.62553874440086	7.69879169521516	7.76965476056697
8.24037177470415	8.33612309464074	8.27912706170387
3.81213477767046	4.38237007663434	4.42800843106511
8.1049165268983	8.20631349102063	8.21920119681487
3.59256840041276	4.07751549510591	4.44118381981284
5.89459693786242	6.01242046688403	5.94522632515043
8.66248710522353	8.61868045601573	8.65063718544179
4.71562679681711	4.99904143708283	5.06070354257037
6.75589066703083	6.76878689797341	6.94522632515043
3.53202685847772	3.97190530714531	4.25973694847531
9.0493025516873	9.0371765659696	9.03486353763511
4.39142852830492	4.64540448246813	4.50531415723256
3.84568733738148	4.14385798993461	4.1833860623452
8.68119329975323	8.58400393780398	8.59351476124042
8.50865235010391	8.45684289165867	8.4847828468167
5.39142852830491	5.54464150553321	5.63136766023896
9.25058419716346	9.35155785180361	9.35505239778393
9.82533427542531	9.60181521392044	9.60050475471228
6.49020668278309	6.46902445888852	6.58166504336267
4.96498626575382	5.24555338700396	5.15167720261786
4.33348117909563	4.29748117904782	4.51780510141576
10.7318394001016	10.6751518258622	10.688075534451
4.29756160484069	4.5988618965311	4.44118381981284
4.29756160484069	4.52610555409579	4.57868734356278
8.90557564559949	8.82610300891364	8.84531903049905
8.82428274838103	8.93841988544025	8.8114749362616
4.40274384153275	4.50101457313295	4.45423997263829
5.0393684620764	5.46254042531832	5.21441295796582
4.87034939161575	5.34760465847366	5.33224944825968
4.01745368564796	4.06044198174697	4.21441295796582
9.66513236528377	9.5988618965311	9.61692614785047
9.39213834137748	9.415897959495	9.44772666567962
4.38002376503267	4.56294232227616	4.53018882587159
5.56765076820844	5.34054990093971	5.24478660700934
4.27310856111616	4.50101457313295	4.93594851156242
5.90258972861596	5.63966811291898	5.84469944919647
8.55756195058485	8.72408479342051	8.64992807014568
8.54994876647498	8.56294232227615	8.66052837529943
3.95733269321039	4.31198074874294	4.03486353763511
9.04885248303885	8.94133736882255	8.9498429532208
4.13066429609595	4.61063906430745	4.67105136171144
8.59503665600352	8.64897816534795	8.66895289582744
5.33348117909564	4.89694324946409	4.80957122579287
8.73925040134301	8.75160388630005	8.71103304720295
4.00265668371988	4.26803740115534	4.38774456085138
9.0569323145923	8.98892510784985	9.03105623465781
8.97875571573953	8.80319250474603	8.89344378304788
8.60057483954495	8.29383340203267	8.39622603760647
8.69103318371372	8.47949925247815	8.59130034017497
3.35694015191962	3.69049237199667	3.54246715565003
3.82900859623485	4.35462508615143	4.10276760213691
8.94238734777079	8.9249229450476	8.88563404691173
3.81213477767046	3.85794911784823	3.86927747191713
9.52395355794203	9.50968890669879	9.52284881652507
8.76249340185508	8.96044619177025	8.93128713419256
8.78266365917929	8.70704354826051	8.77095977652289
6.01745368564796	6.44948427249287	6.24478660700934
4.4361668430702	4.52610555409579	4.45423997263829
7.70309640186097	7.68214502928315	7.8259871889343
4.38002376503267	4.79740757591318	4.73663970333901
9.17753090113392	9.274529771666	9.21680906388265
5.28538689089459	5.62812649103629	5.72591329674595
8.88756673579489	8.87513887914574	8.87656996448349
9.26809048634953	9.2412983436547	9.24947525280297
4.4361668430702	4.76615664192874	4.82974910773049
3.81213477767046	4.38237007663434	4.1833860623452
4.06095532428455	4.94424896424245	4.69324710782563
8.7875275916261	8.789010401756	8.84841295199553
3.84568733738148	4.38237007663434	4.1833860623452
9.2665429452616	9.32633604172001	9.24900707332753
9.42233456989063	9.51635626006203	9.49033931326502
8.39497410649864	8.42718049812838	8.38944484984122
4.08924436871597	4.42301206113168	4.5667147018967
9.37572362759904	9.32454942224599	9.34150176149788
5.63636351829245	5.8330314856439	5.76311191470021
8.88353404262857	8.88365755871387	8.93011943276022
4.30963443714127	4.42301206113168	4.55464186959613
8.80041847448102	8.94308503110882	8.95329575512632
4.59256840041277	4.98100751425257	4.69324710782563
8.72128665123547	8.72679280930878	8.66123230068099
12.9723324791241	12.937835680111	12.9168067234321
5.4251116545612	5.84803364898315	5.65417754314704
11.9654632685821	12.0147075442659	11.9673095548777
5.4251116545612	5.65111813366252	5.75258124720804
5.06095532428454	5.22271341064585	5.65417754314704
9.81874962209202	9.66106289513402	9.71510654178937
4.13066429609595	4.80767591136701	4.49271412045292
3.6121972071617	3.77664901574638	4.03486353763511
8.20040536738651	8.19462379810478	8.18827821705297
9.54740208436463	9.49268558893849	9.53787501901672
4.13066429609595	4.56294232227616	4.21441295796582
4.11698935919887	4.29748117904782	4.19898291739622
8.56135352974723	8.59367899884177	8.54017291444421
3.51126829831092	4.02567656358629	4.13555753725458
9.1195633028627	9.28559202426241	9.21008991315692
4.57266884297506	4.78706563169172	4.87899262675035
6.54229519393155	6.21501901885585	6.34281868996987
9.21532228566813	9.21018910125165	9.15017361202747
9.09579513692975	9.03061636501428	9.08451529780114
3.70652458970985	3.85794911784823	3.99967410917281
3.95733269321039	4.28283440308342	4.22967971461913
8.58016337952199	8.7818667250174	8.81464221534029
8.58575884241551	8.61722171469742	8.67384457660312
9.25994731304092	9.23275042176358	9.18191517517525
6.48222862535957	6.4329961497043	6.48000306870337
4.75147199576383	4.69049237199667	4.86927747191713
9.6774131836066	9.58549663844505	9.60453616733167
4.9801726695685	5.40959154536936	5.31803558903998
8.75313058384559	8.7582369786325	8.73597163431069
4.32160707880734	4.23798016729916	4.50531415723256
4.87034939161575	4.88729307943037	4.81969544306657
9.00544270655072	9.07007068294475	9.05856779822638
9.30247838389026	9.19511276440022	9.27223189942685
3.2853868908946	3.69049237199667	3.8297491077305
4.17092816630968	4.5988618965311	4.57868734356278
8.53845312763715	8.44373483972775	8.41638042881227
9.5419754122521	9.5899654960427	9.54361290954814
7.34818767791066	7.33346047615339	7.19315383859401
4.40274384153275	4.50101457313295	4.36026382442928
4.56261517831114	4.73421374942598	4.67105136171144
6.99893359767716	7.10899372657908	7.09861595886644
2.6121972071617	2.47547948102582	2.51780510141576
9.71732708580694	9.64504662681929	9.67523915867487
6.32458477860724	6.09438931367031	6.15966999337139
7.91152900359726	7.91129854244116	7.97723672005305
3.6121972071617	4.38237007663434	3.90775161973177
8.10144850830309	8.01463829213385	8.02942145256686
4.23563385569749	4.57501515457673	4.78910712323315
2.82900859623485	3.9160520724118	3.65982410628818
9.48921183499682	9.36552656647092	9.39368682596672
4.15763134369622	4.44948427249287	4.53018882587159
9.02250530483117	8.96159620780635	8.92543915277264
8.78212220860401	8.86472668549138	8.77291508973057
4.17092816630968	4.65680924574038	4.40129109268933
4.94190265264078	5.19950601948452	5.25228114355626
8.90805919766899	8.90473675918397	8.94638186789614
3.2853868908946	4.00797456185284	4.24478660700934
9.26615580047439	9.14183030858763	9.21345340020455
9.02296366704024	9.0267757598611	9.06549743857005
4.4471379608912	4.64540448246813	4.86927747191713
6.02112934379136	6.14790482299731	6.27820960854679
8.45395278244752	8.41379888297035	8.42220614499857
9.39107349076384	9.42134130814717	9.36113056824681
3.57266884297506	3.85794911784823	3.65982410628818
4.59256840041277	4.90652929829329	4.77876517901169
5.79506126431151	5.76615664192874	5.93594851156242
3.77778327287968	3.95352677783046	4.10276760213691
5.26692998618703	5.26058159623629	5.26715442003779
3.65067135497633	4.26803740115534	4.05214152906695
7.56135352974723	7.47386843111983	7.49271412045293
9.28309264968878	9.29793650335045	9.39453372651402
4.52168491425626	4.99005265385557	4.76834856306635
4.01745368564796	4.66812455896821	4.68219191931664
8.47889136955525	8.39349081686385	8.40633842742665
7.4808946492674	7.64540448246813	7.65700358722581
8.30210076445586	8.42884450643384	8.38689366431189
8.47487644569998	8.58026541526393	8.4639551274715
5.70195185992003	5.73421374942598	5.78910712323315
8.80148753347094	8.76812978339093	8.74927458740409
8.72861142210817	8.75160388630005	8.73597163431069
3.49020668278309	3.97190530714531	4.05214152906695
9.49020668278309	9.46659636006983	9.4871668105223
4.30963443714127	4.78706563169172	4.82974910773049
9.43030432378153	9.42259455424383	9.42179080167027
9.55882691782143	9.52493911147122	9.51624963491371
9.35766713356307	9.25073701023523	9.24055375788714
9.85369730624575	9.91990281600408	9.84933983608838
8.95924989620468	9.05128881960332	9.01241933742249
4.96498626575382	5.28283440308342	4.92661064698308
8.57954031968035	8.50654063476555	8.55236692293673
4.91053848173145	5.01685271319929	4.94522632515043
4.6121972071617	4.93491109966311	5.026146320534
8.78320490662172	8.65680924574038	8.71171276219356
4.17092816630968	4.80767591136701	4.8496486651682
4.51126829831092	4.69049237199667	4.70421822564663
4.03210046161236	4.52610555409579	4.1833860623452
4.39142852830492	4.65680924574038	4.71510654178937
10.1429462303006	10.0660665309409	10.0489176281927
4.688146060395	4.99005265385557	5.1833860623452
8.59380305606441	8.61795126972732	8.64921860613292
7.60486766536321	7.77534163455959	7.72725846704471
3.4471379608912	4.17591919916691	4.08608886099028
5.96879787970384	5.70704354826051	5.86439525053739
3.51126829831092	4.02567656358629	4.16761874648688
6.26072483666032	6.12755617760551	6.13555753725458
9.15637846038614	9.02897164314788	9.09809616241301
3.72467193642011	4.17591919916691	4.03486353763511
4.00265668371988	4.26803740115534	4.3463246334714
4.23563385569749	4.79740757591318	4.78910712323315
7.65895253006013	7.86902316400666	7.77095977652289
3.79506126431151	4.12755617760551	4.42800843106511
7.1442108279339	7.11727320434365	7.06496556942452
3.72467193642011	3.3685642771093	3.8297491077305
9.19268496992367	9.11882033054113	9.11669184466853
9.20808466994913	9.19364536806328	9.16364984428393
9.29338812515184	9.27545487271782	9.2950887628277
4.38002376503267	4.6339088436303	4.74728694753852
7.23088032572685	7.25120732647115	7.31087579746711
4.34525834687199	4.40959154536936	4.33224944825968
8.75423525085277	8.7234069944694	8.69599771884167
8.93315017863182	8.8095931143613	8.93187063067812
8.98535629279977	8.99736030070201	9.03649216814585
8.63696251977122	8.73084532613326	8.73663970333901
4.19715970788285	4.25308705968937	4.38774456085138
4.413971096956	4.00797456185284	4.13555753725458
8.4634397732203	8.46659636006983	8.38604226562038
4.34525834687199	4.55076760833006	4.65982410628818
3.82900859623485	4.53848927855161	3.88864279678406
4.69736459042438	5.14385798993461	5.08608886099028
4.58265293154768	4.64540448246813	4.87899262675035
8.77179584853414	8.73488649135512	8.739308890115
8.73533989932197	8.70978371060543	8.66965272365629
6.10318355967384	5.98100751425257	6.09445233392491
8.36491687264246	8.58847741438329	8.50217444970199
9.59965328407389	9.63571108626428	9.69221427515471
4.73366071964737	5.00797456185284	4.70421822564663
4.70652458970985	4.4883035213834	4.28918072636779
3.53202685847772	4.04316399031514	3.98175220117555
4.28538689089459	4.39604501353141	4.30368029606291
8.83371901412082	8.81150777295803	8.68219191931664
4.413971096956	5.15997765529788	5.06070354257037
4.39142852830492	3.97190530714531	4.19898291739622
9.57985188323644	9.52959923409398	9.58203682407363
4.60241618636911	4.97190530714531	5.026146320534
3.79506126431151	3.95352677783046	3.90775161973177
8.72185141735773	8.6835396113549	8.70558376767087
7.49945899602128	7.42301206113168	7.47840628376904
9.38252627223584	9.34628451651097	9.38348505069817
5.11698935919887	5.06900399525039	5.08608886099028
4.90258972861596	5.16797044605142	5.27453395040339
3.94190265264078	4.51361460991258	4.1833860623452
3.65067135497633	4.38237007663434	4.36026382442928
5.47955943858358	5.69049237199667	5.58463660989397
8.63096128382618	8.60696901643438	8.62488686303281
8.5999605346428	8.3917855033782	8.42137533873266
8.54867598735327	8.62812649103629	8.61402041667506
9.72523537913022	9.71524847108224	9.71612312083852
3.81213477767046	4.19168651502522	4.13555753725458
4.76029584615083	4.83804956041052	4.78910712323315
4.11698935919887	4.38237007663434	4.21441295796582
4.96498626575382	4.88729307943037	4.94522632515043
3.76029584615084	3.77664901574638	4.11925572492548
4.14421082793389	4.58698779624281	4.51780510141576
9.02616813140266	9.01019922696735	9.01076328783462
3.92630579758976	4.11106805481694	4.33224944825968
4.19715970788285	4.62232086935509	4.95444485517981
9.07295747827131	9.1554621741754	9.16761874648688
7.41536838039781	7.23036698318929	7.26715442003779
4.67886824680699	4.89694324946409	4.92661064698308
4.22292280394794	4.94424896424245	4.61402041667506
7.99239498804753	7.85918377349987	7.95674031316747
5.03210046161236	5.40283417919405	5.45423997263829
9.74981149869861	9.75757504008412	9.72085770796929
9.59256840041276	9.57200640470439	9.60636491018129
8.56702227983392	8.51126047007956	8.58908251492516
4.45802627703394	4.77664901574638	4.89822884561326
8.83997574257223	8.72679280930878	8.70558376767087
4.32160707880734	4.32633604172	4.19898291739622
5.98394442345771	5.90652929829329	5.75785618924871
4.89459693786243	4.29748117904782	4.38774456085138
6.64829654778843	6.94192015818247	6.96360485446529
8.7042400365153	8.44702303497659	8.5076644619189
8.89909833009737	9.01574592753635	8.96986878593569
4.74259384441738	5.11106805481694	5.15966999337139
9.41117246360333	9.37073016107846	9.43625713873292
3.9725994498637	4.64540448246813	4.65982410628818
5.03210046161236	5.14385798993461	5.11103521812051
8.78968408685706	8.894536751757	8.89643630650393
8.85240838000894	8.93549649023349	8.88744004970241
5.89859886841992	6.15997765529789	6.08608886099028
9.1597170676982	9.15244398261248	9.13403704348213
6.89459693786242	6.8405520676137	6.77616806752565
4.01745368564796	4.38237007663434	4.64850879306035
5.50077592449328	5.73958692152484	5.68219191931664
8.82585975167985	8.66459804770144	8.70967265573874
7.69506547433479	7.74494015601904	7.80065387706118
4.54229519393154	4.9160520724118	4.72591329674595
3.63156253202863	3.19168651502522	3.05214152906694
9.63426505240845	9.43589520774492	9.4509869948432
3.46883303199053	4.11106805481694	4.33224944825968
8.45870407598504	8.4246808814923	8.46234047140941
7.68003124166311	7.56445696287816	7.57570348512395
7.37715843133828	7.48510818222359	7.38944484984122
8.36780659827738	8.25496434693004	8.20285592654342
9.69074473124032	9.68528094535132	9.68669331155158
2.53202685847772	2.79740757591318	2.5667147018967
4.51126829831092	4.62232086935509	4.61402041667506
4.30963443714127	4.22271341064585	4.37406962395431
9.14631603046838	9.04912666851914	8.98118853832763
9.3448917619276	9.33789544749373	9.36329515236013
9.02845268459722	8.92669059285814	8.87414322708895
7.99426618810349	8.11417396568476	8.08083696206741
4.90258972861596	5.00797456185284	5.04352839876223
5.30963443714127	5.38237007663434	5.49271412045292
4.83737206916948	4.64540448246813	4.79937545868698
4.14421082793389	4.02567656358629	3.8496486651682
9.52686515336194	9.57200640470439	9.58574937126104
9.4275372262353	9.47185208552133	9.47800681123682
4.74259384441738	5.21501901885585	5.07767662117408
9.20768151358466	9.24744049654823	9.24055375788714
5.71108287167216	5.74494015601904	5.92191895165836
4.63156253202863	5.07751549510591	5.27453395040339
8.91202400962061	8.98892510784985	8.99911740646828
5.33348117909564	5.60476249797078	5.36026382442928
6.8078853046691	6.9136772652239	7.05214152906695
6.17423331103335	6.35812253038766	6.31803558903998
8.28920253723645	8.22845739318065	8.28096021956282
5.60731498578195	5.92551240166086	6.03920247335945
8.52944831437594	8.66882882797946	8.68427123032883
7.15596059071171	7.35111914264989	7.31087579746711
5.7864481340068	6.00797456185284	5.8496486651682
8.43478956846356	8.46254042531832	8.4655679784398
4.03210046161236	3.81787167847289	4.08608886099028
6.26072483666032	6.69603055553809	6.53940735590097
4.58265293154768	4.61063906430745	4.76834856306635
6.26383074752815	6.0690039952504	6.17552394457223
6.02479566098913	6.20728337007624	6.16364984428393
4.56261517831114	4.99005265385557	4.95444485517981
4.76029584615083	5.22271341064585	5.09445233392491
4.65067135497633	4.96274530785984	4.80957122579287
4.29756160484069	4.90652929829329	4.68219191931664
5.27310856111616	5.37548369104909	5.49902789438513
8.78914526517353	8.77403306753937	8.78652857913137
8.77506479640001	8.75757504008412	8.68288535602352
4.6601316842254	4.75558740021855	4.78910712323315
4.4251116545612	4.76615664192874	4.65982410628818
9.02571078632326	9.05990516498138	9.03974392393472
4.75147199576383	5.16797044605142	4.99967410917281
4.93412530204906	5.06900399525039	4.86927747191713
6.85189248690819	6.79740757591318	6.93827356450866
5.6601316842254	5.85299990187649	5.67663239397474
4.27310856111616	4.83804956041052	4.81969544306657
9.97828308836728	10.0060251618291	9.98877946806951
9.73589919184337	9.67970126214439	9.68219191931664
6.28232709114553	6.69049237199666	6.43131357578878
7.23879419659082	7.33168266318548	7.3463246334714
5.60241618636911	5.93491109966311	5.97723672005305
5.9065695795285	6.10275278660494	6.04784139163332
6.38573741622707	6.50732834706516	6.61402041667506
5.26692998618703	5.29748117904782	5.29644872683183
6.2133154762739	6.35462508615143	6.35331106378751
5.76906605577857	6.17591919916691	6.07767662117408
9.45802627703394	9.36378785575623	9.38646802777218
5.21652503274979	5.4883035213834	5.53018882587159
5.85395495336508	5.97646358910762	6.01737611090627
4.45802627703394	4.64540448246813	4.88864279678406
5.26072483666032	5.31198074874294	5.1912055668045
6.58761918444104	6.57501515457673	6.44118381981284
5.89859886841992	6.16397958585538	6.14766414011123
4.90258972861596	5.13573010905121	5.11925572492548
4.51126829831092	4.79740757591318	4.70421822564663
4.91053848173145	4.92551240166086	4.78910712323315
8.10058019949513	8.19168651502522	8.14665912785123
6.49020668278309	6.76352158176077	6.72591329674595
9.22611108157898	9.25871160888325	9.26576654591355
5.93022084759315	6.10275278660494	5.91248953873843
4.66953038222765	5.15997765529788	4.78910712323315
4.58265293154768	4.80767591136701	4.67105136171144
4.11698935919887	4.38237007663434	4.28918072636779
7.05558881453473	7.14385798993461	7.06496556942452
6.44986775364677	6.46578608482197	6.37750052935458
4.14421082793389	4.78706563169172	4.51780510141576
8.71165164559669	8.7668146556418	8.70967265573874
4.60241618636911	4.75558740021855	4.71510654178937
4.40274384153275	4.22271341064585	4.41471160845165
3.9877063422539	4.26803740115534	4.54246715565003
9.144632114268	9.16846852823861	9.18191517517525
2.57266884297506	2.99005265385557	3.24478660700934
5.3036106495135	5.31917625014714	5.32516002347336
5.6121972071617	5.77141236738024	5.70967265573875
8.38431112343577	8.55990826218652	8.60599934701174
4.86217546017005	5.21501901885585	5.16761874648688
9.35911999878242	9.49268558893849	9.49745203945959
7.43891745408624	7.72069260977236	7.44772666567961
4.60241618636911	4.94424896424245	4.64850879306035
10.4048556180126	10.3885825973615	10.4242810699081
6.66013168422541	6.64253914877374	6.64566604329152
7.55756195058485	7.54464150553321	7.56821672706193
9.77642467494437	9.80222995937002	9.77519294410841
7.29148709043101	7.1739361128878	7.34106251806599
4.36852812619484	4.56294232227616	4.59056144385107
5.84153569411101	5.78706563169172	5.96360485446529
3.84568733738148	4.44948427249287	3.99967410917281
3.82900859623485	3.93491109966311	4.49271412045292
3.35694015191962	3.99005265385558	4.01737611090627
8.69449012236669	8.63535081780421	8.64495447975508
4.91844367981679	4.95352677783046	4.93594851156242
3.87847727249915	4.25308705968937	4.15167720261786
4.84568733738148	4.62232086935509	4.74728694753852
4.93412530204906	5.09438931367031	4.96360485446529
4.01745368564796	4.46254042531832	4.38774456085138
2.79506126431151	3.22271341064585	3.61402041667506
6.9801726695685	6.82547149433106	6.78652857913137
4.89459693786243	5.06900399525039	5.11103521812051
8.56639351754857	8.57501515457673	8.54856735518644
4.06095532428455	4.61063906430745	4.60233861162742
7.82059635641865	7.73421374942599	7.71239215709234
7.72241596247974	7.85794911784823	7.80448234912007
3.9725994498637	4.23798016729916	4.30368029606291
8.44234835948651	8.4002919846316	8.51001094393396
3.86217546017004	4.32633604172	4.41471160845165
8.7630422681508	8.84678940997468	8.78329890453232
3.33348117909563	3.85794911784823	3.88864279678406
8.91696475089088	8.83177423498404	8.85642623281135
4.26072483666032	4.25308705968937	4.5667147018967
9.67508202569137	9.61027247936306	9.58166504336267
3.81213477767046	3.99005265385558	4.21441295796582
9.23484268757188	9.24413643317499	9.18142454601191
3.95733269321039	4.20728337007624	4.5667147018967
5.38573741622706	5.38237007663434	5.40129109268933
9.44029079549493	9.44702303497659	9.38646802777218
3.46883303199053	3.73421374942599	3.88864279678406
7.0787008744745	7.07751549510591	7.09861595886644
9.0975369965327	9.01019922696735	9.08661300088374
4.01745368564796	4.14385798993461	3.8297491077305
9.07605291709445	9.09596116242673	9.10380364888944
4.413971096956	5.01685271319929	5.03486353763511
3.84568733738148	3.83804956041053	4.11925572492548
8.61948969972806	8.61940927393518	8.57645002849942
8.46208830235717	8.45112276788863	8.44527657444672
4.4251116545612	4.80767591136701	4.72591329674595
9.28844021487215	9.18923420261955	9.14565341499009
4.95733269321039	5.10275278660494	5.11925572492548
9.00544270655072	9.00518889765295	8.96417542795142
6.57266884297506	6.49467304625913	6.50844704671752
6.25449288294881	6.39944358999328	6.22967971461913
8.13745346175859	8.04207721433841	8.02176788002342
4.90258972861596	4.93491109966311	4.87899262675035
3.87847727249915	4.25308705968937	4.10276760213691
8.86012472060529	8.88001285351422	8.89942263553731
7.17258168516219	7.15194033623246	7.12742965637118
9.16096705625947	9.19462379810478	9.16761874648688
9.13406287255781	9.0880847368161	9.05589366392805
2.40274384153275	2.57501515457673	2.94522632515043
9.61736652783508	9.55267669295545	9.61365678843346
4.24823389247712	4.06044198174697	4.15167720261786
8.50930678197763	8.39604501353141	8.38944484984122
8.4382302928249	8.3754836910491	8.30187579921616
9.23997754187184	9.21742792748179	9.13606401261203
5.16429507397723	5.23798016729916	5.22206653050925
5.11698935919887	5.42301206113168	5.39453372651402
6.76029584615084	6.88729307943037	6.74728694753852
8.38216903686422	8.54310590662199	8.51702757779635
7.65422625215296	7.58549663844505	7.69049124253513
3.95733269321039	4.46254042531832	4.37406962395431
8.553760380425	8.89152297367984	8.8259871889343
4.63156253202863	4.7234069944694	4.81969544306657
9.31301179734359	9.21405432805368	9.25787660644978
4.26072483666032	4.58698779624281	4.61402041667506
9.5585107799784	9.37375694632963	9.37192115737573
8.66835888801721	8.66177061898481	8.70762966029577
9.50439129156352	9.48230644315849	9.47400599047846
8.63576426800725	8.53848927855162	8.55615651019813
4.58265293154768	4.20728337007624	4.21441295796582
9.13745346175859	9.11313940483664	9.112065346719
8.28538689089459	8.28926067224285	8.26715442003779
4.69736459042438	4.42301206113168	4.70421822564663
9.06318549174192	9.07432956438707	9.02450596215274
4.65067135497633	4.75558740021855	4.76834856306635
3.26072483666032	3.5988618965311	3.80957122579287
8.87543468077553	8.96847711929643	8.92133141549024
9.48555817920502	9.45602711835964	9.50099529553673
5.01745368564796	5.38237007663434	5.49271412045292
8.5999605346428	8.57049967345424	8.6413913881912
6.98958362949458	6.82294266802032	6.96816313642759
6.52686515336193	6.51674749939755	6.59646204529075
8.92924308066932	9.01795865042546	9.01407348823342
4.24823389247712	4.44948427249287	4.48000306870337
8.43341097777969	8.43878845188497	8.38774456085138
3.59256840041276	4.61063906430745	4.5667147018967
5.13745346175859	5.15194033623247	5.4863725935791
9.1062148876047	9.10639661509304	9.08346530136404
8.79345021440553	8.94715469541786	8.95272086169735
3.63156253202863	4.22271341064585	4.44118381981284
9.36057140236649	9.39476848045221	9.35635702036648
4.22292280394794	4.38237007663434	4.5667147018967
9.15596059071171	9.13318072679939	9.14615635905685
3.51126829831092	3.79740757591318	3.99967410917281
7.83110401423704	7.90891589113017	7.88623629907697
6.51387951176746	6.53540329867787	6.41804732101491
4.32160707880734	4.40959154536936	4.36026382442928
4.4471379608912	4.35462508615143	4.38774456085138
4.91844367981679	4.88729307943037	4.90775161973177
8.52686515336194	8.34496316544237	8.3628624952746
5.4195521292193	5.43630888374514	5.45423997263829
4.52168491425626	4.85794911784823	4.88864279678406
4.45802627703394	4.53848927855161	4.42800843106511
4.71562679681711	4.94424896424245	4.79937545868698
4.26072483666032	4.76615664192874	4.91721194898084
8.14589523564525	8.10587663129182	8.0965356484254
4.21009876359036	4.32633604172	4.73663970333901
8.59009591473325	8.41547838844627	8.41804732101491
4.10318355967384	4.57501515457673	4.54246715565003
4.29756160484069	4.78706563169172	4.98175220117555
9.12127671760197	9.31152983608389	9.34106251806599
2.53202685847772	3.19168651502522	3.15167720261786
8.71845949955495	8.61576149692004	8.63853456539454
4.28538689089459	4.50101457313295	4.65982410628818
8.64710767665326	8.58475048117945	8.57719618576502
2.53202685847772	2.75558740021855	2.36026382442927
9.37177054368352	9.28971859798575	9.3641600774705
4.17092816630968	4.26803740115534	4.28918072636779
4.21009876359036	4.52610555409579	4.61402041667506
12.1692209877564	12.2104914452897	12.1961320401868
5.85395495336508	5.50732834706516	5.83973319630312
4.45802627703394	4.40959154536936	4.46717902834579
7.31413582937621	7.52765934535087	7.46717902834579
4.13066429609595	4.3685642771093	4.50531415723256
9.22172538096519	9.06097859884109	9.13149932068023
3.89459693786243	4.35462508615143	3.96360485446529
3.94190265264078	4.02567656358629	4.19898291739622
9.18205281549265	8.98270780324241	9.00023059714148
3.26072483666032	4.07751549510591	4.25973694847531
6.9744964850363	6.9136772652239	7.09653564842539
9.46714980342379	9.45112276788863	9.41471160845165
4.34525834687199	4.38237007663434	4.71510654178937
4.28538689089459	4.5988618965311	4.67105136171144
4.55249096103743	4.66812455896821	4.71510654178937
5.31563317776271	5.42967579141269	5.37406962395431
6.89259180197204	7.07539232321295	6.99074098440281
5.10318355967384	4.76615664192874	5.05214152906694
7.86217546017005	7.87269570321742	7.87778180415229
8.7053827653203	8.75426078399552	8.67105136171144
7.66953038222765	7.75558740021855	7.6413913881912
4.46883303199052	4.53848927855161	4.49271412045292
3.63156253202863	4.32633604172	4.42800843106511
9.40801749809669	9.35374939869457	9.39791636590867
5.413971096956	5.7922458707974	5.88382578048629
5.4195521292193	5.19168651502522	5.47360529750522
9.74537414021115	9.72814491347606	9.77389175345345
4.30963443714127	4.47547948102581	4.41471160845165
4.4251116545612	4.53848927855161	4.73663970333901
4.47955943858358	4.73421374942598	4.60233861162742
4.71562679681711	4.67935181439147	4.67105136171144
9.77370363483014	9.82768058702698	9.75225092206844
8.69966004841204	8.50890248256327	8.6147473983185
4.50077592449328	4.52610555409579	4.42800843106511
9.33532771082204	9.34408159190996	9.34413441741253
5.65067135497633	5.64540448246813	5.71510654178937
8.78266365917929	8.63246542676063	8.75653926077672
4.58265293154768	4.89694324946409	4.64850879306035
4.47955943858358	4.64540448246813	4.96360485446529
8.46748660628301	8.39604501353141	8.47680772954356
4.47955943858358	4.58698779624281	5.026146320534
3.9877063422539	4.07751549510591	4.27453395040339
9.2665429452616	9.08228123824235	9.09184395310067
3.9877063422539	4.64540448246813	4.67105136171144
4.34525834687199	4.4883035213834	4.38774456085138
4.27310856111616	4.11106805481694	4.37406962395431
4.24823389247712	4.56294232227616	4.54246715565003
4.08924436871597	4.3685642771093	4.16761874648688
4.51126829831092	4.85794911784823	4.77876517901169
3.9725994498637	3.81787167847289	4.1833860623452
9.68322465185112	9.74226602172072	9.71544548106989
4.03210046161236	4.26803740115534	3.74728694753852
5.58761918444103	5.67935181439146	5.67105136171144
7.58885808107439	7.6353508178042	7.70558376767086
8.44371844035006	8.60255259959502	8.63352147259353
3.81213477767046	4.06044198174697	4.08608886099028
4.39142852830492	4.28283440308342	4.6371040297881
4.413971096956	4.56294232227616	4.79937545868698
9.72608013081292	9.62595211980196	9.64353029894753
9.70109285719094	9.67585267360047	9.6720994511443
3.86217546017004	4.66812455896821	4.51780510141576
8.15261326892959	8.01906374051464	7.95674031316747
3.35694015191962	3.66812455896822	4.03486353763511
8.7608455489736	8.62885055380727	8.63924930161965
4.67886824680699	4.69049237199667	4.61402041667506
3.94190265264078	3.97190530714531	4.37406962395431
4.58265293154768	4.99005265385557	4.83973319630312
5.82480860770556	5.76088169988807	5.72052003797574
4.76906605577857	4.9160520724118	4.74728694753852
3.77778327287968	4.31198074874294	4.54246715565003
4.22292280394794	4.88729307943037	4.78910712323315
8.61767002947519	8.52221373883879	8.53018882587159
4.33348117909563	4.39604501353141	4.13555753725458
4.38002376503267	4.78706563169172	4.81969544306657
7.87543468077553	7.93725123811763	7.90537681254387
8.55629587324086	8.65396649597155	8.68565577462021
4.00265668371988	4.38237007663434	4.33224944825968
4.40274384153275	4.64540448246813	4.73663970333901
4.19715970788285	4.35462508615143	4.6371040297881
4.63156253202863	5.12755617760551	4.79937545868698
7.53973495361298	7.66812455896821	7.67244864515324
4.24823389247712	4.67935181439147	4.55464186959613
8.63875803343283	8.62812649103629	8.65770923411729
4.99520087880083	5.20728337007624	5.25228114355626
8.72241596247975	8.8442977080757	8.82912280208103
4.54229519393154	4.76615664192874	5.08608886099028
9.14505327761675	9.21453675408756	9.23819679764899
4.47955943858358	4.76615664192874	4.36026382442928
3.72467193642011	4.29748117904782	4.1833860623452
3.74259384441737	4.43630888374514	4.64850879306035
9.39957036955341	9.31062758774873	9.26669194366234
4.38002376503267	4.28283440308342	4.3463246334714
9.18819630969129	9.18086502177171	9.14565341499009
5.4251116545612	5.6960305555381	5.72591329674595
4.27310856111616	4.23798016729916	4.51780510141576
8.48422727962642	8.55000326656866	8.56069091426893
3.91053848173145	4.20728337007624	3.51780510141576
8.71845949955495	8.72001321487359	8.65770923411729
4.33348117909563	4.47547948102581	4.49271412045292
4.47955943858358	4.5988618965311	4.64850879306035
3.76029584615084	4.20728337007624	4.22967971461913
4.11698935919887	4.81787167847289	4.24478660700934
4.9725994498637	5.21501901885585	4.93594851156242
8.35984588309504	8.49467304625913	8.49033931326502
5.17753090113392	5.32633604172001	5.26715442003779
7.20687486271606	7.35111914264989	7.34807441542136
3.53202685847772	4.28283440308342	4.31803558903998
4.32160707880734	4.42301206113168	4.48000306870337
9.4825619267451	9.45888030908652	9.38944484984122
3.86217546017004	4.6339088436303	4.72591329674595
3.89459693786243	4.12755617760551	4.53018882587159
9.62523689377921	9.58437725778042	9.58017696170326
4.23563385569749	4.38237007663434	4.80957122579287
9.43444504427305	9.32454942224599	9.4092745718581
4.76029584615083	5.17591919916691	5.06070354257037
3.9877063422539	4.20728337007624	4.30368029606291
4.64114858085783	4.83804956041052	4.67105136171144
8.87238565877227	8.86718338262123	8.8114749362616
4.56261517831114	4.58698779624281	4.45423997263829
9.04750143404901	8.89333199591171	8.85826914774054
9.81716482327917	9.73455015960377	9.74263844396046
4.18410355505741	4.67935181439147	4.92661064698308
4.87034939161575	5.07751549510591	5.31087579746711
7.05379553271168	7.05829351516839	7.23914004386819
5.52168491425626	5.92078999141846	5.69874309558049
4.69736459042438	4.61063906430745	4.5667147018967
7.85601447554337	7.71251867832667	7.71916856711261
4.21009876359036	4.29748117904782	4.21441295796582
8.66777278399091	8.57200640470439	8.51313366169186
9.23918875287412	9.15797251940751	9.19461331776845
8.72973501643357	8.70772907692197	8.721195298948
4.14421082793389	4.55076760833006	4.48000306870337
8.71222019537386	8.69948115522392	8.70353496963534
4.70652458970985	4.87757792459716	4.9907409844028
9.31376124932974	9.36378785575623	9.40255458280736
8.22212463239735	8.30111975611117	8.29916481494041
3.59256840041276	3.81787167847289	4.08608886099028
8.5448508988353	8.50968890669879	8.51391328615876
4.4361668430702	4.75558740021855	4.24478660700934
8.4935178961735	8.47869619370936	8.52013516120767
7.01192257967473	7.14183030858763	7.22587814445928
8.56072229147818	8.4329961497043	8.40381696734836
8.49285626119704	8.23512992921525	8.35243960798276
7.3111364623065	7.33523610104324	7.26345045127438
4.24823389247712	4.7234069944694	4.59056144385107
3.6121972071617	3.57501515457673	3.80957122579287
8.52880295760343	8.43961402846881	8.42386632359477
6.81637177055692	6.65680924574038	6.61402041667506
7.39142852830491	7.47547948102582	7.51313366169186
5.08924436871597	5.04316399031514	5.33224944825968
3.77778327287968	4.22271341064585	4.48000306870337
4.17092816630968	4.84803364898315	4.75785618924871
3.94190265264078	4.15997765529788	4.50531415723256
4.14421082793389	4.04316399031514	4.50531415723256
10.1647105369148	10.1552108992395	10.1651394624244
3.81213477767046	4.28283440308342	4.21441295796582
9.46580180515624	9.28971859798575	9.24900707332753
4.06095532428455	4.78706563169172	4.54246715565003
8.24430818926333	8.28191402344079	8.18534491538325
4.32160707880734	4.73421374942598	4.71510654178937
8.92139699720614	8.85361948317908	8.89404278452665
9.74814908825054	9.75492424459167	9.73897551171008
4.77778327287968	5.18382439725226	5.16761874648688
8.4681599762093	8.62450071621788	8.59351476124042
3.65067135497633	4.07751549510591	3.96360485446529
4.21009876359036	4.12755617760551	4.13555753725458
9.6527461093732	9.59812262157724	9.60160534856671
4.06095532428455	4.56294232227616	4.25973694847531
8.55122042371103	8.48510818222359	8.49824018208552
8.7864481340068	8.84741166361422	8.75588034546913
4.60241618636911	4.70154756050566	4.67105136171144
4.32160707880734	4.44948427249287	4.16761874648688
4.73366071964737	4.84803364898315	4.80957122579287
5.16429507397723	5.56294232227616	5.44772666567962
8.77343124833997	8.73958692152483	8.70353496963534
9.00729707061179	8.99848127592616	9.004120014204
3.51126829831092	3.69049237199667	3.92661064698308
7.55629587324086	7.59442055374932	7.59498915589188
5.57266884297506	5.65111813366252	5.61982603835626
4.45802627703394	4.73421374942598	4.89822884561326
3.63156253202863	3.69049237199667	3.76834856306635
4.47955943858358	4.43630888374514	4.37406962395431
4.60241618636911	4.97190530714531	4.95444485517981
4.01745368564796	4.40959154536936	4.16761874648688
3.84568733738148	4.12755617760551	4.1833860623452
9.1157006632303	9.25964690553895	9.18240563754301
7.20202546305467	7.31378299137692	7.23536335312272
9.55566241766937	9.45235041939446	9.47800681123682
4.36852812619484	4.8279958957466	4.85949645112455
8.79667051717317	8.6411043450345	8.64281768098249
7.34818767791066	7.34584420060922	7.41471160845165
3.76029584615084	4.20728337007624	4.10276760213691
8.25605339693642	8.05936814839565	8.04028517137716
8.38929699128941	8.2717509039544	8.25414871021303
4.27310856111616	4.17591919916691	4.65982410628818
7.45802627703394	7.47708873388748	7.43790123582354
4.73366071964737	4.93491109966311	5.25228114355626
5.26072483666032	5.58698779624281	5.70421822564664
8.56765076820844	8.40537190199595	8.52864666106318
8.64174559929833	8.68562896007763	8.69874309558049
3.87847727249915	4.17591919916691	4.55464186959613
5.88655961879701	5.87757792459716	6.04784139163332
8.58885808107439	8.39604501353141	8.42054405375381
3.49020668278309	4.20728337007624	3.80957122579287
3.79506126431151	4.53848927855161	4.06921504242589
4.9801726695685	4.99904143708283	5.21441295796582
8.76633108805733	8.67935181439146	8.69805724101996
8.88756673579489	8.90354049457074	8.80893609699507
4.34525834687199	4.9160520724118	4.83973319630312
4.60241618636911	4.89694324946409	5.06070354257037
3.94190265264078	4.14385798993461	4.05214152906695
7.85807106183731	8.00908732321991	8.03703463667673
6.17753090113392	5.99005265385557	6.026146320534
4.17092816630968	4.57501515457673	4.1833860623452
7.4361668430702	7.39604501353141	7.59203885825657
4.81213477767045	4.86779690380458	4.86927747191713
9.65629590417022	9.55686780786647	9.57905989231653
3.82900859623485	4.43630888374514	4.40129109268933
7.00079634169435	6.92078999141847	6.99074098440281
4.58265293154768	5.16797044605142	4.74728694753852
3.6121972071617	4.11106805481694	3.92661064698308
10.2589748188747	10.2167056771333	10.1848554514122
3.66953038222765	4.26803740115534	4.22967971461913
9.05424406218549	9.00853104982151	9.03703463667674
4.21009876359036	4.14385798993461	4.38774456085138
7.91942879084236	8.03881196577543	8.004120014204
8.74925757469839	8.80062428859672	8.73797491402283
3.92630579758976	4.31198074874294	4.42800843106511
4.38002376503267	4.57501515457673	4.36026382442928
9.18410355505741	9.09962216322626	9.15167720261786
8.77288632102815	8.81914109786046	8.79617444774234
6.42511165456121	6.43630888374514	6.58760206837052
9.39284780539025	9.17938305447048	9.25041115620322
4.04660003130747	4.29748117904782	4.16761874648688
3.81213477767046	4.04316399031514	3.78910712323315
9.61463213607876	9.6040262412358	9.63746179669406
4.27310856111616	4.20728337007624	4.01737611090627
4.47955943858358	4.39604501353141	4.79937545868698
5.01007415528236	5.19950601948452	5.20671856617582
9.97993660721979	10.0007206167574	10.0321450611554
9.25878024135191	9.19999333414577	9.13707643022614
5.38573741622706	5.31917625014714	5.40129109268933
9.22252377337123	9.13318072679939	9.16166129119048
4.4361668430702	4.7234069944694	4.90775161973177
4.80362327781494	4.7234069944694	4.80957122579287
3.51126829831092	4.20728337007624	4.13555753725458
4.08924436871597	4.26803740115534	4.24478660700934
8.70766551111442	8.7042981715217	8.69599771884167
4.84568733738148	4.94424896424245	5.08608886099028
8.68351461166335	8.54310590662199	8.57570348512396
7.24509418494656	7.16597639591933	7.17552394457222
4.4251116545612	4.65680924574038	4.72591329674595
4.65067135497633	4.96274530785984	4.92661064698308
8.59934596805592	8.46902445888852	8.43954346143159
9.34708987567058	9.44208792740177	9.40507824824544
4.32160707880734	4.56294232227616	4.79937545868698
8.55756195058485	8.56142608982877	8.62849089948339
4.49020668278309	4.55076760833006	4.62560839095027
5.00265668371988	5.19950601948452	5.10276760213691
1.65067135497633	2.42301206113168	2.05214152906694
8.72015645529762	8.74627536670286	8.76507788598907
9.26305489645223	9.23987720247176	9.29145591220582
8.68351461166335	8.44291161856939	8.4695922349986
6.38858577853609	6.42301206113168	6.44118381981284
4.93412530204906	4.99904143708283	4.97270706157254
4.91844367981679	5.07751549510591	5.00855226051926
8.72636160482433	8.59145204438741	8.49350485494293
2.89459693786243	3.22271341064585	3.33224944825968
9.31936976374399	9.38708547095242	9.36890791883853
7.53460080214154	7.57351156398634	7.48159808825875
5.06807975871793	5.30474917951186	5.36026382442928
4.45802627703394	4.95352677783046	4.87899262675035
4.30963443714127	4.73421374942598	4.65982410628818
9.35439282743737	9.30927315637945	9.34501090288353
4.87034939161575	5.46254042531832	5.20671856617582
4.13066429609595	4.3685642771093	4.5667147018967
5.35111107311743	5.34054990093971	5.50531415723256
7.45531189233691	7.45602711835965	7.47840628376904
4.24823389247712	4.57501515457673	4.64850879306035
7.869330179252	7.6382304495804	7.67244864515324
4.32160707880734	4.99005265385557	4.81969544306657
5.02479566098913	5.18382439725226	5.03486353763511
4.92630579758976	4.97190530714531	5.07767662117408
5.05379553271168	5.01685271319929	5.05214152906694
3.89459693786243	4.69049237199667	4.60233861162742
8.60792616776139	8.41211742002839	8.50688145237952
3.70652458970985	4.35462508615143	4.30368029606291
4.19715970788285	4.38237007663434	4.44118381981284
3.688146060395	3.83804956041053	3.96360485446529
4.19715970788285	4.55076760833006	4.53018882587159
7.62795127847625	7.56294232227615	7.63567207429497
7.30210076445586	7.19755511311437	7.11515132659274
9.2907259745912	9.3423168271139	9.36113056824681
4.22292280394794	4.39604501353141	4.41471160845165
4.62191236199491	4.66812455896821	4.65982410628818
9.34708987567058	9.29520239948561	9.26761674820739
4.06095532428455	4.6339088436303	4.40129109268933
8.53138265438535	8.33257184351618	8.31892806976184
4.24823389247712	4.5988618965311	4.51780510141576
8.12469745433414	8.16797044605141	8.0965356484254
2.89459693786243	3.44948427249287	3.90775161973177
8.67479036592269	8.760220973959	8.70353496963534
4.59256840041277	4.99005265385557	5.27453395040339
4.33348117909563	4.88729307943037	5.08608886099028
3.76029584615084	3.95352677783046	4.19898291739622
4.66953038222765	4.62232086935509	4.70421822564663
4.90258972861596	5.06044198174697	4.79937545868698
7.8498270677424	7.85671340467556	7.84469944919647
3.72467193642011	4.17591919916691	4.48000306870337
7.1049165268983	7.18776081181142	7.21057089167142
7.56639351754857	7.61210447331195	7.57719618576502
5.44166283082505	5.15194033623247	5.26715442003779
9.15261326892959	8.86288141339046	8.93827356450866
4.01745368564796	4.17591919916691	4.3463246334714
4.22292280394794	4.7234069944694	4.75785618924871
4.64114858085783	4.4883035213834	4.55464186959613
8.39142852830492	8.53308447411081	8.55008838330929
8.65777241135148	8.47789268767863	8.56370595202436
8.83371901412082	8.80895432974121	8.721195298948
8.30587251834507	8.08280979477543	8.18142454601191
6.47955943858358	6.58101389519817	6.69049124253513
4.4361668430702	4.53848927855161	4.54246715565003
4.4471379608912	4.15997765529788	3.94522632515043
4.76029584615083	5.00797456185284	4.94522632515043
9.24823389247712	9.24744049654823	9.28096021956282
9.96974921177979	9.93871189941572	9.84376957804543
3.9725994498637	4.58698779624281	4.44118381981284
4.38002376503267	4.53848927855161	4.49271412045292
4.35694015191963	4.40959154536936	4.33224944825968
4.04660003130747	4.35462508615143	4.42800843106511
4.15763134369622	4.4883035213834	4.54246715565003
4.95733269321039	4.96274530785984	4.87899262675035
8.64174559929833	8.49387839185133	8.53249898655879
5.82059635641865	5.78706563169172	5.80957122579287
7.79934862271461	7.93373960545267	7.94059487641878
5.55756195058485	5.87757792459716	5.90299808976113
4.00265668371988	4.7234069944694	4.69324710782563
4.59256840041277	4.99005265385557	4.88864279678406
4.63156253202863	4.78706563169172	4.75785618924871
8.30058929753826	8.29474621132658	8.26992616928785
6.8642232888189	6.80255087918914	6.84717617948868
5.3036106495135	5.57501515457673	5.41471160845165
4.87847727249915	4.92551240166086	5.00855226051926
8.57579629930686	8.45439418661668	8.53095929053123
4.40274384153275	4.83804956041052	4.81969544306657
8.62795127847625	8.69948115522392	8.68911133325643
5.38573741622706	5.33346047615339	5.38092329499537
9.06585714998856	9.0371765659696	9.01957366661051
4.06095532428455	4.3685642771093	4.44118381981284
4.4471379608912	4.22271341064585	4.48000306870337
4.15763134369622	4.66812455896821	4.16761874648688
4.4361668430702	4.46254042531832	4.15167720261786
9.41466990783956	9.47668658892574	9.47200141180263
4.76906605577857	5.04316399031514	4.80957122579287
7.58265293154769	7.24744049654823	7.39791636590868
4.22292280394794	4.19168651502522	4.25973694847531
3.74259384441737	4.26803740115534	4.38774456085138
8.62734852307125	8.60623388518745	8.57121609413164
3.10318355967385	3.57501515457673	3.86927747191713
4.69736459042438	4.77664901574638	4.72591329674595
7.54612705552257	7.64110434503451	7.66685137318215
5.81637177055692	6.02127138446629	6.10276760213691
4.34525834687199	4.65680924574038	4.71510654178937
8.55629587324086	8.53463077119441	8.54704472175657
4.17092816630968	4.17591919916691	3.96360485446529
4.75147199576383	4.73421374942598	4.78910712323315
6.97069991694821	7.28283440308342	7.36199679165373
3.30963443714127	4.32633604172	4.15167720261786
8.55756195058485	8.65183075162756	8.66965272365629
5.62674551573086	5.87757792459716	5.79937545868698
8.25761222479299	8.34143363452991	8.3463246334714
3.92630579758976	4.26803740115534	4.38774456085138
4.29756160484069	4.55076760833006	4.53018882587159
8.42995872669258	8.39944358999328	8.34106251806599
3.6121972071617	4.26803740115534	4.08608886099028
8.8503436998127	8.69257168300886	8.74861234500509
4.4251116545612	4.79740757591318	4.75785618924871
3.76029584615084	4.35462508615143	4.27453395040339
9.30172304615526	9.26384825306984	9.27820960854679
4.62191236199491	4.83804956041052	4.81969544306657
9.27772518918652	9.27035946030928	9.31535482944382
3.91053848173145	4.64540448246813	4.51780510141576
8.69506547433479	8.68284248882822	8.71374998781929
7.57642097783617	7.35986807813949	7.41136816537728
5.29756160484069	5.40283417919405	5.53018882587159
3.89459693786243	3.71251867832666	3.68219191931663
8.25449288294881	8.21018910125166	8.1833860623452
6.28232709114553	6.24555338700396	6.17552394457223
5.55249096103743	5.89212623316632	6.05642888747004
8.57454613021573	8.52843561388769	8.51079225727062
4.49020668278309	4.71251867832667	4.46717902834579
9.28996445700114	9.13318072679939	9.1907180874821
4.32160707880734	4.85794911784823	4.94522632515043
3.76029584615084	3.95352677783046	3.86927747191713
4.79506126431151	5.29748117904782	5.1912055668045
4.36852812619484	4.5988618965311	4.46717902834579
4.4251116545612	4.81787167847289	4.72591329674595
4.9801726695685	5.07751549510591	5.3463246334714
9.08398225331056	9.18923420261955	9.1561785948528
8.74648476000495	8.65680924574038	8.62488686303281
4.81213477767045	4.76615664192874	4.72591329674595
9.04660003130748	8.97076348275576	8.97893168211317
3.70652458970985	3.93491109966311	4.08608886099028
6.30662568726893	6.18382439725225	6.25228114355626
4.21009876359036	4.15997765529788	4.22967971461913
5.00265668371988	4.89694324946409	5.16761874648688
4.07516918350425	4.19168651502522	4.33224944825968
4.28538689089459	4.67935181439147	4.67105136171144
6.34525834687198	6.56294232227616	6.60526794266609
5.89459693786242	6.18776081181143	6.25973694847531
9.31188688887265	9.27221442043739	9.28279105107869
4.39142852830492	4.7234069944694	4.53018882587159
7.41536838039781	7.69049237199666	7.64424256508932
9.56450558483743	9.49427577376842	9.54970827659101
8.90159304806447	8.86902316400666	8.90240279573953
8.64353517369471	8.57876728943784	8.61183727117767
9.17175516262976	9.05452598260899	9.09757617861179
3.15763134369622	3.83804956041053	3.74728694753852
8.97828308836728	9.0212713844663	9.00467479023117
9.23563385569749	9.20145429127404	9.25601386243259
8.44097697626453	8.32812045139819	8.31981999871816
8.96259888304638	8.84180169527163	8.84407960169353
4.69736459042438	4.11106805481694	4.27453395040339
4.65067135497633	4.83804956041052	4.86927747191713
8.42233456989063	8.44620168850357	8.44445895184571
9.34965011598915	9.24366380580274	9.24900707332753
8.99800132298179	9.03280641483277	9.0537507819286
5.72015645529762	5.90652929829329	5.80957122579287
5.54229519393154	5.5988618965311	5.60819133787286
9.45429267997315	9.50101457313295	9.45180092718687
4.17092816630968	4.57501515457673	4.53018882587159
4.50077592449328	4.84803364898315	4.94522632515043
3.94190265264078	4.58698779624281	4.64850879306035
7.11870583178789	7.0409896190808	7.02395876129623
9.10923985959394	9.0582935151684	9.09965499026958
4.26072483666032	4.52610555409579	4.73663970333901
3.82900859623485	3.69049237199667	4.27453395040339
3.87847727249915	4.22271341064585	4.05214152906695
8.75478726732818	8.74360370845623	8.73597163431069
8.00637018651894	7.96274530785984	7.97497366854448
4.52168491425626	4.3685642771093	4.82974910773049
8.8799961654707	8.8095931143613	8.86988658952841
5.67420686943712	5.51361460991259	5.64281768098249
5.36274577360083	5.53231070362249	5.60819133787286
8.94093277358517	9.08966346581649	9.06283612986318
4.22292280394794	4.26803740115534	4.54246715565003
3.95733269321039	4.11106805481694	4.40129109268933
8.11268922176525	8.33434856177139	8.35505239778393
9.25488316971999	9.17938305447048	9.20285592654342
8.35839374906113	8.59590252105055	8.52864666106318
8.61097819987254	8.66106289513402	8.65911949331159
5.51126829831092	5.60476249797078	5.67105136171144
7.7347803898944	8.05721808087269	7.99186065464983
8.58885808107439	8.54310590662199	8.56069091426893
8.71845949955495	8.65111813366252	8.71713898407089
5.4471379608912	5.75027360032208	5.69324710782563
9.38751830157959	9.42926020879686	9.4899431317327
4.27310856111616	4.77664901574638	4.73663970333901
5.19064640092418	5.08597707385411	5.29644872683183
13.2511467228911	13.2372978105216	13.2130033877111
12.7191668070363	12.74247511705	12.7143860313176
4.15763134369622	4.83804956041052	4.85949645112455
4.79506126431151	4.77664901574638	4.94522632515043
8.65954222761214	8.6603548239341	8.67244864515324
4.50077592449328	4.69049237199667	4.9907409844028
4.22292280394794	3.9160520724118	4.30368029606291
3.55249096103743	4.17591919916691	4.24478660700934
3.01745368564796	2.95352677783046	3.36026382442927
8.4382302928249	8.30474917951186	8.31356488499475
5.77778327287968	6.26431431511262	6.12334847955936
7.06452193930473	6.9136772652239	6.85704079939823
8.23642459018749	7.94541195909857	8.08294001643528
4.14421082793389	4.71251867832667	4.30368029606291
4.26072483666032	3.93491109966311	4.30368029606291
9.15135601826973	9.10795544294961	9.09445233392491
3.66953038222765	4.12755617760551	4.06921504242589
3.2853868908946	4.09438931367031	3.88864279678406
8.68641100902425	8.75492424459167	8.8297491077305
4.34525834687199	4.35462508615143	4.55464186959613
4.57266884297506	4.8279958957466	4.78910712323315
8.88807003077327	8.9243332474956	8.89284453276268
3.95733269321039	4.61063906430745	4.73663970333901
7.51648600758194	7.69879169521516	7.61692614785047
5.27310856111616	5.32633604172001	5.25228114355626
8.9346126167103	9.05506480429252	9.07556587457827
3.89459693786243	4.62232086935509	4.37406962395431
8.74370660578445	8.84554409695745	8.82221543504509
3.688146060395	4.3685642771093	4.31803558903998
7.25605339693642	7.42967579141269	7.40297550040068
4.40274384153275	5.00797456185284	4.92661064698308
4.10318355967384	4.38237007663434	4.51780510141576
9.51453157733376	9.48590768074274	9.4317261869859
5.71562679681711	5.6960305555381	5.73128646884481
3.10318355967385	3.47547948102582	3.1833860623452
8.66366337519566	8.51439847031812	8.51001094393396
5.65067135497633	5.4883035213834	5.37406962395431
5.89859886841992	6.00797456185284	6.24478660700934
8.58513819493728	8.76944371339149	8.80256938303971
8.55819457284489	8.5988618965311	8.50138845401876
8.9000967350098	9.00351491366214	9.00189877428732
9.54037543976818	9.46862005943502	9.41679733245363
8.83371901412082	8.86041737343898	8.89822884561326
8.87847727249915	8.85918377349987	8.83973319630312
8.18819630969129	8.25402600865898	8.24478660700934
7.8529240886975	7.85175994044143	7.92191895165836
8.71732708580694	8.95814340590083	8.95444485517981
4.14421082793389	4.17591919916691	4.53018882587159
7.53073816250914	7.50417491402628	7.47680772954357
4.21009876359036	4.44948427249287	4.60233861162742
6.3036106495135	6.49149179901445	6.57570348512396
5.52686515336194	5.62232086935509	5.48000306870337
6.68351461166335	6.69879169521516	6.67941483464607
5.98770634225391	5.96733257735549	5.88382578048629
4.91053848173145	5.08597707385411	5.38774456085138
8.98064467841972	8.98214126286957	8.88563404691173
9.3145103121923	9.42509778513366	9.42966194991762
8.68003124166311	8.74760934279503	8.73663970333901
3.82900859623485	4.02567656358629	3.61402041667506
4.4471379608912	4.92551240166086	4.87899262675035
4.93412530204906	5.26058159623629	5.11103521812051
4.29756160484069	4.39604501353141	4.41471160845165
8.89959761892079	8.8121454282351	8.85211692075895
4.51126829831092	4.97190530714531	4.92661064698308
4.58265293154768	5.09438931367031	4.94522632515043
3.59256840041276	3.95352677783046	3.92661064698308
4.81213477767045	4.99005265385557	4.81969544306657
8.62734852307125	8.64397252697499	8.65629759502141
5.34525834687199	5.38237007663434	5.50531415723256
6.00637018651894	6.0690039952504	6.03920247335945
3.2853868908946	4.09438931367031	3.46717902834579
7.67653944074701	7.77664901574638	7.75522112908074
2.6121972071617	3.57501515457673	3.01737611090627
5.02479566098913	5.10275278660494	5.17552394457223
9.21732630743903	9.17690972103273	9.18093374993951
8.72523537913022	8.62740206468871	8.73262664083239
4.24823389247712	4.83804956041052	4.3463246334714
4.50077592449328	4.51361460991258	4.24478660700934
9.06363111183532	8.89814499467385	8.95444485517981
7.98205977911276	7.69879169521516	7.75653926077672
4.688146060395	4.99904143708283	5.1912055668045
9.22491630300893	9.10014440578071	9.11515132659274
9.58203094617875	9.58736034499656	9.57308753691695
4.56261517831114	4.56294232227616	4.5667147018967
4.22292280394794	4.56294232227616	4.68219191931664
4.30963443714127	4.57501515457673	4.75785618924871
4.19715970788285	4.51361460991258	4.30368029606291
8.3562128037616	8.4205052055211	8.47680772954356
7.06985538360778	7.28283440308342	7.40801695587764
7.42372378043696	7.31198074874294	7.40969353368502
7.25136678196209	7.49626104316232	7.61547401381656
4.58265293154768	4.29748117904782	4.50531415723256
7.68467386848819	7.82167659067633	7.76704118187957
4.93412530204906	5.30474917951186	5.33224944825968
4.33348117909563	4.71251867832667	4.85949645112455
4.15763134369622	4.50101457313295	4.3463246334714
4.04660003130747	4.53848927855161	4.33224944825968
4.32160707880734	4.52610555409579	4.10276760213691
8.99800132298179	8.9243332474956	8.96531589839887
4.27310856111616	4.67935181439147	4.51780510141576
4.46883303199052	4.52610555409579	4.90775161973177
4.75147199576383	5.20728337007624	5.11103521812051
5.32755634513853	5.47547948102582	5.71510654178937
8.72015645529762	8.64182192527356	8.6183768217192
3.33348117909563	4.26803740115534	4.30368029606291
9.01007415528236	8.97816923861572	8.9845672167826
9.47252923651605	9.32141750435103	9.37792881940994
3.65067135497633	4.04316399031514	4.30368029606291
9.19146217422321	9.06312307346988	9.06177023026472
