k4_temp14_1	k4_temp14_2	k4_temp14_3
4.64759205996574	4.61618313924379	4.44097207924232
4.76341515676505	4.5553337442227	4.75260799753426
8.72021648718511	8.68282643254229	8.70096151081194
8.58531451994779	8.54413299211538	8.50026539583303
9.23496077859932	9.27251925038161	9.2888265224341
4.8231390244691	4.68217573957321	4.87555223400939
4.3884996732643	4.64369812494986	4.52600574601001
9.71788734581569	9.67431560878891	9.65997907457694
4.24668822111699	4.22074298861037	4.27717414729043
8.93978229714122	8.84800510685926	8.88352480186703
4.54284280003949	4.5553337442227	4.53864278777962
8.70021263797208	8.70096151081194	8.60330345045696
4.69352180873618	4.61618313924379	4.24668822111699
4.89369768258854	4.78478958951569	4.92293334251159
4.47867271731235	4.74532151954635	4.60420994782547
4.68024441052734	4.35312453843161	4.41611295818428
8.78744730688908	8.77406394914428	8.71488659492116
6.64477218444348	6.37200204092372	6.44241111071588
9.53910191358509	9.49287760477758	9.50147794183438
4.72703420786817	4.71594968728375	4.72703420786817
4.8231390244691	4.97028445985485	4.99792652104149
4.8231390244691	5.13845363818225	4.98573000437273
6.78179607817481	6.83609747378521	6.92965765533516
4.69352180873618	4.75260799753426	4.85033249124998
9.1940078308798	9.35256286257967	9.31415480366049
4.9918376554364	5.03707514484439	4.94202273926707
7.52477925884824	7.53311696602905	7.42815850630306
4.608234225259	4.86052859786112	4.55117009616163
4.69352180873618	4.54700644810056	4.47645658021011
4.69352180873618	4.78478958951569	4.72703420786817
7.80586616587624	7.93148438476114	7.89668260561527
5.43652764134256	5.36942143422677	5.38668931868961
5.07773747873967	5.23633171813889	5.23506285412058
4.63785645014341	4.29706110596102	4.57999579845696
4.17797076079495	4.29706110596102	4.23111493287334
8.38568414452649	8.39583407488828	8.41960233450558
7.94763926716783	7.8641115721884	7.88944284617653
4.96092527409462	4.86052859786112	4.61222510581436
8.64510261694426	8.56821607480251	8.58046786790831
4.54284280003949	4.27717414729043	4.99792652104149
9.08295207910333	9.05561761406055	9.0858039425503
5.34340492893028	5.20236712404971	5.12466603674332
4.95150496844276	4.77414195868143	4.70477933416975
4.68024441052734	4.78478958951569	4.64759205996574
9.40432354528564	9.41897498460145	9.37685958951346
4.85713000882583	4.71594968728375	4.76341515676505
4.62406689526533	4.19953792601223	4.31191337381145
8.03437954334936	7.89668260561527	7.97148580224489
8.08669318328437	8.2218751819828	8.14286126749962
4.31191337381145	4.26201172248183	4.19404188508271
4.6592123202622	4.50894401282195	4.55117009616163
5.94813317883083	6.13033297690931	5.89175297142674
4.70477933416975	4.64369812494986	4.72703420786817
8.82128654797762	8.78179244451673	8.73535232333669
4.72703420786817	4.66494499375352	4.52600574601001
4.59619478983659	4.16171845869414	4.53864278777962
4.78478958951569	4.92452047153134	4.95467922648226
5.33256537597778	5.16453247501282	5.32645783568702
9.30718584173561	9.2182958102271	9.24062770487388
4.76341515676505	4.85544263928021	4.47645658021011
4.4521157838008	4.29706110596102	4.60420994782547
3.17716652739272	2.91894627773962	2.81269570747521
5.11762021880977	4.77414195868143	4.69352180873618
4.24668822111699	4.19953792601223	4.67073972264811
4.12040957724134	3.7749013386309	4.03941049658593
9.02611962697788	9.03202293270417	9.04094026880455
8.13558312612676	8.09258530031514	8.21692062068893
4.83680733639535	4.50894401282195	4.71594968728375
8.1284257951354	8.11248884622877	8.00054015619297
4.57794941016056	4.76341515676505	4.57999579845696
5.16453247501282	5.32888787557909	5.36238659181992
5.11762021880977	5.48314739523388	5.32645783568702
4.38148474636741	4.50894401282195	4.57999579845696
4.68024441052734	4.87055971479536	5.03707514484439
8.68965475129659	8.73896861033122	8.72524382857828
9.12663545815735	8.874525532336	8.89598400749354
4.64759205996574	4.09481258652473	4.31191337381145
4.49388609235716	4.5553337442227	4.75260799753426
9.11497294659251	8.94989507940736	8.97542551120848
4.63785645014341	4.61618313924379	4.31191337381145
4.816268931244	4.84700446172578	4.45663129441345
8.47029939264451	8.38712633739802	8.39803007659841
4.52600574601001	4.60021906727011	4.62014117267322
4.99792652104149	4.53864278777962	4.83680733639535
10.485402560349	10.485402560349	10.485402560349
9.89842761417824	9.99798158244133	10.0634255046827
4.17797076079495	4.52600574601001	4.31191337381145
4.34589879970373	4.73803420505782	4.73803420505782
4.29706110596102	4.09481258652473	4.3884996732643
9.01264022840468	9.06964752527473	9.00586270886313
2.57613045425092	2.69414272340857	2.75433347195585
5.12884952999117	5.24664783042192	4.77414195868143
7.42815850630306	7.45475786363945	7.29146963029762
4.71594968728375	4.94833071040325	4.80585195324919
4.92932432389566	4.70477933416975	5.16453247501282
9.17904281671623	9.2801691435802	9.25238973219635
5.19163552324482	5.13845363818225	5.18349229217399
7.57657938713723	7.47750306599555	7.59642768219015
9.67431560878891	9.6972542919376	9.65315628192216
8.78214672248947	8.96322153148187	8.97984135958058
4.69352180873618	4.60021906727011	4.94202273926707
4.77414195868143	4.79186175148558	4.64759205996574
4.59619478983659	4.24414376167477	4.01836325665504
9.45580104128987	9.46180806198598	9.46180806198598
4.28215759444575	4.33632765673213	4.3507319896021
4.36030218492015	4.19953792601223	4.55117009616163
4.57794941016056	4.63198349841281	4.71594968728375
9.09161975481012	9.1395100684869	9.15336838159837
4.26201172248183	4.11474698565511	3.95089574796329
5.52662926398474	5.66156470558128	5.5029981296722
5.02209131845497	5.14534046798552	5.11762021880977
9.58286588849362	9.63667149642393	9.56536370360709
4.89369768258854	4.98878382990457	5.15774762483407
9.29592981942071	9.33835006501138	9.39927239656033
5.52662926398474	5.57469957252958	5.40151229638126
4.2258863354669	4.49172958307258	4.62805777582069
4.89369768258854	4.64369812494986	4.68217573957321
3.78605563636305	3.66568970322522	3.66568970322522
3.75403028921156	4.24414376167477	4.03941049658593
7.22017758184736	7.34353340334099	7.34240982684056
9.31855744109571	9.25605377422956	9.19436505137146
4.3884996732643	4.60021906727011	4.29706110596102
4.21536976682261	4.26201172248183	4.41611295818428
4.19953792601223	4.26201172248183	4.19404188508271
4.06300353256649	4.3217780417635	4.23111493287334
6.00818515779371	6.06542067313747	6.13033297690931
5.48200511672704	5.76427066890972	5.61125894239584
4.28215759444575	4.29706110596102	4.33388652740473
8.59515254794971	8.71291863084593	8.71073049598383
4.24668822111699	4.05421519354888	3.98178926756302
4.76341515676505	4.584054036439	4.71594968728375
4.54284280003949	4.51749404864096	4.6592123202622
4.80585195324919	4.85544263928021	5.09751181431083
8.97984135958058	8.6563209812743	8.69178845487366
8.07169458758458	7.94763926716783	7.94024994488915
4.79186175148558	4.49172958307258	4.62805777582069
7.309917262415	7.20051586258383	7.22189977126945
4.15634523690638	4.24414376167477	4.00314264813908
4.52600574601001	4.37210084293391	4.59619478983659
9.04780888817411	9.04780888817411	9.03202293270417
4.9035015640855	4.74532151954635	4.87555223400939
9.20212041788364	9.24287139138142	9.11497294659251
7.62252732418502	7.60775934386665	7.66613412510851
9.30510075121725	9.18836829259435	9.20898340069185
4.0482724400911	4.17797076079495	3.93133137544907
7.92410081680265	7.9933419608473	7.96962752535598
8.71488659492116	8.73151306673748	8.63247427973107
9.45098540404575	9.64372135901577	9.59297005451895
4.70477933416975	4.77414195868143	4.76341515676505
9.63667149642393	9.60141780515677	9.63419863598893
4.54284280003949	4.41383380203477	4.49172958307258
5.19163552324482	4.89532785272064	4.89203366782643
5.07493339880094	5.17809431314805	4.94202273926707
4.85713000882583	5.10337650098241	5.0763354387703
8.71217483702149	8.68722211329745	8.73151306673748
8.97064234035193	9.02611962697788	9.03772195124673
5.04584687917713	4.8231390244691	4.9035015640855
4.72703420786817	4.8231390244691	4.27717414729043
4.41155464588526	4.54700644810056	4.17797076079495
4.76341515676505	4.3884996732643	4.73803420505782
4.24668822111699	4.3884996732643	4.13441296911291
4.608234225259	4.70477933416975	4.59619478983659
8.47695510942303	8.36819645258468	8.45010581723909
4.73803420505782	4.29706110596102	4.33388652740473
10.1394685944728	10.1394685944728	10.1140875947527
4.52600574601001	4.13712993783442	4.3507319896021
9.51512550534126	9.51290316174657	9.47950649300588
4.46769249404143	4.68217573957321	4.6592123202622
4.3884996732643	4.44768350959632	4.3884996732643
4.77414195868143	4.61618313924379	4.67073972264811
9.49753099225169	9.52555214292485	9.53219718387284
5.21028826497392	5.40822427220394	5.48086283822019
8.92343654555313	8.97370604930014	9.02257156933759
4.95150496844276	4.97028445985485	5.04728240089458
8.8558407003934	9.10375796574104	9.18068030861363
9.46020700225188	9.48511851952727	9.45098540404575
4.85713000882583	4.74532151954635	4.70477933416975
4.13441296911291	4.49172958307258	4.50894401282195
4.4521157838008	4.11474698565511	3.82895719352606
4.38148474636741	4.33632765673213	3.93133137544907
9.18836829259435	9.0754272335417	9.17143831578936
8.60839167340439	8.79880514272652	8.74456414943901
8.4310221256684	8.47695510942303	8.53153065074036
9.07237813824758	8.97984135958058	9.03541590813308
8.04841583389869	8.06480445650475	8.09258530031514
8.72524382857828	8.6563209812743	8.68083904541724
8.76551081029024	8.83827534786511	8.85043530958951
4.15634523690638	4.50894401282195	4.29706110596102
9.5814203594474	9.55421847056379	9.57278696470173
4.8231390244691	4.95622552874693	5.12466603674332
9.70612438926176	9.78879683482489	9.71591729878654
4.54284280003949	4.584054036439	4.64759205996574
4.56771746867853	4.60021906727011	4.31191337381145
4.62406689526533	4.3884996732643	4.3507319896021
4.38148474636741	4.41383380203477	4.13441296911291
4.54284280003949	4.54700644810056	4.3507319896021
5.2782907446003	5.2820398628521	5.02209131845497
4.4521157838008	4.51749404864096	4.49604260164174
9.01394462273554	8.92446486644487	8.99147737629761
9.36524773671134	9.36524773671134	9.35064591946052
4.5553337442227	4.61618313924379	4.44097207924232
8.42366232769749	8.54297828620038	8.57777551515699
7.17244532398583	7.01590257971521	6.97602967568249
8.37597715564275	8.10662906530914	8.20525478448829
7.89668260561527	7.94024994488915	7.88317266887639
4.77414195868143	4.37210084293391	4.62014117267322
4.29706110596102	4.17797076079495	3.87307531781314
5.11762021880977	5.11762021880977	5.19163552324482
9.613747487772	9.54521596495325	9.613747487772
7.35428914265328	7.4082426920122	7.38977942010729
4.54284280003949	4.09481258652473	4.17797076079495
7.47750306599555	7.20769358310038	7.309917262415
6.44603771915404	6.04568965140914	6.10526018746743
5.36475116088723	4.72703420786817	4.79886947867944
5.03707514484439	4.88052156119299	4.87555223400939
9.40113802325679	9.28990197926811	9.3030188370684
4.15634523690638	4.44768350959632	4.41611295818428
3.87307531781314	4.17797076079495	4.13441296911291
5.03707514484439	4.56771746867853	4.63983546685812
6.1538456612789	5.91001782898146	6.01438931022014
8.20647290057607	8.15013940887248	8.10662906530914
5.23633171813889	5.12189280662016	5.13437249185774
3.75403028921156	4.29706110596102	4.24668822111699
7.79447098516163	7.62477966719622	7.62703201020743
4.50894401282195	4.77414195868143	4.86052859786112
9.84488451235524	9.89842761417824	9.92004571065452
9.06566178736294	9.08901406401567	9.11846922135653
4.3884996732643	4.24414376167477	4.56771746867853
6.34000808029866	6.2112375447331	6.3744154910458
4.23634353027978	4.22074298861037	4.21536976682261
4.31191337381145	4.3884996732643	4.07758940481604
8.51535764471161	8.45010581723909	8.38568414452649
9.37196959500157	9.37431244185492	9.41586359650101
4.26201172248183	4.09481258652473	4.52600574601001
8.48283312205375	8.67755303853459	8.63688088335723
8.78214672248947	8.90824529337367	8.87601932478235
8.78607167811748	8.82944840510926	8.80132659007343
7.56989451392095	7.57657938713723	7.64807529429288
8.86584155019731	8.63640364964712	8.5435363439821
8.40589782794073	8.17599947101137	8.05179076912051
5.83046929735397	5.92810432446317	5.8440590770047
5.91337217232552	5.83215077721855	5.94813317883083
8.38712633739802	8.56155972574399	8.54523812169832
4.78478958951569	4.52600574601001	4.42974591258459
4.42974591258459	4.86052859786112	4.78478958951569
3.27742327231771	3.65066040671571	3.37338618643439
9.99798158244133	9.91650667796366	9.94195184640337
5.13437249185774	5.07493339880094	5.03707514484439
4.72703420786817	4.99792652104149	5.02209131845497
4.9918376554364	5.01306263286172	4.78478958951569
4.29706110596102	4.17797076079495	4.64759205996574
5.57680878933058	5.60113251223022	5.57891800613159
5.10044415764662	5.34340492893028	5.47045936825358
8.15735091488069	8.11764906964035	8.05791432542492
3.92822876242117	4.47424044310787	4.44097207924232
4.9918376554364	4.584054036439	5.11762021880977
3.17716652739272	3.37338618643439	3.3555731001139
4.91649960795745	4.68217573957321	5.21028826497392
4.608234225259	5.02209131845497	4.62014117267322
3.78605563636305	3.3555731001139	3.71789595155162
4.36030218492015	4.71594968728375	4.57999579845696
4.41611295818428	4.19953792601223	4.21536976682261
8.66298009805543	8.81716171570272	8.71143104319705
9.20652290597171	9.32142913959419	9.29592981942071
6.62089873002836	6.62711570270457	6.80785350842973
4.34589879970373	4.584054036439	4.31191337381145
4.84700446172578	4.67454131040552	4.97028445985485
4.95150496844276	4.66494499375352	4.78478958951569
4.89369768258854	4.8231390244691	5.0763354387703
4.63785645014341	4.73803420505782	4.62805777582069
8.15013940887248	8.23983612814343	8.32559331670417
4.73803420505782	4.3884996732643	4.49604260164174
5.70799445548808	5.81933195033784	5.97134486529475
7.78488884753103	7.82401293670649	7.94763926716783
4.2258863354669	4.51749404864096	4.23111493287334
8.79263785128109	8.80495339310057	8.74645144369067
5.06339225864266	5.03707514484439	5.06481084195191
5.05167730639419	4.91649960795745	4.99792652104149
4.17797076079495	4.29706110596102	4.16171845869414
5.2820398628521	5.16453247501282	5.15085512445235
8.88590568572257	8.89985532071277	8.92446486644487
8.87152024842052	8.68625571255276	8.68722211329745
4.72703420786817	4.61618313924379	4.45663129441345
9.14655803746606	9.16420677960061	9.12663545815735
7.77396013901581	7.80586616587624	7.86055779187218
8.33113197386808	8.47029939264451	8.40589782794073
4.15634523690638	4.42974591258459	4.45663129441345
8.18288155103669	8.33113197386808	8.35725008782092
3.95089574796329	4.07171926147118	4.47645658021011
6.08912420899515	6.10807244254317	6.02767961980692
8.76734044816882	8.74645144369067	8.7769219396119
4.98573000437273	5.06339225864266	5.11762021880977
6.8874037910087	6.8874037910087	7.02949402764648
3.91201843945627	3.96969103642284	4.27717414729043
9.15816782432217	9.17207753095851	9.15816782432217
4.68024441052734	4.69352180873618	4.53864278777962
4.18878611312994	4.15097201511862	4.19404188508271
8.78450309506287	8.71073049598383	8.72021648718511
8.60040666892012	8.60330345045696	8.60839167340439
5.61125894239584	5.61125894239584	5.67223565060916
9.34872897634137	9.47950649300588	9.46268581206558
9.94195184640337	9.74194725625605	9.7256909616768
6.66425909686232	6.56556189125293	6.64733563620534
5.23115892407381	5.30694051332666	5.1997028604652
4.62406689526533	4.33632765673213	4.55117009616163
10.818810833637	10.818810833637	10.818810833637
4.584054036439	4.64369812494986	4.47645658021011
4.584054036439	4.5553337442227	4.61222510581436
9.03202293270417	8.93831449060503	8.96198262735784
8.94989507940736	9.05474097958695	8.92446486644487
4.69352180873618	4.53864278777962	4.49172958307258
5.30694051332666	5.54587091969095	5.25432383071041
5.11762021880977	5.45227456005076	5.38668931868961
4.3217780417635	4.05421519354888	4.23111493287334
9.74806037848308	9.73916997124406	9.75454879780037
9.50356742357478	9.53219718387284	9.57799068736212
4.66684578763223	4.60021906727011	4.56771746867853
5.78005120201071	5.44557003401685	5.27203080043389
4.56771746867853	4.53864278777962	4.98573000437273
6.10807244254317	5.71721488457007	5.91672651566958
8.65272300257207	8.84094839531467	8.77406394914428
8.63735811706735	8.69178845487366	8.78607167811748
4.28215759444575	4.35312453843161	4.03941049658593
9.15601673935132	9.06063648247087	9.06691691230189
4.41611295818428	4.66494499375352	4.69352180873618
8.70237367873347	8.78250100046221	8.7902141645758
5.55113340992664	4.93888983993299	4.85033249124998
8.85043530958951	8.86765273765677	8.84094839531467
4.31191337381145	4.29706110596102	4.41611295818428
9.16271303553267	9.11837643757244	9.15601673935132
9.08901406401567	8.91572694233046	9.01264022840468
8.71217483702149	8.41882157397506	8.52645664599553
8.79648187235487	8.62716419010451	8.71734809760666
3.75403028921156	3.71789595155162	3.52734387013227
4.17797076079495	4.3884996732643	4.11183241453363
9.06566178736294	9.04094026880455	8.99895605492384
4.15634523690638	3.87307531781314	3.85296648520232
9.62264933970315	9.64985529379648	9.64985529379648
8.87601932478235	9.08295207910333	9.05474097958695
8.90511512854718	8.83070023789656	8.89985532071277
6.2112375447331	6.54263366833498	6.34799214023776
4.72703420786817	4.5553337442227	4.49172958307258
7.8641115721884	7.78130356446962	7.95673896136966
4.66684578763223	4.84700446172578	4.76341515676505
9.27546012173595	9.40113802325679	9.35064591946052
5.47680460023816	5.70799445548808	5.80639901937422
9.00484992195478	9.00383713504642	8.99371322099008
9.37685958951346	9.37157535131023	9.37431244185492
4.72703420786817	4.80585195324919	4.87555223400939
4.15634523690638	4.42974591258459	4.19404188508271
4.36030218492015	4.98878382990457	4.71594968728375
8.92013901496775	8.90198496372069	8.96322153148187
4.18878611312994	4.42974591258459	4.19404188508271
9.37478294401233	9.46371622608443	9.37236383869291
9.53670662225982	9.65315628192216	9.62375193202056
8.51394323678916	8.55648548653607	8.51465044075039
4.3884996732643	4.47424044310787	4.60420994782547
9.48758664138852	9.46180806198598	9.44960760018829
5.8440590770047	5.91672651566958	5.83383225708312
8.99985233134772	9.00864595424868	9.05207491471975
4.59619478983659	4.47424044310787	4.59619478983659
8.93438024929426	9.06440666242399	9.0754272335417
4.87055971479536	5.02209131845497	4.71594968728375
8.83267329000266	8.84335438136076	8.78744730688908
13.0627802077211	13.0627802077211	13.0627802077211
5.67223565060916	5.92810432446317	5.69116178772144
12.1029487027406	12.1029487027406	12.1029487027406
5.67223565060916	5.73889333133782	5.82369478362833
5.32402779579495	5.29322721082687	5.69116178772144
9.92004571065452	9.80731588025128	9.83255080649343
4.41611295818428	4.85544263928021	4.52600574601001
3.96969103642284	3.7749013386309	4.03941049658593
8.30372203331535	8.32559331670417	8.33471374935472
9.64372135901577	9.62320063586185	9.66444852614812
4.41611295818428	4.60021906727011	4.23111493287334
4.41155464588526	4.33632765673213	4.21536976682261
8.66199752340862	8.71984590015031	8.67055561379878
3.87307531781314	4.01836325665504	4.14825504639711
9.22115537136664	9.40988034349224	9.34182917452622
4.84700446172578	4.83680733639535	4.92293334251159
6.72007349995885	6.36313024652288	6.46907955665762
9.31118032509026	9.33393400507127	9.28269563006452
9.1940078308798	9.16090611194728	9.20652290597171
4.06300353256649	3.87307531781314	4.00314264813908
4.28215759444575	4.3217780417635	4.24668822111699
8.68282643254229	8.89598400749354	8.92827463374826
8.68722211329745	8.7442428483067	8.79880514272652
9.36724800463201	9.36369773375356	9.32086747870425
6.64477218444348	6.49881573272078	6.59424278728694
5.01306263286172	4.73803420505782	4.9035015640855
9.76739761353295	9.71591729878654	9.73916997124406
5.24664783042192	5.50943946289549	5.36238659181992
8.86735728165085	8.8770857774282	8.86584155019731
4.608234225259	4.26201172248183	4.53864278777962
5.11762021880977	4.92452047153134	4.86052859786112
9.11837643757244	9.20652290597171	9.18350414614201
9.41211792448364	9.3203058178143	9.40113802325679
3.66568970322522	3.71789595155162	3.78259587633525
4.4521157838008	4.64369812494986	4.61222510581436
8.62716419010451	8.58531451994779	8.54297828620038
9.63419863598893	9.7256909616768	9.67431560878891
7.4861603410637	7.44775053819229	7.27505524903686
4.69352180873618	4.53864278777962	4.3884996732643
4.83680733639535	4.77414195868143	4.69352180873618
7.10872608588403	7.21845539242527	7.20410472284211
2.99337049449585	2.53328429582802	2.61897661267382
9.80731588025128	9.7942481277271	9.7942481277271
6.49881573272078	6.17805060384971	6.23124540595135
8.05179076912051	8.03437954334936	8.11764906964035
3.96969103642284	4.42974591258459	3.90573209703917
8.17955361708382	8.13558312612676	8.17599947101137
4.52600574601001	4.61618313924379	4.816268931244
3.27742327231771	3.90227233701137	3.63879296668716
9.59881188383094	9.50147794183438	9.51290316174657
4.43869292309281	4.49172958307258	4.56771746867853
9.13105998572811	9.0858039425503	9.04780888817411
8.89985532071277	8.99371322099008	8.90198496372069
4.4521157838008	4.70477933416975	4.42974591258459
5.21028826497392	5.25682853224913	5.2808099411245
9.03541590813308	9.02257156933759	9.06440666242399
3.66568970322522	4.00019231451683	4.26201172248183
9.37355501582438	9.27546012173595	9.34586326242182
9.13251174919638	9.15601673935132	9.19365061038814
4.73803420505782	4.69352180873618	4.9035015640855
6.21923846733477	6.23124540595135	6.39540558510039
8.55379158105623	8.54413299211538	8.55648548653607
9.50147794183438	9.53670662225982	9.47154130592003
3.93805733609494	3.87307531781314	3.63879296668716
4.87055971479536	4.94833071040325	4.80585195324919
5.98385044257839	5.85576695354481	6.01438931022014
4.12040957724134	3.94469052190751	4.11183241453363
5.45805794312267	5.32039336787207	5.29200974405633
4.01836325665504	4.29706110596102	4.06300353256649
7.71087127926977	7.5832690994851	7.60775934386665
9.38701553517267	9.4297224618276	9.51512550534126
4.816268931244	5.03707514484439	4.79886947867944
4.3217780417635	4.71594968728375	4.70477933416975
8.58046786790831	8.51034907098712	8.53820371880494
7.60775934386665	7.75621382518445	7.75621382518445
8.41882157397506	8.56155972574399	8.51034907098712
8.57777551515699	8.70626262538933	8.58531451994779
5.89175297142674	5.80303732370306	5.85576695354481
8.93978229714122	8.88590568572257	8.87906412997221
8.84282757803558	8.86765273765677	8.86584155019731
3.85296648520232	3.96969103642284	4.06300353256649
9.60141780515677	9.59297005451895	9.61632393636501
4.59619478983659	4.83680733639535	4.87555223400939
9.54521596495325	9.53910191358509	9.54895393174547
9.65997907457694	9.65997907457694	9.64372135901577
9.47546987277646	9.38194726745019	9.36624787067168
9.99291181359716	9.99291181359716	9.99798158244133
9.0754272335417	9.18068030861363	9.13671747876291
5.23115892407381	5.33624287637647	4.97028445985485
8.68083904541724	8.64389256654024	8.68282643254229
5.1563537126783	5.09201577338131	4.99792652104149
4.89369768258854	4.97647069228409	5.06481084195191
8.91057450494868	8.78883073573244	8.84282757803558
4.4521157838008	4.85544263928021	4.88382671748135
4.80585195324919	4.73803420505782	4.72703420786817
4.33632765673213	4.5553337442227	4.19404188508271
4.68024441052734	4.70477933416975	4.73803420505782
10.2064320433101	10.2064320433101	10.2064320433101
4.96092527409462	5.03707514484439	5.22590283821555
8.70021263797208	8.74488545057132	8.7733930186312
7.75621382518445	7.88317266887639	7.82401293670649
3.82534134834284	4.17797076079495	4.09776292014697
6.16175215881358	5.78719938990251	5.93131703177146
3.87307531781314	4.01836325665504	4.17797076079495
6.3675661437233	6.21923846733477	6.2112375447331
9.26165399038796	9.15816782432217	9.22982864596459
4.08040170791011	4.17797076079495	4.03941049658593
4.31191337381145	4.29706110596102	4.36973186639729
4.52600574601001	4.84700446172578	4.816268931244
7.81733517199854	7.98874725683083	7.8641115721884
4.13441296911291	4.13712993783442	4.45663129441345
7.29146963029762	7.22189977126945	7.16898056278689
4.08040170791011	3.30640081275655	3.78259587633525
9.28990197926811	9.25238973219635	9.2475176694237
9.30349825203544	9.31855744109571	9.30510075121725
9.39927239656033	9.40432354528564	9.42180605071309
4.66684578763223	4.68217573957321	4.77414195868143
7.36896794798953	7.36896794798953	7.41083395994655
4.63785645014341	4.45663129441345	4.3507319896021
8.86794819366269	8.83989358994486	8.8198453764537
9.05474097958695	8.92343654555313	9.05561761406055
9.10127431800829	9.1220845696505	9.16090611194728
8.74488545057132	8.85043530958951	8.86848301269116
4.47867271731235	4.27717414729043	4.41611295818428
4.70477933416975	4.00019231451683	4.14825504639711
8.56439782719398	8.61505552239767	8.50783487764352
4.63785645014341	4.584054036439	4.68217573957321
4.17797076079495	4.56771746867853	3.87307531781314
4.97028445985485	5.18891855452331	5.14251994173612
4.85713000882583	4.69352180873618	4.92293334251159
8.88352480186703	8.85371804552793	8.87303173988964
8.84800510685926	8.83267329000266	8.79213357559887
6.26272559991729	6.09205755532355	6.17805060384971
8.46723123099202	8.71488659492116	8.62716419010451
9.70440079699259	9.77461059251972	9.81978713620274
4.99792652104149	5.07493339880094	4.72703420786817
4.97802700304731	4.52600574601001	4.29706110596102
3.91201843945627	4.03630788355804	3.98178926756302
4.57794941016056	4.44768350959632	4.31191337381145
8.96198262735784	8.92593288804046	8.80495339310057
4.70477933416975	5.21028826497392	5.11762021880977
4.68024441052734	3.96969103642284	4.21536976682261
9.68120086442637	9.66444852614812	9.71413731947634
4.87885754643089	5.01306263286172	5.06481084195191
4.13441296911291	3.94469052190751	3.90573209703917
8.8369533443411	8.81274221252858	8.83214248506578
7.62703201020743	7.54588247261642	7.5839960429721
9.49287760477758	9.47697677775337	9.49753099225169
5.37060300502449	5.12189280662016	5.14251994173612
5.14534046798552	5.22073094144342	5.30694051332666
4.26201172248183	4.54700644810056	4.19404188508271
4.01836325665504	4.42974591258459	4.3884996732643
5.71721488457007	5.77134057642302	5.64097192320745
8.74094530652031	8.73584018372651	8.7499843993013
8.70849656068658	8.50783487764352	8.55379158105623
8.63640364964712	8.75932009817631	8.73896861033122
9.81638236825949	9.84488451235524	9.85033597167399
4.15634523690638	4.19953792601223	4.14825504639711
5.02209131845497	4.88052156119299	4.816268931244
4.41155464588526	4.42974591258459	4.23111493287334
5.23115892407381	4.92452047153134	4.99792652104149
4.10905262434253	3.7749013386309	4.13441296911291
4.42974591258459	4.63198349841281	4.55117009616163
9.13671747876291	9.13636524631836	9.13601301387382
4.24668822111699	4.11474698565511	4.3507319896021
4.47867271731235	4.67454131040552	5.01306263286172
9.18068030861363	9.28556714232692	9.30918308341293
7.53949971932273	7.34353340334099	7.38338292006942
4.95150496844276	4.93888983993299	4.97028445985485
4.50894401282195	4.98878382990457	4.63983546685812
8.10662906530914	7.97375447957864	8.07919388543448
5.29821905876722	5.49858609444534	5.52018992256391
9.86413959087521	9.88253879253105	9.85497423210661
9.6972542919376	9.70526259312718	9.74194725625605
8.67055561379878	8.6473519151695	8.71291863084593
4.75260799753426	4.8231390244691	4.94202273926707
8.96674927126736	8.84335438136076	8.83214248506578
4.608234225259	4.36030218492015	4.21536976682261
6.17805060384971	6.00119444915856	5.83046929735397
5.13845363818225	4.33632765673213	4.41611295818428
6.80785350842973	7.10872608588403	7.06978259237787
8.8092809824755	8.5904996355483	8.63830789079509
9.01714570961817	9.14655803746606	9.09421422920246
5.00397707264129	5.16730423108349	5.20236712404971
9.52555214292485	9.50356742357478	9.57014923978732
4.29706110596102	4.69352180873618	4.68217573957321
5.29821905876722	5.18891855452331	5.16453247501282
8.92446486644487	9.01714570961817	9.01714570961817
8.97542551120848	9.05207491471975	9.00383713504642
6.10526018746743	6.26272559991729	6.16175215881358
9.26344251586861	9.28269563006452	9.26165399038796
7.02949402764648	6.97602967568249	6.8874037910087
4.3217780417635	4.42974591258459	4.67073972264811
5.72805951381079	5.80976071504537	5.7353146972621
8.95625346125027	8.79648187235487	8.83908446890499
7.86055779187218	7.85267364896101	7.92410081680265
4.8231390244691	4.95622552874693	4.75260799753426
4.00314264813908	3.17188171743816	3.00525237686015
9.73178625434954	9.5610932717334	9.5814203594474
3.83584450650077	4.11474698565511	4.3507319896021
8.55648548653607	8.55379158105623	8.58361503670048
7.84404999745401	7.68304864822066	7.6799155005031
7.49922009012067	7.59642768219015	7.47750306599555
8.47434852709542	8.38568414452649	8.3490573143897
9.78879683482489	9.83255080649343	9.81638236825949
2.75433347195585	2.81269570747521	2.69414272340857
4.80585195324919	4.67454131040552	4.63983546685812
4.59619478983659	4.24414376167477	4.39774800342526
9.24359618016899	9.17904281671623	9.10624161347378
9.46020700225188	9.47001395740863	9.47546987277646
9.1395100684869	9.04359491535025	8.98943733326547
8.11248884622877	8.2701317145745	8.20525478448829
5.14534046798552	5.07493339880094	5.08914472994641
5.50943946289549	5.47363198424587	5.55844704171252
5.08052530305121	4.69352180873618	4.83680733639535
4.42974591258459	4.01836325665504	3.82895719352606
9.62375193202056	9.70526259312718	9.71788734581569
9.54290412010561	9.59881188383094	9.60411730794877
5.00397707264129	5.2820398628521	5.13437249185774
9.30253942210136	9.37605651784161	9.36624787067168
5.91337217232552	5.81933195033784	6.00347011562217
4.91649960795745	5.13845363818225	5.30694051332666
9.03772195124673	9.11837643757244	9.11828365378835
5.55113340992664	5.68267103107497	5.4290122605705
6.92965765533516	7.07256754239467	7.15176441011277
6.29170086065239	6.44603771915404	6.44241111071588
8.39803007659841	8.3490573143897	8.41072530994672
5.81496911704734	6.01587842047502	6.09423206701697
8.62231564154543	8.80132659007343	8.81128740832452
7.30061111192238	7.49355138863658	7.41083395994655
5.97134486529475	6.10526018746743	5.92489161715489
8.53820371880494	8.60839167340439	8.58866388954554
4.33632765673213	3.83257303870928	4.09776292014697
6.3675661437233	6.78179607817481	6.62711570270457
4.85713000882583	4.66494499375352	4.79886947867944
6.37682894116788	6.15779891004624	6.29424039455441
6.23124540595135	6.35597620017687	6.26272559991729
4.83680733639535	5.03707514484439	5.01306263286172
5.02209131845497	5.29322721082687	5.15085512445235
4.92932432389566	5.00397707264129	4.85033249124998
4.584054036439	4.94833071040325	4.70477933416975
5.47045936825358	5.46384132619457	5.56660274312739
8.92343654555313	8.89130264745487	8.91057450494868
8.89598400749354	8.874525532336	8.8092809824755
4.93888983993299	4.79186175148558	4.816268931244
4.71594968728375	4.80585195324919	4.68217573957321
9.13601301387382	9.19436505137146	9.16570052366855
5.01306263286172	5.22073094144342	5.04728240089458
5.19163552324482	5.12189280662016	4.9035015640855
6.9652568403779	6.9018659138972	7.01590257971521
5.87271142740207	5.94813317883083	5.72805951381079
4.56771746867853	4.88052156119299	4.86052859786112
10.1097163045635	10.1140875947527	10.1097163045635
9.83255080649343	9.81978713620274	9.80731588025128
6.41709504368905	6.77296404386	6.54263366833498
7.38338292006942	7.44186600405957	7.44775053819229
5.80976071504537	6.02767961980692	6.05329666375661
6.11521186398702	6.19140494411191	6.10526018746743
6.54263366833498	6.64220873268163	6.70724761760132
5.45805794312267	5.35650552566416	5.33982390265337
6.32939510954717	6.43878450227772	6.48143818422811
5.96394516711941	6.29677992845642	6.1538456612789
9.56536370360709	9.49862215039321	9.50147794183438
5.42149687979843	5.56457499309778	5.602166703818
6.04949315758287	6.08619086266675	6.07754468251833
4.75260799753426	4.69352180873618	4.93254104724024
5.44557003401685	5.38101646641914	5.23506285412058
6.77296404386	6.68517611650217	6.55893451623765
6.10526018746743	6.29170086065239	6.21923846733477
5.14534046798552	5.18349229217399	5.18349229217399
4.80585195324919	4.84700446172578	4.72703420786817
5.1563537126783	4.97028445985485	4.816268931244
8.17599947101137	8.31952098342133	8.2701317145745
6.66425909686232	6.85189629381962	6.83609747378521
9.32329193125466	9.38701553517267	9.39173980227362
6.13033297690931	6.19140494411191	5.99891878269495
4.94202273926707	5.21028826497392	4.816268931244
4.85713000882583	4.85544263928021	4.69352180873618
4.41155464588526	4.42974591258459	4.29706110596102
7.20051586258383	7.26188806730045	7.16898056278689
6.59424278728694	6.55230714122237	6.49881573272078
4.42974591258459	4.83680733639535	4.55117009616163
8.81591922647566	8.88352480186703	8.83908446890499
4.87885754643089	4.79186175148558	4.73803420505782
4.69352180873618	4.24414376167477	4.44097207924232
4.30692992665612	4.29706110596102	4.57999579845696
9.24062770487388	9.29592981942071	9.32086747870425
2.91894627773962	3.00525237686015	3.20797567415431
5.49858609444534	5.39236217096009	5.36942143422677
5.82369478362833	5.86094164051325	5.77134057642302
8.50783487764352	8.68965475129659	8.72919590552605
5.10044415764662	5.2820398628521	5.21028826497392
9.47697677775337	9.62320063586185	9.63115633116414
7.5847229864591	7.83793964003211	7.55416399267516
4.87885754643089	4.98878382990457	4.67073972264811
10.5263616752595	10.5263616752595	10.5263616752595
6.83609747378521	6.72007349995885	6.74550329083439
7.69980449513934	7.66960825841097	7.66613412510851
9.88253879253105	9.92004571065452	9.91650667796366
7.44186600405957	7.30061111192238	7.44186600405957
4.6592123202622	4.60021906727011	4.62014117267322
6.02767961980692	5.87505729160402	6.04568965140914
4.18878611312994	4.49172958307258	4.00314264813908
4.17797076079495	3.91830478187338	4.52600574601001
3.75403028921156	3.98178926756302	4.01836325665504
8.79880514272652	8.76734044816882	8.77036264682715
5.16453247501282	4.99792652104149	4.98573000437273
4.21536976682261	4.27717414729043	4.16171845869414
5.09058025166386	4.67454131040552	4.77414195868143
5.19163552324482	5.15496783464296	5.02209131845497
4.3217780417635	4.50894401282195	4.41611295818428
3.17716652739272	3.22821070301658	3.58652646730876
7.08198555323047	6.9652568403779	6.9018659138972
5.13845363818225	5.12189280662016	5.16453247501282
8.66624917438507	8.70237367873347	8.67586171084013
4.36030218492015	4.66494499375352	4.62805777582069
7.94024994488915	7.84404999745401	7.80892528165222
7.88317266887639	7.97148580224489	7.93148438476114
4.29706110596102	4.26201172248183	4.31191337381145
8.54574660314797	8.53153065074036	8.64449759174225
4.19953792601223	4.36030218492015	4.44097207924232
8.8770857774282	8.96674927126736	8.90824529337367
3.71789595155162	3.87307531781314	3.87307531781314
9.04094026880455	8.94125010367741	8.97064234035193
4.5553337442227	4.27717414729043	4.60420994782547
9.75454879780037	9.75454879780037	9.70612438926176
4.15634523690638	3.98178926756302	4.23111493287334
9.32946026894142	9.37355501582438	9.3197131551927
4.28215759444575	4.22074298861037	4.60420994782547
5.60113251223022	5.47363198424587	5.48086283822019
9.55421847056379	9.57014923978732	9.50147794183438
3.83584450650077	3.75403028921156	3.87307531781314
7.23644219330984	7.19640413891307	7.20410472284211
9.19848240348276	9.13636524631836	9.21316661307208
4.3217780417635	4.15097201511862	3.78259587633525
9.18350414614201	9.22982864596459	9.23496077859932
4.70477933416975	5.09201577338131	5.0763354387703
4.18878611312994	3.85296648520232	4.13441296911291
8.73151306673748	8.74913582558752	8.70530967549647
8.558721624294	8.59515254794971	8.56926614695218
4.71594968728375	4.85544263928021	4.75260799753426
9.39173980227362	9.31266756437537	9.27398968605878
5.21941340842919	5.16453247501282	5.18349229217399
9.11837643757244	9.13105998572811	9.08901406401567
6.74550329083439	6.61468175735215	6.61468175735215
6.35597620017687	6.46907955665762	6.32939510954717
8.2218751819828	8.18288155103669	8.15735091488069
5.14534046798552	4.97647069228409	4.92293334251159
4.21536976682261	4.27717414729043	4.11183241453363
8.98352027470993	9.00586270886313	9.02147520187135
7.31912689441068	7.27505524903686	7.23644219330984
9.26419665126041	9.3197131551927	9.30918308341293
9.22982864596459	9.22115537136664	9.17904281671623
2.57613045425092	2.61897661267382	2.91894627773962
9.71591729878654	9.68120086442637	9.74806037848308
4.54284280003949	4.05421519354888	4.16171845869414
8.60330345045696	8.51394323678916	8.51465044075039
8.54325731509124	8.50026539583303	8.42366232769749
9.34182917452622	9.34872897634137	9.26344251586861
5.39236217096009	5.30199343993704	5.26186499140329
5.37060300502449	5.5180836506763	5.47045936825358
6.9018659138972	7.02949402764648	6.85189629381962
8.50026539583303	8.67305571236107	8.65272300257207
7.80892528165222	7.69980449513934	7.79447098516163
4.28215759444575	4.50894401282195	4.39774800342526
8.64389256654024	9.01264022840468	8.93831449060503
4.91649960795745	4.76341515676505	4.86052859786112
9.41897498460145	9.34182917452622	9.38701553517267
4.5553337442227	4.63198349841281	4.63983546685812
9.65315628192216	9.50580511401911	9.48758664138852
8.77406394914428	8.79353291007224	8.8369533443411
9.60681681074077	9.613747487772	9.59881188383094
8.7442428483067	8.66624917438507	8.68625571255276
4.85713000882583	4.22074298861037	4.23111493287334
9.23269878525021	9.2475176694237	9.24214660259386
8.39583407488828	8.41072530994672	8.38712633739802
4.97028445985485	4.47424044310787	4.72703420786817
9.16570052366855	9.20898340069185	9.15014346146063
4.92932432389566	4.79186175148558	4.79886947867944
3.61531712139736	3.62692552665861	3.75403028921156
8.99147737629761	9.09161975481012	9.04359491535025
9.5958484636463	9.5814203594474	9.63667149642393
5.2820398628521	5.47363198424587	5.55844704171252
8.70849656068658	8.69522242690269	8.76551081029024
7.08749344860402	6.94928545285404	7.07256754239467
6.69442173524379	6.64733563620534	6.67032559694874
9.05207491471975	9.15014346146063	9.1395100684869
4.54284280003949	4.49172958307258	4.50894401282195
8.53465519587341	8.57777551515699	8.51219461439464
3.95089574796329	4.66494499375352	4.60420994782547
5.38101646641914	5.20236712404971	5.54791997949642
9.20898340069185	9.24062770487388	9.20212041788364
8.92593288804046	9.06964752527473	9.07237813824758
4.00314264813908	4.24414376167477	4.47645658021011
9.47950649300588	9.52068936165126	9.46371622608443
4.50894401282195	4.42974591258459	4.60420994782547
9.25605377422956	9.26344251586861	9.2801691435802
3.87307531781314	3.78951539639086	4.00314264813908
7.95673896136966	8.0170310416486	7.9933419608473
6.68517611650217	6.6581925967759	6.52032676404275
4.608234225259	4.45663129441345	4.3884996732643
4.73803420505782	4.3884996732643	4.41611295818428
5.16453247501282	4.92452047153134	4.95467922648226
8.61505552239767	8.48283312205375	8.48283312205375
5.65670356099938	5.53096233351797	5.52018992256391
4.816268931244	4.9035015640855	4.93254104724024
4.75260799753426	4.56771746867853	4.45663129441345
4.98573000437273	4.98878382990457	4.83680733639535
4.5553337442227	4.80585195324919	4.96092527409462
8.23655775195289	8.23655775195289	8.23819694004816
4.49388609235716	4.36030218492015	4.76341515676505
8.69522242690269	8.54574660314797	8.54523812169832
4.39774800342526	4.61618313924379	4.57999579845696
4.584054036439	4.83680733639535	5.03407888376864
9.22329403417549	9.45098540404575	9.44369039289521
2.75433347195585	3.17188171743816	3.1665969074836
8.82921946040274	8.74094530652031	8.76193306942618
4.57794941016056	4.53864278777962	4.68217573957321
8.75670712692644	8.71143104319705	8.70626262538933
2.75433347195585	2.75433347195585	2.53328429582802
9.48511851952727	9.41399076049233	9.47697677775337
4.4521157838008	4.29706110596102	4.29706110596102
4.49388609235716	4.5553337442227	4.63983546685812
12.3124034045764	12.3124034045764	12.3124034045764
6.04949315758287	5.57891800613159	5.91001782898146
4.75260799753426	4.45663129441345	4.49604260164174
7.4575781541898	7.66265999180605	7.56989451392095
4.41611295818428	4.41383380203477	4.53864278777962
9.3197131551927	9.19848240348276	9.25605377422956
4.2258863354669	4.3884996732643	3.96969103642284
4.26201172248183	4.01836325665504	4.21536976682261
9.2801691435802	9.11497294659251	9.1220845696505
3.61531712139736	4.07171926147118	4.27717414729043
7.07256754239467	7.07256754239467	7.19640413891307
9.57278696470173	9.57278696470173	9.54290412010561
4.63785645014341	4.42974591258459	4.73803420505782
4.57794941016056	4.64369812494986	4.69352180873618
4.83343259730412	4.71594968728375	4.73803420505782
5.5180836506763	5.52229619445151	5.44557003401685
7.01590257971521	7.17244532398583	7.08473950091725
5.36002202275262	4.80585195324919	5.09751181431083
7.9933419608473	8.00054015619297	7.98874725683083
8.81128740832452	8.86901783171965	8.79353291007224
7.82401293670649	7.86055779187218	7.74121350327183
4.76341515676505	4.56771746867853	4.52600574601001
4.00314264813908	4.36030218492015	4.45663129441345
9.52068936165126	9.48758664138852	9.52068936165126
5.64097192320745	5.89175297142674	5.96539803663626
5.65670356099938	5.24664783042192	5.53096233351797
9.85033597167399	9.85033597167399	9.89842761417824
4.59619478983659	4.51749404864096	4.44097207924232
4.71594968728375	4.56771746867853	4.76341515676505
4.77414195868143	4.77414195868143	4.62805777582069
4.98573000437273	4.72703420786817	4.69352180873618
9.87754402129283	9.94195184640337	9.88253879253105
8.80495339310057	8.64510261694426	8.74094530652031
4.79186175148558	4.5553337442227	4.45663129441345
9.44960760018829	9.47546987277646	9.45580104128987
5.85835429702903	5.72805951381079	5.77836973240678
8.90511512854718	8.76551081029024	8.88674501189753
4.85713000882583	4.93888983993299	4.67073972264811
4.77414195868143	4.69352180873618	5.02209131845497
8.56821607480251	8.51394323678916	8.59777960843491
4.77414195868143	4.63198349841281	5.06481084195191
4.30692992665612	4.07171926147118	4.28708992842178
9.37478294401233	9.21316661307208	9.2182958102271
4.30692992665612	4.69352180873618	4.69352180873618
4.63785645014341	4.52600574601001	4.41611295818428
4.56771746867853	4.11474698565511	4.39774800342526
4.54284280003949	4.60021906727011	4.57999579845696
4.3884996732643	4.41383380203477	4.17797076079495
4.80585195324919	4.9035015640855	4.80585195324919
4.29706110596102	3.83257303870928	4.19404188508271
9.77461059251972	9.86413959087521	9.84488451235524
4.33632765673213	4.29706110596102	3.69888524134978
5.80303732370306	5.75544193461004	5.71260467002908
7.74519024389815	7.73626987014385	7.80586616587624
8.54871114670706	8.72919590552605	8.75670712692644
4.15634523690638	4.05421519354888	4.09776292014697
4.68024441052734	4.3217780417635	4.6592123202622
4.70477933416975	4.60021906727011	4.83680733639535
9.81978713620274	9.76739761353295	9.77461059251972
9.7942481277271	9.81638236825949	9.78879683482489
4.19953792601223	4.71594968728375	4.55117009616163
8.23983612814343	8.15735091488069	8.07919388543448
3.75403028921156	3.66568970322522	4.03941049658593
8.87303173988964	8.7630026078451	8.7630026078451
4.95150496844276	4.73803420505782	4.63983546685812
4.26201172248183	3.96969103642284	4.39774800342526
4.85713000882583	5.03707514484439	4.88052156119299
6.01587842047502	5.8440590770047	5.78719938990251
5.03707514484439	4.95622552874693	4.77414195868143
4.12040957724134	4.35312453843161	4.57999579845696
4.50894401282195	4.92452047153134	4.816268931244
8.72919590552605	8.65272300257207	8.66199752340862
4.62406689526533	4.44768350959632	4.14825504639711
4.66684578763223	4.83680733639535	4.86052859786112
8.0170310416486	8.05179076912051	8.0170310416486
8.64669975386916	8.78607167811748	8.81274221252858
4.31191337381145	4.42974591258459	4.3507319896021
4.69352180873618	4.69352180873618	4.76341515676505
4.47867271731235	4.3884996732643	4.6592123202622
4.91649960795745	5.17809431314805	4.83680733639535
7.6799155005031	7.77396013901581	7.78309620600033
4.54284280003949	4.72703420786817	4.59619478983659
8.74645144369067	8.75932009817631	8.7829545585543
5.25682853224913	5.27451613511879	5.2808099411245
8.83827534786511	8.96115402146209	8.94125010367741
4.8231390244691	4.80585195324919	5.14251994173612
9.24214660259386	9.34586326242182	9.36369773375356
4.77414195868143	4.80585195324919	4.3884996732643
4.08040170791011	4.33632765673213	4.19404188508271
4.09481258652473	4.47867271731235	4.67073972264811
9.51290316174657	9.44960760018829	9.39395679807651
4.66684578763223	4.3217780417635	4.36973186639729
9.28556714232692	9.30718584173561	9.27398968605878
5.67223565060916	5.77836973240678	5.80639901937422
4.56771746867853	4.26201172248183	4.55117009616163
8.58361503670048	8.68083904541724	8.69021751325968
4.23634353027978	4.22074298861037	3.48594462753721
8.82921946040274	8.8369533443411	8.7829545585543
4.62406689526533	4.51749404864096	4.52600574601001
4.77414195868143	4.64369812494986	4.67073972264811
4.10905262434253	4.22074298861037	4.24668822111699
4.41155464588526	4.86052859786112	4.26201172248183
5.23633171813889	5.2820398628521	4.98573000437273
8.45786782194187	8.63830789079509	8.61505552239767
5.40151229638126	5.40822427220394	5.29200974405633
7.34465697984143	7.49355138863658	7.45193757308911
3.91201843945627	4.3217780417635	4.33388652740473
4.608234225259	4.47424044310787	4.50894401282195
9.59297005451895	9.58286588849362	9.50580511401911
4.19953792601223	4.68217573957321	4.75260799753426
4.2258863354669	4.13712993783442	4.56771746867853
9.7256909616768	9.71413731947634	9.70440079699259
4.52600574601001	4.42974591258459	4.85033249124998
9.54895393174547	9.46180806198598	9.53910191358509
5.02209131845497	5.23115892407381	5.11762021880977
4.30692992665612	4.22074298861037	4.31191337381145
4.92293334251159	4.88052156119299	4.69352180873618
8.98943733326547	8.99805977849996	8.92446486644487
4.83680733639535	4.63198349841281	4.49172958307258
9.15336838159837	9.01394462273554	8.97370604930014
9.91650667796366	9.85497423210661	9.87754402129283
4.46769249404143	4.72703420786817	4.97028445985485
5.11762021880977	5.13845363818225	5.35298902857571
7.19640413891307	7.16551580158795	7.35428914265328
5.74247196541354	6.01290019996525	5.75544193461004
4.97028445985485	4.66494499375352	4.60420994782547
7.97375447957864	7.81733517199854	7.81733517199854
4.49388609235716	4.33632765673213	4.23111493287334
8.7733930186312	8.69946376513222	8.6473519151695
9.33835006501138	9.2888265224341	9.33393400507127
8.84388118468595	8.83161168012889	8.85477937296066
4.42974591258459	4.584054036439	4.50894401282195
8.81840420492979	8.82571345223377	8.82944840510926
4.97802700304731	4.91649960795745	5.03707514484439
9.42180605071309	9.49862215039321	9.52555214292485
8.31952098342133	8.42366232769749	8.41960233450558
3.95089574796329	3.83257303870928	4.09776292014697
8.63247427973107	8.64604759256883	8.64907981585265
4.72703420786817	4.79186175148558	4.26201172248183
8.5904996355483	8.62427768086989	8.6547969609217
7.16551580158795	7.23644219330984	7.31912689441068
8.65972343564176	8.56926614695218	8.53465519587341
8.58866388954554	8.35725008782092	8.47434852709542
7.45193757308911	7.45475786363945	7.36896794798953
4.54284280003949	4.76341515676505	4.62014117267322
3.96969103642284	3.56934421848141	3.75403028921156
8.61756600397703	8.58046786790831	8.558721624294
6.94928545285404	6.74550329083439	6.70724761760132
7.50745196020855	7.5847229864591	7.62252732418502
5.35298902857571	5.11186088833249	5.38668931868961
4.12040957724134	4.24414376167477	4.50894401282195
4.4521157838008	4.89532785272064	4.78478958951569
4.26201172248183	4.16171845869414	4.53864278777962
4.42974591258459	4.03630788355804	4.53864278777962
10.282142213025	10.282142213025	10.282142213025
4.15634523690638	4.3217780417635	4.23111493287334
9.57014923978732	9.41399076049233	9.37236383869291
4.36030218492015	4.83680733639535	4.57999579845696
8.33471374935472	8.40589782794073	8.33113197386808
4.608234225259	4.77414195868143	4.73803420505782
9.04359491535025	8.97542551120848	9.01394462273554
9.85497423210661	9.87754402129283	9.86413959087521
5.03998088387809	5.23633171813889	5.21028826497392
8.56926614695218	8.75083297301508	8.72021648718511
4.01836325665504	4.07171926147118	3.96969103642284
4.49388609235716	4.13712993783442	4.14825504639711
9.73916997124406	9.73178625434954	9.73178625434954
4.36030218492015	4.60021906727011	4.27717414729043
8.63830789079509	8.63247427973107	8.62231564154543
8.91572694233046	8.97064234035193	8.88590568572257
4.87885754643089	4.74532151954635	4.69352180873618
4.608234225259	4.49172958307258	4.17797076079495
4.99792652104149	4.89532785272064	4.85033249124998
5.39236217096009	5.64097192320745	5.50943946289549
8.89130264745487	8.8558407003934	8.82944840510926
9.1220845696505	9.12393998199735	9.13105998572811
3.87307531781314	3.71789595155162	3.93133137544907
7.69440401199333	7.71087127926977	7.69980449513934
5.78719938990251	5.73889333133782	5.6644304098855
4.75260799753426	4.77414195868143	4.94202273926707
4.00314264813908	3.71789595155162	3.71789595155162
4.77414195868143	4.47867271731235	4.39774800342526
4.87885754643089	5.01306263286172	5.01306263286172
4.3217780417635	4.45663129441345	4.17797076079495
4.18878611312994	4.13712993783442	4.19404188508271
9.2182958102271	9.39173980227362	9.32329193125466
7.34240982684056	7.42815850630306	7.34465697984143
9.64985529379648	9.57799068736212	9.60411730794877
4.6592123202622	4.87055971479536	4.89203366782643
8.92827463374826	8.77036264682715	8.76734044816882
7.4861603410637	7.48443799497493	7.53311696602905
4.10905262434253	4.22074298861037	4.11183241453363
8.35725008782092	8.20647290057607	8.18288155103669
8.51034907098712	8.39803007659841	8.37597715564275
4.56771746867853	4.17797076079495	4.68217573957321
7.59642768219015	7.59178815165978	7.54588247261642
4.99792652104149	4.97647069228409	5.2808099411245
5.44557003401685	5.66156470558128	5.76427066890972
8.67305571236107	8.53465519587341	8.65878421863432
8.7499843993013	8.81716171570272	8.82601649695186
4.21536976682261	4.17797076079495	4.59619478983659
6.07754468251833	5.96685090615311	6.10526018746743
8.69128436504822	8.51394323678916	8.54871114670706
3.85296648520232	4.22074298861037	3.75403028921156
4.13441296911291	4.56771746867853	4.07758940481604
5.24664783042192	5.06339225864266	5.25432383071041
8.87906412997221	8.8092809824755	8.82541040751568
9.00484992195478	9.02147520187135	8.92301340567537
4.63785645014341	4.95622552874693	4.88052156119299
4.87885754643089	4.93888983993299	5.11762021880977
4.26201172248183	4.15097201511862	4.06300353256649
7.98874725683083	8.1284257951354	8.17955361708382
6.29677992845642	6.09640657871039	6.08619086266675
4.4521157838008	4.61618313924379	4.19404188508271
7.5832690994851	7.52477925884824	7.69440401199333
5.06920713351784	4.91000088274885	4.9035015640855
9.74194725625605	9.69111734381946	9.6972542919376
4.17797076079495	4.47867271731235	4.42974591258459
7.15176441011277	7.08749344860402	7.08473950091725
4.85713000882583	5.22073094144342	4.77414195868143
3.96969103642284	4.11474698565511	3.93133137544907
10.3406338959722	10.3406338959722	10.3406338959722
4.03630788355804	4.29706110596102	4.24668822111699
9.16090611194728	9.13251174919638	9.16271303553267
4.49388609235716	4.15097201511862	4.41611295818428
8.05791432542492	8.17955361708382	8.14286126749962
8.86429010540272	8.91057450494868	8.87152024842052
4.24668822111699	4.35312453843161	4.45663129441345
4.66684578763223	4.61618313924379	4.3884996732643
9.28269563006452	9.23269878525021	9.28556714232692
8.88674501189753	8.93438024929426	8.91572694233046
6.56556189125293	6.52032676404275	6.6581925967759
9.50580511401911	9.30429950162634	9.37525344616975
4.34589879970373	4.33632765673213	4.17797076079495
4.15634523690638	4.03630788355804	3.73263512921522
9.71413731947634	9.74806037848308	9.76739761353295
4.56771746867853	4.22074298861037	4.01836325665504
4.77414195868143	4.44768350959632	4.83680733639535
5.2782907446003	5.25682853224913	5.24664783042192
10.1140875947527	10.1097163045635	10.1394685944728
9.36369773375356	9.32329193125466	9.26419665126041
5.60113251223022	5.39236217096009	5.48086283822019
9.3203058178143	9.26344251586861	9.3030188370684
4.72703420786817	4.76341515676505	4.95467922648226
5.06339225864266	4.76341515676505	4.85033249124998
3.87307531781314	4.22074298861037	4.14825504639711
4.3884996732643	4.29706110596102	4.26201172248183
8.81274221252858	8.82921946040274	8.8198453764537
5.09058025166386	4.98878382990457	5.14251994173612
8.79092173224623	8.67305571236107	8.70237367873347
7.38977942010729	7.29146963029762	7.26188806730045
4.71594968728375	4.70477933416975	4.75260799753426
4.92932432389566	5.00397707264129	4.97028445985485
8.70530967549647	8.61756600397703	8.56439782719398
9.463201019075	9.56536370360709	9.53670662225982
4.608234225259	4.60021906727011	4.83680733639535
8.65272300257207	8.69078027522277	8.75359795945434
4.78478958951569	4.584054036439	4.64759205996574
5.26694789591859	5.25682853224913	5.15774762483407
2.16239689522373	2.16239689522373	2.16239689522373
8.83115595901273	8.86429010540272	8.89130264745487
9.37196959500157	9.36724800463201	9.41897498460145
8.79092173224623	8.58361503670048	8.5904996355483
6.55230714122237	6.48143818422811	6.55893451623765
5.19163552324482	5.06339225864266	5.02814043402505
5.16453247501282	5.13845363818225	5.05317543693206
8.84094839531467	8.71734809760666	8.61756600397703
3.36447964327415	3.22821070301658	3.24844573187886
9.44369039289521	9.51512550534126	9.48511851952727
7.66960825841097	7.69440401199333	7.59178815165978
5.33256537597778	5.36942143422677	5.4290122605705
4.75260799753426	4.99792652104149	4.92293334251159
4.59619478983659	4.77414195868143	4.68217573957321
9.47306865443143	9.44369039289521	9.45860594251778
5.11762021880977	5.54587091969095	5.24664783042192
4.41611295818428	4.41383380203477	4.60420994782547
5.56660274312739	5.44557003401685	5.57891800613159
7.59178815165978	7.56989451392095	7.5839960429721
4.54284280003949	4.61618313924379	4.67073972264811
8.00054015619297	7.74121350327183	7.78309620600033
4.608234225259	5.03707514484439	4.86052859786112
5.29072734542466	5.23633171813889	5.0763354387703
5.17542097793733	5.01306263286172	5.13437249185774
5.31675893994919	5.09201577338131	5.09751181431083
4.2258863354669	4.73803420505782	4.62805777582069
8.71734809760666	8.53820371880494	8.63688088335723
4.06300353256649	4.3884996732643	4.31191337381145
4.47867271731235	4.42974591258459	4.47645658021011
4.0482724400911	3.85296648520232	3.96969103642284
4.47867271731235	4.584054036439	4.56771746867853
7.78130356446962	7.6799155005031	7.73626987014385
7.44775053819229	7.31912689441068	7.21845539242527
9.39668930786803	9.47306865443143	9.47154130592003
4.50894401282195	4.44768350959632	4.44097207924232
4.9035015640855	4.71594968728375	4.68217573957321
9.463201019075	9.42180605071309	9.39668930786803
4.36030218492015	4.68217573957321	4.42974591258459
8.62427768086989	8.45786782194187	8.45560267023913
4.54284280003949	4.64369812494986	4.55117009616163
8.21692062068893	8.30372203331535	8.23819694004816
3.36447964327415	3.43182757566094	3.90573209703917
8.7769219396119	8.87906412997221	8.82944840510926
4.87055971479536	5.03707514484439	5.30694051332666
4.62406689526533	4.92452047153134	5.14251994173612
4.10905262434253	3.94469052190751	4.21536976682261
4.94202273926707	4.67454131040552	4.72703420786817
5.14534046798552	5.11762021880977	4.83680733639535
7.96962752535598	7.96962752535598	7.97375447957864
4.08040170791011	4.17797076079495	4.50894401282195
7.26188806730045	7.309917262415	7.30061111192238
7.71892995973574	7.71892995973574	7.68304864822066
5.68732287081303	5.20236712404971	5.29200974405633
9.25238973219635	8.99147737629761	9.06063648247087
4.3217780417635	4.17797076079495	4.36973186639729
4.50894401282195	4.76341515676505	4.78478958951569
4.92293334251159	4.52600574601001	4.59619478983659
8.51219461439464	8.66199752340862	8.67755303853459
8.76193306942618	8.62231564154543	8.69522242690269
8.96198262735784	8.92013901496775	8.85477937296066
8.42038309503609	8.21692062068893	8.30372203331535
6.62089873002836	6.69442173524379	6.78179607817481
4.72703420786817	4.56771746867853	4.57999579845696
4.73803420505782	4.16171845869414	3.95089574796329
5.02209131845497	5.07493339880094	4.99792652104149
9.34586326242182	9.37605651784161	9.40988034349224
10.0634255046827	10.0634255046827	9.99291181359716
4.29706110596102	4.63198349841281	4.47645658021011
4.66684578763223	4.56771746867853	4.52600574601001
4.64759205996574	4.45663129441345	4.3507319896021
4.34589879970373	4.3884996732643	4.45663129441345
4.43869292309281	4.52600574601001	4.57999579845696
5.21941340842919	5.00397707264129	4.92293334251159
8.7499843993013	8.63735811706735	8.66624917438507
6.00818515779371	5.87505729160402	5.87505729160402
7.93148438476114	8.04841583389869	8.04841583389869
5.77668826280285	5.96685090615311	5.98385044257839
4.31191337381145	4.76341515676505	4.71594968728375
4.87055971479536	5.03707514484439	4.93254104724024
4.91649960795745	4.83680733639535	4.78478958951569
8.41072530994672	8.42038309503609	8.39583407488828
6.97602967568249	6.92965765533516	6.94928545285404
5.49858609444534	5.6547081207217	5.49417405921847
5.12884952999117	4.97028445985485	5.05317543693206
8.67755303853459	8.60040666892012	8.66298009805543
4.69352180873618	4.88052156119299	4.86052859786112
8.73896861033122	8.82571345223377	8.81591922647566
5.60113251223022	5.43652764134256	5.45227456005076
9.17271674612766	9.17207753095851	9.14655803746606
4.36030218492015	4.41383380203477	4.47645658021011
4.73803420505782	4.24414376167477	4.50894401282195
4.43869292309281	4.71594968728375	4.17797076079495
4.72703420786817	4.50894401282195	4.16171845869414
9.53219718387284	9.60681681074077	9.5958484636463
5.03707514484439	5.11186088833249	4.85033249124998
7.74121350327183	7.35428914265328	7.48443799497493
4.50894401282195	4.19953792601223	4.27717414729043
4.09481258652473	4.29706110596102	4.41611295818428
8.7355962535316	8.73535232333669	8.69946376513222
3.50664424883474	3.56934421848141	3.85296648520232
4.97028445985485	4.8231390244691	4.75260799753426
7.68304864822066	7.74519024389815	7.77396013901581
5.99891878269495	6.11521186398702	6.18486415716399
4.63785645014341	4.70477933416975	4.73803420505782
8.64669975386916	8.66298009805543	8.67305571236107
4.4521157838008	4.17797076079495	3.96969103642284
5.01306263286172	4.77414195868143	4.816268931244
7.06978259237787	7.38658117008835	7.4575781541898
3.70292649905756	4.36030218492015	4.16171845869414
8.65272300257207	8.78450309506287	8.79213357559887
5.83383225708312	5.96685090615311	5.86094164051325
8.36819645258468	8.47434852709542	8.47029939264451
4.24668822111699	4.29706110596102	4.41611295818428
4.584054036439	4.584054036439	4.56771746867853
8.53153065074036	8.52645664599553	8.46723123099202
3.96969103642284	4.29706110596102	4.09776292014697
8.97370604930014	8.82128654797762	8.8770857774282
4.71594968728375	4.84700446172578	4.78478958951569
4.10905262434253	4.3884996732643	4.28708992842178
9.40988034349224	9.39395679807651	9.40432354528564
4.9035015640855	4.88052156119299	4.86052859786112
9.38194726745019	9.39668930786803	9.4297224618276
4.23634353027978	4.69352180873618	4.55117009616163
8.80132659007343	8.81128740832452	8.84388118468595
7.73626987014385	7.50745196020855	7.52477925884824
5.48200511672704	5.49858609444534	5.602166703818
4.2258863354669	3.74679859884512	3.66568970322522
8.3490573143897	8.33471374935472	8.31952098342133
6.41709504368905	6.37682894116788	6.29424039455441
5.77134057642302	5.98385044257839	6.11521186398702
8.67586171084013	8.65972343564176	8.64604759256883
4.78478958951569	4.75260799753426	4.49604260164174
9.39395679807651	9.26344251586861	9.32946026894142
4.608234225259	4.9035015640855	4.99792652104149
4.10905262434253	3.94469052190751	3.85296648520232
5.05167730639419	5.35650552566416	5.23506285412058
4.6592123202622	4.64369812494986	4.49604260164174
4.71594968728375	4.86052859786112	4.75260799753426
5.24664783042192	5.13845363818225	5.40822427220394
9.18739434278801	9.31266756437537	9.28990197926811
8.86136028326326	8.78883073573244	8.7499843993013
5.06920713351784	4.80585195324919	4.75260799753426
9.15014346146063	9.09421422920246	9.10127431800829
4.06300353256649	3.91830478187338	4.09776292014697
6.48143818422811	6.32939510954717	6.36313024652288
4.49388609235716	4.16171845869414	4.24668822111699
5.26694789591859	4.93888983993299	5.21028826497392
4.38148474636741	4.19953792601223	4.3507319896021
4.57794941016056	4.72703420786817	4.69352180873618
6.52032676404275	6.67032559694874	6.68517611650217
6.08912420899515	6.34000808029866	6.3744154910458
9.41586359650101	9.39927239656033	9.41211792448364
4.68024441052734	4.76341515676505	4.56771746867853
7.53949971932273	7.78488884753103	7.74519024389815
9.66444852614812	9.63115633116414	9.68120086442637
9.02257156933759	8.99985233134772	9.02611962697788
8.75359795945434	8.70530967549647	8.73584018372651
9.27251925038161	9.18350414614201	9.22329403417549
3.56934421848141	3.85296648520232	3.69888524134978
9.0858039425503	9.15336838159837	9.13251174919638
9.33393400507127	9.32946026894142	9.38194726745019
8.54472964024867	8.45560267023913	8.45786782194187
9.07885096154108	8.95625346125027	8.96115402146209
4.97028445985485	4.11474698565511	4.28708992842178
4.92932432389566	4.88052156119299	4.9035015640855
8.52645664599553	8.58866388954554	8.56821607480251
9.47001395740863	9.37236383869291	9.37236383869291
9.10746673059192	9.16420677960061	9.17271674612766
5.93131703177146	6.00119444915856	5.87505729160402
5.76427066890972	5.67223565060916	5.65670356099938
9.5610932717334	9.63419863598893	9.58286588849362
4.4521157838008	4.61618313924379	4.56771746867853
4.79186175148558	4.89532785272064	4.99792652104149
4.26201172248183	4.63198349841281	4.67073972264811
7.27505524903686	7.15176441011277	7.10872608588403
9.21316661307208	9.19365061038814	9.23269878525021
4.5553337442227	4.5553337442227	4.76341515676505
4.17797076079495	3.71789595155162	4.28708992842178
4.21536976682261	4.24414376167477	4.06300353256649
8.86901783171965	8.86136028326326	8.86584155019731
8.11764906964035	8.08669318328437	8.11248884622877
4.816268931244	4.41383380203477	4.87555223400939
8.99805977849996	8.92343654555313	8.98352027470993
5.87740315580598	5.58867730795614	5.6780191913369
5.57680878933058	5.60320089540579	5.65670356099938
9.06063648247087	9.22329403417549	9.18836829259435
4.50894401282195	4.29706110596102	4.57999579845696
4.28215759444575	4.11474698565511	4.42974591258459
8.20403666840052	8.46723123099202	8.47695510942303
9.35256286257967	9.30429950162634	9.33835006501138
8.45560267023913	8.72058707421991	8.65878421863432
8.72021648718511	8.79263785128109	8.78450309506287
5.7353146972621	5.68267103107497	5.71260467002908
7.88944284617653	8.20403666840052	8.1284257951354
8.69128436504822	8.67305571236107	8.69021751325968
8.82921946040274	8.78340811664638	8.84800510685926
5.69500070462985	5.83215077721855	5.74247196541354
9.49971330853474	9.54895393174547	9.62264933970315
4.56771746867853	4.8231390244691	4.76341515676505
5.40822427220394	5.14534046798552	5.33982390265337
13.35427122054	13.35427122054	13.35427122054
12.8457978986334	12.8457978986334	12.8457978986334
4.43869292309281	4.88052156119299	4.89203366782643
5.05167730639419	4.8231390244691	4.99792652104149
8.7630026078451	8.79162929991665	8.79648187235487
4.79186175148558	4.73803420505782	5.03707514484439
4.50894401282195	3.90227233701137	4.31191337381145
3.92822876242117	4.17797076079495	4.26201172248183
3.43182757566094	2.98148861213155	3.30640081275655
8.54325731509124	8.4310221256684	8.4310221256684
5.96685090615311	6.39540558510039	6.19794573105982
7.20769358310038	7.07256754239467	6.9652568403779
8.32559331670417	8.06480445650475	8.2218751819828
4.42974591258459	4.75260799753426	4.31191337381145
4.5553337442227	3.91830478187338	4.31191337381145
9.2475176694237	9.24287139138142	9.22115537136664
4.03630788355804	4.13712993783442	4.07758940481604
3.66568970322522	4.09481258652473	3.87307531781314
8.79353291007224	8.87152024842052	8.94989507940736
4.63785645014341	4.3884996732643	4.59619478983659
4.84700446172578	4.87055971479536	4.816268931244
9.00864595424868	9.03656892968991	9.00864595424868
4.28215759444575	4.66494499375352	4.76341515676505
7.64807529429288	7.80586616587624	7.71892995973574
5.47045936825358	5.40822427220394	5.2808099411245
9.05561761406055	9.18739434278801	9.19848240348276
4.2258863354669	4.67454131040552	4.39774800342526
8.85371804552793	8.96198262735784	8.93438024929426
4.0482724400911	4.41383380203477	4.33388652740473
7.4134252278809	7.55416399267516	7.48788268715248
4.69352180873618	5.07493339880094	4.97028445985485
4.39774800342526	4.42974591258459	4.55117009616163
9.61632393636501	9.61632393636501	9.5610932717334
5.92489161715489	5.77836973240678	5.81496911704734
3.50664424883474	3.48594462753721	3.17716652739272
8.77036264682715	8.64907981585265	8.64449759174225
5.85835429702903	5.56457499309778	5.44557003401685
6.10526018746743	6.10526018746743	6.34799214023776
8.68625571255276	8.88674501189753	8.92013901496775
8.65784500162689	8.72524382857828	8.62427768086989
9.02147520187135	9.12663545815735	9.12393998199735
9.63115633116414	9.5958484636463	9.54521596495325
8.96198262735784	8.98943733326547	9.01911239990137
8.99371322099008	8.98352027470993	8.95625346125027
8.2701317145745	8.37597715564275	8.36819645258468
7.97148580224489	7.95673896136966	8.03437954334936
8.82541040751568	9.07885096154108	9.0809015203222
4.42974591258459	4.17797076079495	4.56771746867853
7.66265999180605	7.64807529429288	7.57657938713723
4.49388609235716	4.49172958307258	4.62805777582069
6.46907955665762	6.59424278728694	6.64220873268163
5.75544193461004	5.69500070462985	5.54382185988548
6.85189629381962	6.80785350842973	6.77296404386
6.18486415716399	6.06542067313747	5.96539803663626
5.1563537126783	5.14534046798552	5.46384132619457
9.09421422920246	9.10869184771006	8.99895605492384
9.4297224618276	9.54290412010561	9.55421847056379
8.78340811664638	8.86584155019731	8.86848301269116
4.17797076079495	4.01836325665504	3.58652646730876
4.73803420505782	4.97028445985485	4.92293334251159
5.19163552324482	5.32039336787207	5.16453247501282
4.584054036439	4.44768350959632	4.44097207924232
9.01911239990137	8.92827463374826	8.96674927126736
4.80585195324919	5.01306263286172	4.97028445985485
4.85713000882583	5.15496783464296	4.99792652104149
3.95089574796329	3.94469052190751	3.93133137544907
5.06920713351784	5.03707514484439	4.86052859786112
8.7355962535316	8.7769219396119	8.78179244451673
5.56254724306818	5.47363198424587	5.57891800613159
6.19794573105982	6.15779891004624	6.09423206701697
3.66568970322522	4.09481258652473	3.43182757566094
7.83793964003211	7.88944284617653	7.83793964003211
2.99337049449585	3.56934421848141	2.98148861213155
5.29072734542466	5.16453247501282	5.22073094144342
9.31415480366049	9.30253942210136	9.31855744109571
8.83989358994486	8.75359795945434	8.86136028326326
4.54284280003949	4.88052156119299	4.36973186639729
4.79186175148558	4.54700644810056	4.26201172248183
9.17143831578936	9.01911239990137	9.0809015203222
8.09258530031514	7.80586616587624	7.84404999745401
4.96092527409462	5.06339225864266	5.23506285412058
9.32142913959419	9.23496077859932	9.24359618016899
9.69111734381946	9.71788734581569	9.69111734381946
4.83680733639535	4.60021906727011	4.60420994782547
4.50894401282195	4.60021906727011	4.70477933416975
4.59619478983659	4.61618313924379	4.78478958951569
4.47867271731235	4.54700644810056	4.31191337381145
8.45010581723909	8.54871114670706	8.59777960843491
7.22017758184736	7.38658117008835	7.49922009012067
7.55416399267516	7.4134252278809	7.50745196020855
7.4082426920122	7.62477966719622	7.71087127926977
4.85713000882583	4.33632765673213	4.53864278777962
7.85267364896101	7.92410081680265	7.85267364896101
5.19163552324482	5.36942143422677	5.38668931868961
4.62406689526533	4.75260799753426	4.89203366782643
4.43869292309281	4.53864278777962	4.36973186639729
4.34589879970373	4.56771746867853	4.3507319896021
4.608234225259	4.5553337442227	4.11183241453363
9.10746673059192	9.03656892968991	9.09161975481012
4.56771746867853	4.72703420786817	4.55117009616163
4.76341515676505	4.5553337442227	4.95467922648226
5.01306263286172	5.27451613511879	5.16453247501282
5.54382185988548	5.55434684035687	5.77836973240678
8.83115595901273	8.7733930186312	8.74456414943901
3.71789595155162	4.29706110596102	4.31191337381145
9.12393998199735	9.10375796574104	9.10869184771006
9.57799068736212	9.45580104128987	9.49287760477758
4.01836325665504	4.03630788355804	4.31191337381145
9.2888265224341	9.20212041788364	9.18739434278801
