k4_temp24_1	k4_temp24_2	k4_temp24_3
4.51109054994837	4.68835437968051	4.95473492830003
8.20618397808342	8.28015926938544	8.12184764779984
8.09807417573947	8.06590669454502	7.92116038064118
8.76712753027533	8.87385338570502	8.84074763563288
4.7078376376673	4.64778216464005	4.86219813880582
9.02390399787938	8.99871154917603	8.86965708942629
8.29070112131089	8.31265467732167	8.1277985633932
4.58293054332811	4.57582662863665	4.97684333459933
8.00424027618304	8.1419406088158	8.00039817346896
4.4709131767789	4.57917466046461	4.48068392320697
4.79445467339265	5.01810496472095	5.02255821934889
4.4264704841958	4.44621005353097	4.19018792967021
8.07656335608196	8.10319287362504	7.80809680846132
6.77936694038558	6.86310635384612	7.02787039911515
9.00243970522214	9.01162958166014	8.95814301757193
5.07695435719797	4.89656051572706	4.88357512354294
5.15138799285504	5.0098625641432	5.36339087285371
6.56533352780193	6.61094926966925	6.45167129110161
8.72934910116749	8.75149811175491	8.82321453847294
4.85745450441727	4.79938725911436	4.89766032263547
6.886418447911	7.02677266004897	6.92792668443994
4.76584282225489	4.54319976316494	4.31775760803727
4.62678413277909	4.74697086698679	4.88790402626737
5.25203199618102	5.3256128281429	5.18126308841234
7.82965761424186	7.73887879712027	7.91737298419678
5.59967782703794	5.64516385512564	5.6715846558378
5.26110871316528	5.13788328476002	5.39009757551606
4.37194636702218	4.7795538894681	4.57826290489326
4.37989491851592	4.35723105528549	4.47038067843661
8.0135480088935	8.0047723228945	8.11102682119778
7.33975358012415	7.33658821158634	7.40331930978504
8.19043138690513	8.19314384483108	8.26877685381396
8.46906093603881	8.57921577042103	8.59451690527739
5.84051099354828	5.64995215234313	5.71126436032198
4.87333239033695	4.9314846646588	4.95174381429069
8.66877755572236	8.69334379029903	8.70103929972336
4.83832997302935	4.45352450785618	4.83452061020383
4.6078393401597	4.59618684012679	4.3142744023172
7.51294934618193	7.41362229719008	7.31768943249794
7.52293523406237	7.53652078552866	7.23335213503672
4.43854496235436	4.46732024904322	4.50796404753744
4.75318842018513	4.72204604420059	4.5270429166319
6.05153250202923	6.11110284990367	6.05116407536604
4.75674514732063	4.62366700846977	4.83754056801807
8.28190671218037	8.32660304588411	8.34282743851676
4.65393427858708	4.4662997302016	4.34741703813893
4.5864834587803	4.33379003897873	4.47638707703386
4.74522008997278	4.94929470739195	4.82239889141974
5.18544595995076	5.29216978824777	5.46401400454086
8.55872411573402	8.61954992251954	8.59443316347006
3.97140086514979	3.74427216916044	4.23031529634177
8.27729334901019	8.3058667639842	8.07540277120777
7.84852427193998	7.77155080454126	7.66529868689675
5.01982455468224	4.94691722517757	4.9812814416935
7.58865861822184	7.67490968646961	7.44618300364863
4.66515812440746	4.55036234328791	4.48620342444354
5.5547002274875	5.51115898362945	5.35809870460705
4.49765492319762	4.66077013977651	4.80403315079056
4.88697664530707	4.94585799493241	4.85316150489075
8.13020506774009	8.13337134116759	8.28145787199303
8.46889557457856	8.39599630150191	8.44740556877571
4.38984924209985	4.41651984202317	4.33711857153962
8.36723525528517	8.36600846979014	8.38022897869278
4.78846046296457	4.7816758163129	4.79170069806046
5.40536418382323	5.29959817220938	5.12127567597625
7.73767380063415	7.81195190680486	7.76997637509769
4.93958349681598	4.77967298299756	4.74255898861402
8.74335854768159	8.67868983597416	8.4983938529413
9.36519603299279	9.30100104797314	9.36041742263597
8.72902295139132	8.62958150628305	8.91422562982637
8.50411755671996	8.43767969906976	8.28351953996273
4.29699146427708	4.22345026614715	4.64596310724151
8.86707862152909	8.73376606629238	8.68413119097207
2.73795787486492	2.66721490887145	3.06087412957307
5.1084742298236	5.05039080082993	5.43529588194772
7.06357554067439	7.09538593378913	7.01841605554038
4.961136815539	4.6474875462866	4.62390049383714
5.33581345990957	5.27495098655178	5.43358368744977
8.65164684303796	8.64493580776817	8.56640696694554
5.27072049581557	5.18813071429004	5.02205356355993
7.51633805872984	7.3866760735481	7.40104879689045
9.16625002987797	9.10795652331112	9.17185629216
8.37080130491704	8.31132839661017	8.25029058054175
4.8647767342149	4.81595307045023	4.40134594496288
5.12573221106115	5.10012994092821	4.94217536064806
8.87059834555343	8.88442146982056	8.88216113069798
4.49710981677096	4.61391057645232	4.34711206806444
8.36675092625409	8.36966243779263	8.36587465125113
5.71258742879915	5.7130986461208	5.7825853997071
8.99021171415438	9.02301603617818	9.0994942655312
9.1652789155956	9.1352691156202	9.02497123620443
5.55796830097255	5.47165679911121	5.43061007361722
4.66990799775156	4.83191817056021	4.84171828382984
7.2267021389508	7.1478881827312	6.77937386493204
8.91417631290033	8.91583095475989	8.60579889552086
4.25809814335022	4.24598601889744	4.01288508699873
6.91512461046195	6.93085809259645	7.01031926975461
5.66068017536518	5.6050666722538	5.70288685524796
8.3372166780665	8.34384124507463	8.39344172750388
4.46572290644214	4.34530630326443	4.50482498206472
4.67157598378741	4.7769282676755	4.78751548059449
8.19545306253211	8.29350894476479	8.04480963594162
7.59850824820184	7.67508335240379	7.72690010175389
4.80937618851031	4.67762621494149	4.81525388260617
7.03925884174101	7.06721154478138	7.17436871631734
4.2030551203621	4.06903871532309	3.86833127600032
8.5882497081955	8.53934943284543	8.39084370388163
4.6964354588421	4.74232492513483	5.05481722084799
5.76100960638836	5.60978196573168	5.56418525012926
8.69825114202875	8.67126516376961	8.60284608280456
7.31525398377765	7.25919837038361	6.76383447339059
8.7550725366097	8.7867864478141	8.75650493828753
4.2033642226132	3.84696220558954	4.7675346682391
7.35047365486522	7.43208639661263	7.27103006100974
8.07045404861661	8.19161653381192	8.19007367859627
8.97308172436303	8.92446480921294	8.7866684237633
4.99984578710958	5.22502490069524	5.27047205377416
9.23663549675447	9.10455495230737	8.7952671855679
4.50057064569272	4.42437716740802	4.30508050247416
5.02750406258728	4.65888080867541	4.76881100411585
5.30883487712819	5.33449190497259	5.38040982584077
8.029581401077	8.09520653479648	8.09291354942238
8.51089739588603	8.51513533580773	7.92882144915665
4.8976675014876	5.0188671468241	4.88158456944733
4.66377406470978	4.70319211704292	4.42500721343046
4.44022380056595	4.66547485723862	4.19777051712282
4.65462998802787	4.74451532275615	4.98509086887604
8.05351620808686	8.02184691273571	7.95747785629254
9.46202387665867	9.52376274950306	9.51507744608894
4.25332175757292	4.44094118536883	4.14475302542453
8.92987453737121	8.93896738443125	8.86947833584616
8.93774072749069	9.00489947278089	9.15418169986063
8.52122793762219	8.40308423784623	8.33152056627734
9.05343116257616	8.86789099713304	9.00485663461915
9.05560012160174	8.99371689510622	8.90289234301773
4.70164033833596	4.44362434117804	4.54730639948316
4.10396571706058	4.43051634424657	3.82764794033314
8.67001753720322	8.67298061007567	8.72371382535921
8.06281455302559	8.11377742184939	8.2855879635679
8.1820663985141	8.11091938441516	8.23872816429076
8.28314078189328	8.34997537471313	8.08000338864711
8.08590090127715	8.06361015464522	8.19722624298237
8.00000655445445	8.12898368650183	8.0860624892663
8.48661849208894	8.45276032817676	8.32586414174094
5.86414344319615	5.81584390492632	5.777765862405
8.74000474976579	8.79336814758997	8.80475966551335
4.59420516401867	4.35324825846415	3.93669713525018
8.620593476719	8.57891697019764	8.64379364608637
7.30508539601058	7.41926430599489	7.42673124634979
4.26973947804532	4.35016403003713	4.4338254797239
4.52726379184087	4.45488603707386	4.11320937067721
4.34798901364733	4.20609944570878	4.95647448827178
5.1561936266544	5.16645458740685	4.89578953064821
4.91205181654335	4.92680663615345	4.82740874418656
8.29553792731677	8.33307147178777	8.30150440910644
8.73258273540165	8.71162637265535	8.5014505079533
8.16645268852429	8.21136941550961	8.45383302576255
6.59151232135912	6.63444868075857	6.36294752428706
7.78164190786101	7.80178055513882	7.60301418378601
7.32127287237122	7.46095356580992	7.36333403614939
9.08416731822225	9.05289796881914	9.14820411106995
7.86992979717892	7.75316946030699	7.9381212892575
7.90532822860259	7.8959851856924	8.04626655918559
6.02146743572651	6.09234613462596	5.65763282416008
7.91263563309368	7.87060090446282	7.85167068210126
7.9219553372151	7.89257830743349	7.78591008483519
5.18830582612149	5.16724781859838	5.0868329053503
5.93361658438116	5.99001923070996	5.68170576524475
7.32795763538535	7.44937223863486	7.16581185535233
5.39472374210588	5.21063177996917	5.07316789191349
5.12290374523023	5.16374090361481	5.06195272899307
7.41040326419981	7.39126101220651	7.06762633569068
4.68229891124351	4.78655075618331	5.01062677882404
9.38240911003	9.38169921826086	9.38894452593883
8.5479260026016	8.52677985254819	8.4893575537159
6.67182384444217	6.46632397174458	6.84536214363577
7.96586496749436	7.9768299043316	7.89201187380199
8.89548642581542	8.84686627096448	8.98318708902494
4.3737252057915	4.38039132882747	4.26273838336494
8.13469227249198	8.16031377111268	8.17448016378982
8.31603621896439	8.30983250212814	8.26470114115716
4.12466019227666	3.83942193229833	4.47773840821266
8.09731932231224	8.20376519067049	8.17132813915808
8.29886725019493	8.1560987880658	8.25793563255937
8.17283659584274	8.20647738648372	8.28707521924649
7.64327458153979	7.65796580306023	7.6038671341937
6.49249981734469	6.4346956014682	6.38924399549946
5.77977171536874	5.7635428068746	5.65151244209521
8.04053599792012	7.99394892898177	8.20096910325378
9.39950703240619	9.34597946851964	9.43170272878985
5.07873526095454	5.03581531826081	5.32440788786129
4.992300238887	5.02787714969539	5.223453851593
6.06593770239608	6.0774142420458	6.29987688936248
5.31622676526601	5.36694577609391	5.16380329054429
7.63958999031977	7.75099453886201	7.71726959917236
4.69697549958291	4.80336287830684	4.49581438610762
4.92279302638577	4.70714170673008	4.7394855305694
3.37839787638012	3.71611608370987	3.68239232882849
5.25949469223749	5.11411220830574	5.2155596672661
4.66248939347979	4.57252837858408	4.6407243653755
8.05676545210898	8.12064181823927	8.18815174567763
8.64341686624385	8.62037796078432	8.86576533042746
7.01125956068768	6.96323840348145	6.93824265906695
4.77741918771491	4.91423578315191	4.94781620570292
5.03482820407911	5.00834654757072	4.66846606610623
4.88968191174783	5.01855058269875	4.60406383868768
8.64211032660186	8.54099424783026	8.78127041218701
5.36580096909866	5.52200107456485	5.23373645461468
7.51665690182472	7.51552953432274	7.53620886754347
8.10472392201806	8.17749212766619	8.19701392584749
5.05182084794355	5.11390493556177	4.89028984286656
4.80321358097053	4.74782285015578	4.28906850752344
4.96941953340237	5.04639140664291	5.20298311842767
8.24832049715015	8.28834238364714	8.38762778468141
8.08078771828752	8.1060700001788	8.18837131544311
8.5136306573807	8.48886356740762	8.52232923261657
7.42936117313761	7.3491907845999	7.5714435412069
7.67215467914413	7.70395207675764	7.81136160142734
4.32801378614744	4.47518690566847	4.18793723499023
7.61374931195683	7.61206140932494	7.71213858265653
6.31991100408411	6.10854430897872	6.35432301790873
8.43035291328556	8.38181432087391	8.02646643162314
7.02299961933269	7.06381867638616	7.10290917923694
8.60131102641256	8.58649865145123	8.55932655613893
8.03644939952228	8.1548650169454	8.29199198168111
8.15203124221246	8.163379065892	8.18149831535324
5.69256486049336	5.83960397595541	5.63524908149033
8.78945708981867	8.77911515824586	8.92969310609992
9.0943315457253	9.15587109665084	9.08291676175065
6.64282177944365	6.64517567542521	6.20065159189268
4.46122453422229	4.53275552653772	5.16752057876515
5.88205794431381	6.11646867166717	5.12340027721403
10.10922259877	10.1468986255879	10.1226803034089
4.66328318301985	4.63949373601395	4.52120508722595
4.96703415774585	5.06879321417016	4.95980486730684
8.41936265292243	8.42011216295271	8.41079392501917
8.33940818590972	8.38419676499318	8.5143109758044
4.76925087217342	4.96415582253425	4.99665875233635
5.28060930397572	5.25072350909112	5.22112033312901
5.47026713530057	5.30488609462167	5.71480861324067
4.34257731923719	4.41436165183144	4.50306194296972
9.13874058457381	9.18017386041086	9.05473177143045
9.10854840840505	9.0486892592167	8.84859059997918
5.69512649617128	5.42449820724965	5.46947620800607
5.59406049272233	5.70047938764389	5.51065584189856
6.46294887854134	6.44893619884388	6.29403964789756
8.09808306591328	8.15394248563778	8.17679072548199
8.34350629638753	8.25688429405973	8.47198798326145
8.69112077031706	8.63165816578616	8.54898150139515
4.72981491575576	4.62471104076873	4.81070897455628
8.06987282700179	8.13133758589769	8.05253309469586
5.45989704358081	5.39860868882665	5.25302215663845
8.37171594557996	8.30654756093249	8.48697514978948
8.55107357609942	8.56212815022347	8.65420963562268
8.21802059481981	8.23862681317911	8.21378908961195
4.81787161097208	4.96035812884427	4.82530445408614
7.99089325750032	8.02872576053813	7.64853411243997
8.0804508960681	8.14233802327629	7.89899439205143
4.42437752187316	4.27603962515361	4.50122267968138
8.62685207620278	8.61485755150079	8.13747768475436
4.81091219285627	4.88969530649794	4.50263210802824
5.28848771981992	5.26012941565944	5.00169370612269
8.8742493709363	8.89490767370543	8.85122159398689
8.46416859339095	8.4365356125624	8.78488624156998
8.37576716882717	8.42633448514523	8.37876365190531
6.374957794254	6.1979931863351	6.50748724270325
4.63346023301291	4.65379575251022	5.02716255622635
7.67643811780871	7.72366562246483	7.92804651801882
8.8804301481722	8.85873384251806	8.85493580660835
8.4454795679092	8.5068122463933	8.66549697133241
8.80128221296961	8.8105762405357	8.39970230941149
4.98035042152021	5.00461296549641	4.90906968030221
4.43718910963239	4.46563126381201	4.60008534476763
8.3723346091455	8.43857052474297	8.31428660213423
4.35771140339321	4.25047799303914	4.25807131754212
8.82138064736962	8.87073771366053	9.07165949147688
9.10340471516885	9.08756487799818	9.24651084537232
7.71990203181809	7.78056003477083	7.68010768065013
8.7949204739178	8.85738626428858	8.79589064081605
6.12645590263057	6.01663388048205	6.24666184825531
8.52956173201792	8.4487068706023	8.63971651874809
8.42760930356387	8.36440414201267	8.32884662676605
4.90275350569628	4.81426326434942	5.15104970383588
8.29923287884498	8.26651822066036	8.3939219117902
7.16777621094905	7.34683889828147	7.27154074091201
12.5482525471978	12.5566386976564	12.497605639588
11.5085854795325	11.4951886785041	11.3542125473339
5.30759679834573	5.16563353984866	5.04571498137351
5.56016665134263	5.57181350802661	5.89581516939165
9.2585246062895	9.25773643593784	9.32471376455222
8.03073950180039	8.026188048206	8.02389030014325
9.04042707377977	9.05926375753592	9.07203265452945
8.07707127236674	8.15266784753701	8.12964742964656
8.70941100046976	8.74308338008632	8.61420723983749
5.01454154671913	4.88186711006438	5.02548741116339
6.33137639958328	6.43080505644574	6.47935342983195
8.65765182757888	8.72923200052113	8.78485192279241
8.49461347267034	8.52335737471681	8.25712488118492
4.26212927947827	4.21728919957977	4.42931126222594
8.39757252109131	8.32952121305146	8.65409125282389
8.26625419488142	8.16931988985142	7.90008311154144
8.81219978857969	8.85672139833829	8.8454125389872
6.40374990777746	6.53997827984329	6.28478483168698
4.96773122321608	5.02009892037022	5.33874003023488
9.11744311218986	9.14046843105731	9.0226131615834
8.23047863194791	8.3042914661132	8.34128228933568
4.66028235032682	4.55274182900423	4.80589185766315
8.6863100449243	8.60767126088677	8.7044612845939
8.95287025446383	8.93568365315501	8.8821570438391
8.19452241129616	8.19259807314938	7.74860580559807
9.02847324202549	9.02745529774577	9.12468319437603
6.99894595780741	7.09445426101735	7.41073265230347
5.04048212175521	4.94537507798289	4.72389792581266
7.1016259420584	7.07581704906973	7.00529842094089
6.91040390578303	6.91196924058309	6.82483782474845
8.90271618781199	8.90529243211145	9.01450134122924
6.51841405430657	6.61816193187501	6.49808484189473
7.6426418236091	7.61183814068408	7.46176823906151
4.57461929086833	4.31868513932598	4.76870523013474
7.82882052107675	7.88299530661264	7.64003947298961
8.91143891797636	8.95874011599511	8.83591301830582
4.51850396977482	4.72571166070013	4.95625904837569
8.49516929277252	8.44868414193028	8.48953077938943
8.43609256450261	8.46072241221957	7.99499462048998
5.18003790819966	5.41772908294092	5.05009905268058
8.43047270917849	8.4156125585228	8.30898437310905
8.75688906112702	8.75689418513088	8.67793976394808
4.74572514795027	4.91738256991386	4.82131346289083
8.7746273371649	8.73724677554608	8.91279744602172
6.80133775329639	6.63513298745482	6.7254947371148
8.01159808059065	8.05781567735007	8.05294350989457
9.22292356923547	9.21397724656157	9.51430442778076
4.86059533865921	4.83740182580382	5.0638127667398
5.97207213207041	5.97220465568106	5.77341235580875
5.56530191998789	5.58170409601333	5.80070593992861
4.23002631990907	4.02762011609292	4.13100690851109
4.92757461100172	4.52513643291879	4.20927712273396
6.87405826671908	6.87019064504817	7.02602161196905
8.97587219787827	8.93822494213604	8.72867136846895
6.77091695454431	6.71999031721706	6.35502460623111
8.24236285233778	8.17996596017576	8.43287397635738
7.27705982917175	7.44181257505336	7.73886564637358
8.03804724236643	8.02540784629735	8.14591172916066
7.96123498020135	7.98266294318081	8.38309538922326
6.00341502362447	5.96472983672297	6.04306297645555
8.20593354832383	8.25092244972892	8.23289275013395
8.31731182861224	8.32894629898572	7.82752794945567
9.01539137702048	9.07445364789059	8.96699917810555
8.98819118013829	8.99197483620777	8.98858790769058
8.92060405301511	8.94181974081508	8.82085287325445
8.78819539363546	8.82096285584739	8.7754255183127
8.44426467673794	8.52473631929515	8.5450078194537
8.31601654960112	8.39599439874832	8.38266200488394
8.70470581878205	8.6897447745583	8.60328959313265
8.02975043391519	8.12145566642954	8.20049232454815
5.0270348266738	5.21294527761727	5.3288233909998
8.2820829629932	8.27609312948964	8.32996989061445
4.79626188421464	4.65427509517417	4.8399534821312
4.73173000374474	4.63523994389107	4.67417332773251
8.25828351537189	8.23353256228854	8.0769085947911
9.2180145735939	9.27378962308467	9.30151892622367
8.14918569135463	8.1641513944172	8.32470426577752
7.53162927920538	7.46592441814379	7.39357601583651
6.52549536119298	6.31851739241009	6.23553223996444
6.35670279680561	6.29060425705539	6.50187577999553
8.86381653514158	8.82495982930135	8.59343965834961
4.91576353113595	4.89310748130127	4.22129989010731
7.45392904687787	7.32488101217723	7.41267910322724
4.53677729391982	4.57206355199782	3.89458654324958
7.417323731486	7.50231934437463	7.61484390776062
8.90872117049382	8.89412545582627	8.86221303526981
8.9343751040081	8.85249766052485	8.65637865838686
8.76153782859118	8.78186460517698	8.83279010631995
6.83306678027831	6.91623577970527	6.565707144664
8.33032175922818	8.38585110695245	8.58319396041733
8.45286990231062	8.49206299328914	8.23040193304419
4.92646833323252	5.02440551013279	4.57476401804136
8.60026620015662	8.52370037898236	8.50885461068115
8.35671769885438	8.28259214508447	8.3551704493921
4.80707215662322	4.56964901070123	4.64553722255462
8.15175598923631	8.12304952504153	7.6457274482075
4.87066716639063	4.68138656487213	4.56106571281934
4.37291171735601	4.5510381694594	4.74286628749949
5.19939157653262	5.27402898719887	4.90107971083329
4.90270567887917	4.92262264802485	5.0458000582696
8.30784943598061	8.3399185945293	8.30492573625029
8.37162348895978	8.35426391487992	8.4745469855347
5.78849013952749	5.85865136494439	5.41677190228192
7.99421750187779	8.04146077892279	8.12505710489379
9.1052165734097	9.11024525841806	9.24036838366134
5.24443533794375	5.0555170159424	5.33093459772047
4.96261421252423	4.84835355049155	5.08987167444418
5.27346598752266	5.08571132213625	4.94685301677676
4.63596046344761	4.57659136498143	4.45332926978841
8.36625209928598	8.35048209923888	8.57820246473718
9.14467748038917	9.16421804936018	9.09429871652536
5.24306610076133	5.17773470747609	5.2968966778385
4.6453313691903	4.76637552583212	4.61718650856305
8.34810779631722	8.37656372533847	8.38292074323132
7.14216486051535	7.18267937908521	7.16540598970993
8.91658493173117	8.8791922823367	8.8111950939109
5.9145590297003	5.84550012351172	5.57874499853882
5.55861930514067	5.59239126018276	5.50540462772698
4.3636447698146	4.41766406102103	4.3004063803747
5.9674903676782	5.74184983308092	5.94401541729944
8.09024943556608	8.17077265961514	8.09265243745681
7.92584996547904	7.96704684923776	7.77520454988488
8.04929785769758	8.12998445105566	8.31575811106778
9.3777551445687	9.34166892198867	9.55823209478149
4.27743762595161	4.24563993178116	4.01348198783253
5.49733481244073	5.44046378469238	5.12951627027896
4.35264898709443	4.61869303478792	4.23209261058849
5.34955015807118	5.31498764970947	5.36260465032785
4.06413585886787	4.09525004520172	3.86489801517513
4.45271953602888	4.52612390601309	4.63211649265334
8.71612724830023	8.69655268436684	8.71577658789995
8.77120460073075	8.71302792626108	8.75104441009796
4.76452548588936	4.46161318832092	4.48656023628272
6.67550629489241	6.92683075448089	6.36041932475649
7.61748657381735	7.67085969839501	7.45232580849141
6.80573894488591	6.72130330129091	7.02225815964017
9.15988286114557	9.04815033956287	9.33825386587928
9.28369616460627	9.21975783588872	8.98179400066105
8.00659784359159	8.05085413960926	7.99084790604762
5.06264509754815	4.95804450457967	4.69667234964684
8.41011903532726	8.50034162171931	8.26122281432726
6.72166911507918	6.70734035287753	6.58669637798127
5.34366697319784	5.37059820851838	5.40125772117276
6.75105425164452	6.77330246937942	6.48825131226823
7.83138911715207	7.92270862577434	7.84271670334961
8.53062403056528	8.49212914578446	8.53312200154085
8.96795547234013	8.9428183984323	8.95272692228123
5.49616676011355	5.27788672168096	5.36649141812872
8.18419339533375	8.28838084642876	8.52483668377581
8.69269461398419	8.66893970047356	8.88798547915776
6.20301016149368	6.0990124836279	5.95511325025478
8.78956053312462	8.76209423199671	8.41567253543145
6.73279974506146	6.74773138347155	5.99798206357896
8.34861080998	8.32497368644711	8.2469750947678
8.04785718064216	8.03640016520195	7.91919886999367
5.71929655874152	5.93670009979853	5.76222335241271
4.29764366604633	4.39972491828282	3.78226567320891
8.92417140561509	8.96700506521341	8.9106990281533
8.06059511323969	8.07022670841305	7.73341608416773
7.24552024195382	7.22794554807821	7.00478523451162
7.28318799720053	7.1356265095873	6.83785241364656
7.97222537498114	7.93260607981286	7.87108121788328
9.42895750126635	9.35704057676371	9.42065478263479
8.24704331323192	8.21090708361058	8.5245378229442
6.1360592346392	6.40908090199152	6.00483147312696
8.92697845197456	8.94412410114515	8.92045196331868
8.54961229581166	8.51777152077545	8.36080322292803
7.73364986230906	7.70448210952615	7.88622929479303
5.13548363738598	4.97934928369804	5.10050421877903
5.49880486865194	5.74966414189116	5.47419015129553
9.30478615507077	9.27965410066952	9.41211632565813
9.10428077868017	9.12159829647545	9.05914987925658
5.58973154425253	5.69375677821058	5.32764961002024
9.02211627340035	9.01011546620953	9.08371259685247
6.48677667246239	6.4829208220983	6.33965961999722
5.98657829508365	5.88390797432185	6.14595238552239
8.46870811886359	8.48071665137889	8.63918184862152
5.92048014785366	6.03365499541134	5.90064864730492
7.66092043564277	7.48219110021971	7.94711695934351
7.10534377677399	6.81201122813064	7.14651481680824
8.92905465166897	8.81219829614144	9.05423961642186
6.1194665185445	6.34969380290257	6.42608318988936
8.70706648312392	8.72582442967327	8.76800993179898
7.69189027052294	7.61928327775036	8.07532915472608
6.96612739514541	6.90886624094315	7.06625861551932
8.48857146808986	8.57417691362923	8.56970882243725
4.83259730063801	5.09965561858375	4.98007660364203
6.92112480567516	6.74572451942605	7.04263658834053
5.55376304635619	5.81766828377218	5.5807388236885
7.05703158784849	7.13311016483807	7.14015661217316
7.10513321081967	6.91100398524041	6.94756169188288
5.03795941973324	5.06981260621437	5.12205708043889
5.30518844935342	5.31635806746545	5.34228746180789
5.24453670316761	5.22105086647229	5.46358918937755
4.7608436500624	4.86340842313462	5.20960108202253
6.2161234273574	6.34016540824243	6.27641168511993
8.35113510895753	8.416744574136	8.37518611241436
8.25988233434563	8.27606941754959	8.4297366854151
4.86064042236382	4.96991095923761	4.92836381402294
4.9843515241385	5.02058067557591	5.00612937288013
8.60677964683359	8.62748751579572	8.78218044967007
5.61597520600681	5.8791798518818	5.10486477495397
5.65316526921731	5.77183940307384	5.56618630090012
7.51871609555103	7.48715010064504	7.5302892918562
6.59839003971808	6.60176714739648	6.64639339112744
4.52151686511852	4.57177274001951	4.38159616653151
9.67771378897248	9.73792158329575	9.86011063398312
4.92746943466977	4.92303242941703	5.00073448475614
9.2882878932294	9.30024362344271	9.25699778759386
6.45983362658998	6.61579111305073	6.84988018760843
7.51163773882641	7.39476976059657	7.71927927263521
6.02140135999722	5.92214918446368	6.29122113677463
6.3813977766566	6.27104367632378	6.79854973065816
6.73146093030588	6.63282224701517	7.02115916866778
6.26722088658575	6.11419048049566	6.21316915993809
7.01383877494749	6.84976208788875	7.31207068880885
6.48146624921289	6.382275991526	6.66395117683812
8.95288606049388	9.02277372053469	8.94384596887492
5.69086222292844	5.64947154543044	5.72067468165217
5.78056340465468	5.77633468564465	5.97672436781455
5.23991661230376	5.17458297402058	5.196399132192
5.24714058044894	5.29594661576919	5.22153547829615
7.24424425217909	7.32492303851626	7.58288628139027
6.43356990305501	6.46943159459648	6.37781435195839
5.66338316440594	5.51941607718597	5.62229771167201
4.84046424044951	4.77349962318743	4.79320875457196
5.76868703974547	5.78509486802228	5.31801049641409
8.51922442132542	8.4942803220857	8.8900419088075
6.82434743926125	6.74322776912287	6.83580451516344
8.79613455721253	8.81661994444044	8.806090516184
6.63905136202481	6.72113489779794	6.75446853478099
4.7930043427247	4.76432554969808	4.94315407584104
4.99457398450209	5.21218556535386	4.89172332145008
4.1754487502158	4.45101665922038	4.67778817922431
7.61068805444185	7.67136232813961	7.89740084352875
7.26397802763172	7.37020557185225	7.41241088160717
4.823342243433	5.02142290177164	4.82761375257251
8.20089921510266	8.27632834351022	8.35759232196559
4.93808131695246	4.9289986833503	4.69134089613098
4.86880050289171	4.97228429985157	4.80106465659129
4.38983085641906	4.73488366009285	4.60748857581862
8.72347276878381	8.76114226450024	8.59742728843624
3.42479730844136	3.67858660262601	2.94242922224898
5.86261592434619	5.88934922203121	5.79501689442856
5.88938863753683	5.76725505874487	6.10257613735995
8.3549919588111	8.4045413507226	8.49658541829245
5.48629170450537	5.45314556616121	5.56488774370765
9.04463808716798	9.03762137948197	9.06998652478525
8.4277493137649	8.36991707047916	8.66021314795118
4.94159341879262	5.10936175103852	4.66873610741468
8.81811478454695	8.87865192727782	8.86052617133819
9.02577522809089	9.09015339325927	9.11497896036016
7.82074862483498	7.8483988445351	7.79466971286301
7.77609718696579	7.78241242679992	7.79997012000228
9.36128669564116	9.39472218631361	9.33118611832711
8.14224777083042	8.17115357766155	8.24233193754065
4.86754249369996	5.44231924029468	4.81741111163107
6.38516123787538	6.30306407453306	6.29362565364927
4.4903214292717	4.51172086069349	4.89988776350507
8.17376423396268	8.28233959376039	8.29480226914674
5.54518465041147	5.2340538502556	5.27026153191011
5.19528569361213	5.05541829144563	5.38486507364695
6.31315217077917	6.19094411988853	5.68944244622484
8.22113826027559	8.18904460600378	8.17379423277899
7.57258827155254	7.46852186954091	7.36180246162864
7.54816846790301	7.46187696524879	7.54042173908508
8.09086657649231	8.09087851925525	8.00124910019691
8.37451527682392	8.43565066403056	8.45999881644784
8.53890622634933	8.5413547395067	8.45429791445787
8.24172190252366	8.2509031864887	8.19845732254348
8.31288352282985	8.33881042875923	8.41820035913819
4.10025436910972	4.33804299747284	4.17632517785716
8.78248352810443	8.81028278195936	8.77294097688762
5.56560176485503	5.51345213178538	5.61850204786993
8.99200998961301	8.95733784554926	9.09862421703271
6.96375523121246	7.04733343868085	6.89552278163292
8.88547672924306	8.81578957224988	8.72754225676838
8.70428914216707	8.63961864657006	8.65835791712166
7.98336897119335	8.11850426353306	8.09582885513951
8.08407353100046	8.15780530269197	8.27790978267996
4.79867222650331	4.820454179916	4.94529889776559
8.83132523981942	8.76906432833919	8.89604269332969
8.38474780613685	8.477716417436	8.59846595792849
6.60799464951657	6.7067292747954	6.61696652936382
6.37783820006953	6.35991159885332	5.73094171717201
7.70312105915477	7.6550234239715	7.76430758763901
5.10779089129649	4.96011881976478	4.54739822517896
8.65616815571664	8.5600190173265	8.33418164263911
7.14353845477788	7.19572192473468	7.29911272926053
8.72774075868097	8.70784367492263	8.7023293672937
8.76193464936824	8.70146964720359	8.57950088803692
7.37204123753845	7.37003785858306	7.20846154040975
8.86896305982006	8.84882958333142	8.84408665777819
5.26685166825559	5.41423312559527	5.34440050599239
8.01113567121876	8.0488125140459	7.84661559057256
7.85136836193376	7.95051338543909	7.8108976638993
8.69785486488258	8.75594491141942	8.68632467555028
5.16517203475046	5.28389340796891	5.17672775098723
4.60108944121416	4.57931278933996	4.77837693696549
6.60627680542708	6.80462755505614	6.78105862868009
8.02285980296629	7.96050179511321	7.94755371462867
7.83499654102147	7.82696944702799	7.65261912134045
4.25033472768657	4.86008929636056	5.21184838028489
8.43423740080094	8.30635067265267	8.47752864516573
8.75245913316273	8.76210077614853	8.89261031419285
8.97068357874056	8.98670230230355	8.74299491474493
8.30399952930394	8.24011433486405	8.44367514161719
8.98423096793495	8.98445098897085	8.98075007513462
8.11814973818864	8.15060590920075	7.8881651025509
8.81200301487103	8.8443235131468	8.46201916782484
8.01762556587946	7.92650225513918	7.82718188432626
5.31635639742087	5.30053335630178	4.93122986357384
8.66563388106533	8.66116086503265	8.47519561676785
5.92528655804203	5.96539647882074	5.8570230805724
8.53692340668616	8.59298672606025	8.47155889160376
8.07334375470444	8.09564748805475	8.17489228062394
8.11715897871305	8.04888151953201	7.7736460631295
5.50022370232724	5.62610212090295	5.26256026065031
8.24571578361838	8.28558004479553	8.32642723363892
6.59475677829092	6.73698230336563	6.51722346755479
6.62967073068483	6.67796019685123	6.85361742586666
8.50248227760599	8.43917346541511	8.56996734392592
4.76068162113784	4.67652760867232	4.52574843112457
7.98506420072022	8.00064399166822	8.11706969713106
5.34653723743003	5.39456662560325	4.91050144627778
6.9185563291811	7.07073471811763	7.37904316435297
8.32016380542652	8.3386138995407	8.27773929228454
8.46037228677108	8.50307237215774	8.70077548977771
9.10119707540795	9.04108916400239	8.57556553945794
8.84514755838823	8.8801818806051	9.03008437856366
7.76618728282503	7.63286862560441	7.34022224309728
6.6047705961384	6.72937787286327	5.97718464120845
7.83556783187947	8.01008958494268	7.81626413425208
5.9328815879748	5.90281189694468	5.81258234110506
4.51962821028428	4.53506853860454	4.54426937657118
4.93179229481705	4.9594017856114	5.07055398986397
7.74052899934087	7.80476212729537	7.39013163903856
4.48900652282211	4.59543253701939	4.9026927803747
8.11262102893478	8.08635507377115	7.96046897394818
9.02350312183667	8.9135032349345	8.98987763579625
8.2648145832588	8.27637725267909	8.44087138228259
8.12268007491377	8.14345491325577	7.82280055526686
8.82518516053026	8.83386408218429	8.59793302654549
11.8940141758703	11.8956772368712	11.9145653798052
7.05092152006448	6.94219601307509	7.03125271370689
7.23114589805656	7.04412447377084	7.30212432952785
8.60674152814792	8.67997267121862	8.55858209062623
8.73834739994019	8.72424364386095	8.56935978589885
7.66094875237453	7.47130934198922	7.79966671458764
8.94452890066855	8.99058690893818	9.04607327784703
4.86858728023909	4.75466877583334	4.6244039535214
5.06750005305608	5.15212665829704	4.89217479416997
5.32574711580065	5.44234081468452	5.62303991330707
7.32270666060213	7.25268439317317	7.20133105481218
5.92284715054009	5.70235211578913	5.57365641589676
7.84529402291755	7.77744858450781	7.71524559400432
8.22340153405169	8.26698203070686	8.28641234606842
7.33217910693875	7.27456201717088	7.19019009994591
4.5084549183191	4.64809909414439	4.63808768672996
9.14558024634884	9.04913577535962	8.76001186018575
5.88745670778894	5.72005240756595	5.91380338104535
5.56005117955958	5.53197862325228	5.71151009338342
9.29281928968669	9.33155417085463	9.27310061101682
4.83096633275651	4.89511700380074	4.87497442070929
5.16608273758433	5.31303154503184	5.41103241411161
9.25094715086099	9.20550190806877	9.26839594758584
4.9002910538513	4.98951656499396	5.13590700235268
8.26241822990679	8.2275243342882	8.00100760302134
4.9087655019549	5.06150364436136	4.51191085356136
8.88502816076721	8.92628551866344	8.96492407306803
6.11591687997586	6.21056826164683	5.80345073032144
8.15378467575895	8.21501006285901	8.13955464577359
8.01912502574947	8.0939578310507	8.10643932368089
4.77398455703164	4.85801479052214	4.79382933472385
4.46296796246701	4.55428280334363	4.4795970182835
8.88695997901757	8.85025981909962	8.82315396838024
4.43639913443737	4.66866108402714	4.4497450845243
4.4369189542955	4.70067279434031	4.38306256459281
4.28591346295647	4.04843299932516	4.28612797147043
4.94563685353752	4.92825317018855	5.35329292764821
9.20056390813103	9.22761701038284	9.19526624058452
5.93004266480877	6.00854846729395	5.87275501485136
7.46135324042409	7.35855084973361	7.26661314566348
8.10914889063091	8.13673707573163	8.38992199742731
8.60352672273994	8.60861540386801	8.70531615105546
7.56928328452765	7.57277064860803	7.36541260581001
8.34092310967556	8.35346891957804	8.56518457947625
8.12164892619473	8.19965041453031	8.23621917238794
5.85165448236354	5.96809266432846	6.17788608626531
6.89253556476076	7.05001995590098	7.00107771755606
8.17754651865983	8.21100440055826	8.27504243944293
4.28596672534325	4.35804108177661	3.97286020128292
6.0774666041468	5.98448673644056	6.32737559777594
4.92290736088774	4.98085378261515	5.2394139310275
4.67902338180531	4.56565583293919	4.97977586907984
8.14113383287018	8.20849259531571	7.9978165313694
7.71860971697254	7.69639761878004	7.704636643841
8.2399426212068	8.13577947836655	8.16641433723332
4.28294954594654	4.35440739564387	4.18263824405302
4.97953444386684	4.85427128568582	5.11246688331017
5.16953792551915	5.03172318449612	5.14682427100139
7.1065348252129	7.16022596424515	7.06458532941012
4.6036742573391	4.72398347418413	4.95912921584876
8.49582922837552	8.43834695991142	8.42105292861397
8.71228117982185	8.67637650022571	8.66153952342451
9.13691443371835	9.07679900923171	9.17453902560133
8.83691625139903	8.82443741210342	8.66860819815446
4.4123748356161	4.62294889761439	4.37967749995071
8.69278291503604	8.66645938204806	8.67996310544276
6.73229613872467	6.79630048447518	6.67099262534867
8.25481400130211	8.08303036543842	8.27392777325072
8.3659903170088	8.34167184505947	8.4875724972209
4.79571248764646	4.75182125683929	5.20693054264145
3.91385162990202	4.57421346388916	4.85809779957011
4.95112272011554	4.77178085206829	4.77006757039758
8.05526337548412	8.04044907844515	7.66916532967981
5.33387289029157	5.22726945798946	5.32112645927886
7.53680943168543	7.36129517267223	7.23946495193107
8.88700156200751	8.94246637117725	9.18637406163909
9.16497604323352	9.17120169091335	9.16579376941002
8.80770473120954	8.83508638800927	8.69888550754905
5.00509907598772	5.0356353949825	5.11970492007412
8.44839788692714	8.45248364195269	8.71570047782822
8.64613820128525	8.61037650396997	8.79783762255635
9.24315437513598	9.23460670842059	9.46454873168015
4.97398319336121	4.97130257123777	5.3557980045704
6.94098883720631	6.93004068125532	7.21260153491671
5.77851648701606	5.8785294600872	5.80569601678848
4.94958402535906	4.89530522461263	4.7469082512846
7.57960047640717	7.55374078547636	7.60316711714584
4.26335807672642	4.47525653264299	4.73670502610377
8.41583016470346	8.35645962563371	7.64349218566681
8.96136897546745	8.88492255653766	8.63801048562244
8.29146386153839	8.32153239296946	8.04396624811476
4.57306568846668	4.69377504373693	5.00367588489282
8.17145619351841	8.13987645267431	8.23283814574112
4.54071954401157	4.97622694727434	4.28792295680215
8.86055454948088	8.85413416352913	9.02621332166657
7.98937260112506	8.04635253548312	7.82951693751712
8.06900824861052	8.06325867534826	7.84845307119131
8.31361594186865	8.27299522114653	8.21977678681049
7.13748176192298	7.12224588891268	7.20618651648803
7.95961502927514	7.96303130687446	7.93834600707073
7.86524770132112	7.97757849290884	7.94780066174924
6.92213767890232	7.02340801955283	6.799168525242
4.64299698780368	4.75378593448006	5.2610213953698
7.83490832845429	7.97787549526528	7.99947553184751
7.17851393372034	7.17678182375031	7.09544902077793
5.16643026778124	5.12629757468411	5.25307932128877
6.86737164063446	6.93325174774306	6.78406766931815
8.33157928977407	8.3600616281954	8.52670599937852
8.97142308972669	8.99349482848989	9.1663810783802
9.01707439723646	9.02645352660837	9.14528167068187
4.48851324034547	4.44775125794538	4.5403492767981
7.93777093179642	7.89658712386691	7.97777739045672
4.91810231636131	4.90035664199372	4.85266255639524
8.50207574045215	8.47260777177485	8.71019662813532
9.3665030015391	9.36834790254636	9.26770043497936
8.48553456153928	8.38605063203899	8.45027679688
4.41660338740755	4.15670024746637	3.97063819840832
9.18156396105111	9.2314554951695	9.34333861525871
4.72010758307473	4.42960385785226	3.79660286969744
7.83716355539503	7.7856126182098	8.01641441724358
8.26323225898887	8.33989132574199	8.35150796631112
4.98077713500016	5.07732552065509	4.80861187153222
5.35763155125703	5.40704922257289	5.59112335699741
8.19313194582002	8.22742759933204	8.30009233051863
8.65204915855337	8.61083357111182	8.60837157896125
3.71928620677912	3.35465101540864	3.92565188853839
7.10025537346574	7.06887341256927	7.02583863885283
5.93801584812422	5.93290683461932	6.3088403288489
4.56420820522055	4.4039035950837	4.34238180295638
5.28183434785406	5.29015042444805	5.69267338447311
8.84954313562347	8.82556846103799	8.92940955342836
6.71902055507796	6.70726716714967	6.54058814265908
9.03963642667849	9.06418661586602	9.13917753054183
4.54899478901175	4.47927606388326	4.23394511819427
8.49738226618377	8.46138890105528	8.1555072284179
7.15447725490082	7.19076433988603	6.97755763548639
4.21891145513364	4.38789318799369	4.52953848812782
7.63139227877032	7.73907794117755	7.66698734235285
7.87373143945864	7.9204655858702	7.88816000965351
6.97480347175256	6.99817710543432	7.05752828976285
5.33305520848866	5.15744766974695	5.15700197393292
8.0234553208458	8.09508900189678	7.99233233224332
8.51595211728885	8.43537491315864	8.19831734478482
5.8126851905969	5.81730582142403	3.93169106796013
7.98560421975269	8.07658490733265	7.9029589815421
3.96754969392532	4.04316010911294	4.20166406860521
5.12719232942768	4.81000531747432	5.13756253135558
6.18237060586647	6.02849864112284	6.37436289657756
8.09893509717332	8.11966356537389	7.65369207709379
8.48829668562124	8.48235602199768	8.38208652366589
8.19521858332844	8.07288834413491	8.16067019461189
6.33078494019779	6.3254808711294	6.49294393403882
7.14965815946834	7.22647342636255	7.25366967315384
4.80218234824841	4.88023023585139	4.65599164496055
9.2697299434773	9.24631669513792	9.38269735831251
7.16874319953188	7.17562201676893	7.47400309733315
4.97251051226365	4.91298717090137	5.13575643853553
9.13833823888876	9.19426272185107	9.28284186329929
8.17561084517108	8.25107034363476	8.10678987871474
8.57619624269356	8.60845859640192	8.56943723662241
4.53739412129975	4.64578279929524	4.31358429318077
7.60698836333976	7.62417325324319	7.51276142882303
8.43090919139886	8.42950027724732	7.95633361108464
8.70016260640833	8.68309696746178	8.46808807634853
8.24935162007401	8.24060805512798	8.2710689573778
7.15357727490314	7.12074453185505	7.31357235768234
8.76666054139573	8.77049576893402	8.4843642402442
4.2993644927991	4.12527858531479	4.5844209464271
9.21248424423329	9.15275956295719	9.14047956008328
4.38971361718954	4.35825031919434	4.40451616647018
4.86005186842941	5.05511607800645	4.88153713421259
5.21880562696594	5.20854993719259	5.59510493721655
9.56820872030397	9.52032911334605	9.49274901170177
8.86187017731048	8.84601499042865	8.78145395324169
5.60252612140924	5.70774911432532	5.65849769186139
8.86264269331333	8.81754118353831	8.7897879986151
4.63561893520773	4.7033716521549	4.83612525531353
4.90838724132225	4.93656650388496	4.66158624824874
8.12691170628555	8.20032626405554	8.11141992953298
4.92560291600853	4.90600121547258	5.52564657898043
8.15466349575366	8.18274539021491	7.91357039613849
6.63807231677671	6.86265176154928	5.43739858638027
4.80285282435992	5.08326933191584	5.25857432640093
8.15390402769058	8.15328549253158	8.16486520517353
8.93826279836208	8.95040886140193	9.1241435401155
8.31438444024467	8.23023088994588	8.3648253523414
4.8197009830159	4.87048400789196	4.7958314354469
5.19598233182357	5.10270770578105	5.29259364352417
8.4189275873493	8.44355526132972	8.5659217967692
8.84785165218598	8.77973941654913	8.60237996924787
8.09880001571273	8.16703080921711	7.95826621889561
6.24087316121621	6.17972045824143	6.59880188330606
4.92463043167286	5.01402871139697	5.09433246064263
5.25883454368225	5.13568219147557	5.23661555825268
8.20383650355865	8.20600171927312	8.21276009801931
8.94461146503946	8.92858229796989	8.76638437378862
7.13255303865394	7.19209812998019	7.31574784708366
5.44818609545337	5.70137852472225	5.93566156380261
8.89253322322864	8.899019344687	8.82829631739026
5.52674576612113	5.4583682930809	5.48207553942295
4.39414282852294	4.54656134397178	4.50911721487827
5.459255212234	5.48726184361977	5.96636335278617
6.91904546153235	7.10506559293657	7.13244733998783
4.66411999007307	4.69427085971219	4.88737536362806
7.35117140459165	7.25353798744663	6.90058765413284
4.82042747826827	4.72937798005156	4.46471006596018
5.09454933849771	5.33441297594364	5.37282887015599
5.01121893120601	5.03163912739521	4.72587630102998
5.84348758965528	5.68580286913821	6.04997160044907
8.07224868391007	8.1226722193261	7.92967549375847
4.29408260002931	4.44070679443817	4.62403831959081
7.44507666274455	7.47434556082344	7.44471330395673
7.48800652654456	7.5481391928876	7.2688337281534
8.89073845327981	8.8968198902872	8.99150665522274
4.73832339186482	4.29933157445189	4.57443727320004
4.70364625778076	4.56953895372655	4.75465537130235
8.87966004471997	8.88487779912755	9.0063388465281
4.59986080539211	4.55352207846739	4.38358525013914
7.99906957049647	8.0164260112633	7.76550172865741
7.7992846279229	7.8584201495104	8.01372481057459
8.26783869634492	8.3560987491558	8.2615568484165
4.66037710550639	4.92016776882014	4.43223132617596
5.19227839524449	5.27119941579853	5.04537166257183
7.58361517852721	7.50680300614372	7.56790295972905
7.23515329789697	7.20863363795298	7.05219270321869
7.27311633525775	7.32712449829708	6.55027516983394
5.87344573072376	5.85161173723135	5.90501614738966
8.60805855934178	8.60700712193298	8.62468414260708
5.26297590982098	5.27924009170383	4.82556377320791
8.4157576467595	8.4153119827	8.67735397989653
8.20787234041282	8.17679507796097	7.73529847044486
8.60193588474009	8.57790346683331	8.86014083170042
7.71600197058624	7.73206482667335	8.02252148159261
7.32508611944984	7.13677509567571	7.28107749407864
4.67367610053852	4.61786718152192	4.80856486788036
5.11009585556774	5.17330882676936	4.86888520808496
5.20296422498614	5.23232459916801	4.71114543804293
8.89327998672421	8.88981762251198	8.97418594260332
9.41242013041134	9.42449932712025	9.39520862798887
4.86571585748102	4.7729869835329	4.79405999418432
4.81126247929781	4.71853142519499	4.65074824733973
4.35611038789782	4.50913966576182	4.71354821122195
5.16818834558249	4.86454290329374	5.07549990822307
8.14187280202643	8.32230345484748	8.21074586719485
6.68761103220121	6.59883795508666	6.20057450228158
7.52600561463352	7.47907589221481	7.87696553973702
5.79212387457541	5.75402764051292	5.29791470670237
4.7798010476837	4.98550273080691	5.15273656806073
7.86038885677297	7.76332894033915	7.64684666583183
6.80789056405488	6.78484073862315	6.65685125225538
6.06684342727768	6.0107232896243	5.87835658092405
5.21040667262155	5.22617662106131	5.49690306896297
8.18603579993506	8.20230947086544	8.17987213945284
4.80709509460536	4.78118241954942	4.43249456689762
8.19299785537372	8.24599917018212	8.32741718738203
5.38384426906239	5.43405062485316	5.54402896173606
8.61678553301493	8.63525978828533	8.56050156755667
4.70635123729004	4.47699407810042	4.2003368123526
9.14207224235719	9.04509833806267	9.16579872234168
5.13463234628122	5.21224813569375	5.2549856599245
7.1112327217789	7.15541430037188	7.0980313316217
8.07261792132531	8.06011826190735	8.23824328300558
5.00632918812207	5.06701678899956	5.0085193480994
7.72605655343864	7.59330775428577	7.47965693842267
6.01382765718018	5.92662559055304	5.63478474276118
4.83585776908936	5.14377559925694	4.72368191022925
8.11831883802482	8.17039529384515	8.3564399036921
7.2000676782411	7.1708959839399	7.52080814697341
8.10275933660058	8.10981915038254	8.11564296478319
5.76088113671545	5.76207278567891	4.80592220008051
8.1388117353172	8.11532783841082	8.06797595206835
7.70593828101412	7.66960015765204	7.53264574694888
5.71445952496649	5.61778148462913	5.76459434666348
8.78549927289193	8.63133985995474	8.48222413855613
8.79331789729572	8.85564361448569	8.8324025977917
5.16388626912948	5.11279223365132	5.10618292771477
8.71585306468218	8.77173286111286	8.75781652939994
8.33237751993067	8.36097021997163	8.42184247956893
7.3355210201504	7.36032389250385	7.23114719413855
5.65000693664495	5.71231376945021	6.03140331612868
3.79407677219368	3.89388185339431	4.03104961630304
7.75133364763051	7.76298271762634	7.93514117545353
5.64937023622485	5.83329590025965	5.94825024753831
5.65601337724268	5.63085827125459	5.748325013638
8.1232424266584	8.17271840305593	7.97036494935141
8.68234065489889	8.68093781438065	8.57013151069608
4.80341100061793	4.95636439891844	5.34928896455394
4.34317511698274	4.28610939875603	4.59108013497733
4.85060118166216	5.137814115024	5.00555236938124
6.4702161317433	6.59570222498411	6.68243087517047
8.70305649827606	8.76492349487412	8.88570772510889
8.40608121569417	8.37993169347427	8.40125978737984
8.49902308995943	8.53963621671033	8.35439786451721
6.79849751272176	6.72622050598706	6.98070062775203
4.48331345763911	4.08342296563977	4.14067833541644
5.30337682399798	5.05842890258328	5.13098211532609
4.4376714649248	4.27097584222134	4.76256875859455
6.69211358955637	6.57584564235567	6.84407746000304
6.08305590121419	5.9898068940204	6.00993176995345
8.76471429341299	8.80581388470552	8.94552797732107
7.16465220632222	6.93951191250023	6.91499071524072
8.95586275725412	9.00920201313687	8.99600254150026
8.56630494603122	8.50288681754014	8.72109418185726
4.44344703322836	4.69806385579955	4.51578593958718
8.10162448219303	8.06205562143746	7.96719993589973
8.58382343204461	8.63462699582138	8.68215756180374
8.98435843955073	8.8537734149854	8.75912549638637
9.02899498175256	8.92213377145203	8.83924929230337
7.70409204662812	7.81796226723989	7.57202166635309
8.22591980969893	8.23665910188347	8.22984973929018
4.57538828430993	5.01404835199228	4.53093067848537
4.93671545660397	4.76136539945191	4.94803923413198
8.19554289262615	8.14721962738204	7.99022019305009
9.03138942657215	9.04173025829582	9.10561796932956
8.79807951187758	8.69610627799958	8.74671989926971
5.3577042256361	5.29922120866279	5.41733076846928
8.16381582821448	8.06726879772235	8.49091682614979
8.12525140216946	8.06875937328773	8.02353623674874
4.86252067061008	5.16738079804518	4.60828670283555
6.72264358692447	6.72205089754946	6.74235377727961
8.80844745581553	8.83752861176704	8.70126679884602
4.1964035376136	4.42644505664433	3.97219523583166
8.00765436136093	8.09984859092642	8.01051050875992
5.72573373593655	5.60354223222943	5.70523176810558
7.75542269781013	7.73109827494234	7.62867511280853
5.20734150630223	5.13176041411427	5.47638973405741
8.35963739032242	8.39101672767683	8.31305527967338
5.3686425419238	5.46380314990184	5.38712175356685
5.98938120271411	5.72332578514135	5.82204364671417
8.56433096610008	8.5501408594682	8.56306048999405
4.60787232957172	4.87985617564201	4.527468248782
8.15258793778203	8.04570661842888	8.13229878890453
8.98667586766936	8.8557984925877	8.76366375845143
8.07031927817097	8.08971046961485	8.33309790831365
8.12953815743587	8.24131685143101	8.19253267611536
6.0237007031568	5.79033397456119	5.98681198904606
7.4789503822345	7.28730261578056	7.61407938352513
4.86354886012812	4.92040419944031	5.19486557382972
8.13452294642379	8.1400547444014	8.06491496269828
8.25940287828548	8.22316522778058	8.26473186773545
4.92892606751283	4.57120644819254	4.8671706542118
6.30925373513204	6.21554268153652	6.47694770279819
8.9885470884684	8.94991844217167	9.17445904501851
5.78550785810166	5.98656257116276	5.8523384745514
12.8854530887469	12.8890365572776	12.9345847021665
12.3690659878681	12.39997637799	12.3822777724395
4.82922760007719	4.70100558818846	4.76343800522105
5.35447339154663	5.33382880353087	5.58839160730648
8.31281856862627	8.30908779764239	8.47242769133343
4.31627338615529	4.04915196722961	3.49072941838094
3.09737462418012	3.21488926360128	2.40449121072584
8.05419345121965	8.05950639664342	8.25652701086021
5.83170767680998	6.0005720781822	4.94952998636796
6.37694570512014	6.52994637165485	6.56100388753794
7.72764587029387	7.81187621546481	7.86118571555229
4.60214639133637	4.51194759903027	4.77612459318119
8.70047893232365	8.70865855929791	8.65712600371444
8.22909782257151	8.17669431755638	8.55931775676376
4.52985353894717	4.33256689861832	4.59874810952409
4.88686649150098	4.81078465637034	4.99541775546097
8.81395860931083	8.7027184655368	8.73126480000682
7.79524762951689	7.59653344151736	7.70393671016401
5.22727801590183	5.10972047547482	5.45904763805149
8.90075540918909	8.82775147897188	9.18157380359137
8.410279655209	8.32078435318325	8.38018443281965
7.72328443671589	7.63446365362789	7.94971529004467
5.08196195465703	4.9281279341038	5.22309990942927
9.01154599936725	9.00523137618894	9.00054917264553
6.5111622350511	6.47683819535474	6.74441309139557
5.04084800567941	5.15161865339193	5.20918297641722
8.06415740062667	8.00027919847664	8.02043598153174
5.51573120038956	5.87005782961377	5.75200856492564
6.98606908740865	7.035495144468	7.1063721913471
8.23692049196175	8.22188228663143	8.14829637599214
8.14203202234986	8.24698804918193	8.23457012180439
8.67007658512921	8.51239921881978	8.67916955394797
9.10978795592581	9.07070024353428	8.81910103514789
8.50199051609953	8.46442377449788	8.55520334985885
6.11305310689817	5.97458172211706	6.33869028210714
8.08516302823202	8.13412082175673	8.15956658235492
8.00241543493464	7.97081586368537	8.30805701910861
8.08060060866225	8.07915576150761	8.4653562113843
8.68372984710264	8.57310968507464	8.78914200300314
4.51766486066289	4.51646185343526	4.1557153855096
7.32132073479641	7.29658971939327	7.35667339244137
6.21129794712215	6.46709493456775	6.15854779372454
6.81939529893504	6.57476744711727	6.80394867276305
7.85770306833068	7.83209772626134	7.98517843355946
6.70609744802469	6.58494433732301	6.77518725100746
8.50859353536017	8.41703388787781	8.37545626823025
8.89086496030014	8.88405508578724	8.79567206721394
6.27014056961795	6.4575520431242	6.07657960402289
8.26591727435529	8.21533881277834	8.30742017125126
5.8408841826384	5.59121544783214	6.11702449552106
8.51444015151715	8.47087355837337	8.39666378724884
5.02003646792231	5.0282332782157	4.88618661937417
8.01499837915485	8.0504256733878	8.20492419764076
4.86375743812158	4.88766422448263	5.21404363992308
5.62822172097175	5.44543747861607	4.76205660940533
7.5743627127942	7.55518289759983	7.58380280235611
4.99659608236809	4.70252893641652	4.89912788200157
8.76489994057481	8.82294323983614	8.84831679110729
8.15365982097683	8.23926753660387	8.34704018404232
4.77294350486968	4.63497623090978	4.64659930922326
8.47700351865635	8.50931464161364	8.32975552194941
7.52957555959475	7.57712312525426	7.47765177931698
4.9510153314339	5.06910809966192	5.24349675834604
8.76564892217361	8.79060089117042	8.56337011349584
9.09768466865115	9.09338120180989	9.00671145273921
4.53011805598051	4.58742291689648	4.85408810972398
4.55593404175717	4.54744757074824	4.74889587111706
5.34281650474417	5.21063698442044	5.61538879939198
7.99200262982328	8.07499214847934	7.80944577372145
7.64153654858598	7.52782792511371	8.05372250839572
7.73084454018848	7.7480829896102	7.46909387227263
7.17466912976072	7.17856833328265	7.29971688945548
4.74323717812176	4.69521168479826	4.76028140895947
7.23888947975881	7.13339165649644	6.94978042504009
5.1841222760949	5.14080406702167	5.06329592660808
4.78588052591063	4.86963409524212	4.87252513484836
4.59932786945362	4.61305467545501	3.84910757282377
4.47750721822977	4.58733198738046	4.03075460428366
8.6297712391761	8.60314805026897	8.54218994328631
4.79025157677465	4.69425866465129	4.76186473147772
5.23153769287947	5.14245578819171	5.46035423925568
5.93422180372094	6.03079440972632	5.77423749893807
8.2013233015347	8.2481860245874	8.05824130851492
8.73706716739926	8.66365484491376	8.49801451721996
8.86906818671853	8.89834941885065	8.74901582924101
8.75013906011773	8.75046779088396	8.72415110521228
