k4_temp24_1	k4_temp24_2	k4_temp24_3
20.9598622191023	23.9440635779254	36.3115321968016
296.990590087619	347.83257950298	248.993363635211
275.201806763807	298.142211002555	218.445566707743
439.565020097784	533.592169518821	400.003227691751
24.0387120365976	23.3004059548629	34.0060380890682
525.535980386306	583.411269543859	406.343336488018
314.990019789899	356.200128602793	249.569737162144
22.0256179251584	22.1418222333503	36.8879057237349
257.912880865564	314.491114628342	230.549410773343
20.249358415065	22.0130907087378	26.5131822389345
25.6965542460181	30.3806398085505	37.4642792506683
19.5388546110276	19.9533863149378	21.9021940234676
271.057201240255	305.60863943008	202.307107953609
108.588664717044	121.651290758814	127.954922979206
517.838855842567	588.946725102197	431.703771673086
31.2621673776441	27.9347408409129	34.0060380890682
33.1568441884104	30.509371333163	46.686255681602
92.7207464268764	99.6382000500766	88.7615231477372
428.078541932513	489.565988101345	395.968613003217
26.7623099520741	26.0037679717254	34.5824116160015
117.114710365493	136.84161066309	118.732946548272
24.8676331413078	21.4981646102878	23.6313146042677
22.7361217291957	24.9739157748254	34.5824116160015
35.6436075025412	38.1045312853006	40.9225204122685
228.071721095995	235.964884614716	220.174687288543
45.945912661083	48.4030532543008	55.9082321125358
35.880442103887	33.4701963992505	47.2626292085354
18.9467681076631	25.3601103486629	28.2423028197346
18.9467681076631	18.7948025934253	26.5131822389345
259.570723074985	285.912716164367	248.993363635211
161.521198117828	174.559947374553	159.079093433607
293.793322969451	327.621730138818	275.506545874145
357.028161528777	432.151728124169	340.636754417615
54.4719583095315	48.7892478281383	57.0609791664025
27.1175618540928	28.5783984639754	35.7351586698682
410.315946831579	469.355138737182	364.844442548816
26.2886407493826	20.3395808887753	33.4296645621348
22.2624525265042	22.2705537579628	23.6313146042677
182.244225735585	184.72973781894	149.28074347574
183.546816042986	201.336104493953	140.635140571739
19.7756892123734	20.3395808887753	27.0895557658679
24.7492158406349	24.4589896763754	27.0895557658679
63.8269250626901	68.3564395692386	70.3175702858697
24.8676331413078	22.9142113810254	33.4296645621348
313.213760279806	360.448268915006	288.763136993613
22.9729563305415	20.3395808887753	24.2076881312011
21.9072006244855	18.5373395442003	26.5131822389345
24.7492158406349	28.8358615132005	32.8532910352014
34.1041825937936	37.3321421376256	49.5681233162688
380.001117859318	444.896149060807	340.060380890682
14.0916587800744	12.1007633135752	23.0549410773343
312.029587273077	354.269155733606	240.924134258144
230.913736312144	240.727951025379	185.592275672541
30.0779943709152	28.964593037813	36.3115321968016
192.428113593454	223.220463678078	161.38458754134
23.2097909318873	21.6268961349003	26.5131822389345
44.2880704516625	43.7687183682507	45.5335086277353
20.7230276177565	23.4291374794754	32.8532910352014
27.3543964554386	28.8358615132005	33.4296645621348
281.714758300816	313.976188529892	278.388413508812
356.791326927431	379.500534557656	308.93621043628
19.065185408336	19.5671917411003	24.2076881312011
332.397362988815	371.004253933231	295.679619316813
25.4597196446723	25.6175733978879	32.2769175082681
39.6697957254196	37.4608736622381	39.1933998314684
213.861645015247	247.679453354454	199.425240318942
28.3017348608218	25.6175733978879	31.1241704544014
431.986312854719	464.07714622807	317.581813340281
666.689402788396	723.084973748424	565.998803448558
427.960124631841	449.787946996082	421.905421715218
365.554207177225	390.313982625106	276.082919401079
17.8810124016071	17.1212927734628	29.9714234005346
470.945604776101	483.515606444558	359.657080806416
5.80244773297183	5.53545555833759	10.9510970117338
32.2095057830273	31.4104920054505	48.9917497893355
132.745794054315	144.694233664452	125.073055344539
28.6569867628405	23.3004059548629	28.8186763466679
37.8935362153262	36.9459475637881	48.4153762624021
405.342420203318	453.134966636007	333.143898567481
35.9988594045599	34.5000485961505	36.8879057237349
182.717894938276	181.511449703628	157.92634637974
580.481607898529	631.170665175097	498.563100797355
333.107866792852	356.586323176631	270.895557658679
26.7623099520741	26.1324994963379	24.7840616581344
32.4463403843731	32.311612677738	35.1587851429349
472.366612384176	538.097772880258	410.954324703485
20.6046103170836	22.5280168071879	24.2076881312011
332.278945688142	371.905374605518	292.797751682146
49.8536835832886	50.9776837465508	59.9428468010693
513.575833018343	594.095986086697	475.508159720021
580.007938695837	642.885233914835	450.724098061886
44.4064877523354	42.6101346467382	47.8390027354688
23.4466255332331	26.5186940701754	33.4296645621348
148.613712344483	149.972226173565	106.052728955738
486.695105765596	549.168683996934	340.060380890682
17.2889258982426	17.2500242980753	19.5966999157342
119.483056378951	128.08786698944	125.649428871472
47.9590067725223	47.1157380081757	57.0609791664025
325.529159549787	365.211335325668	298.56148695148
20.1309411143921	18.6660710688128	27.0895557658679
23.4466255332331	25.4888418732754	32.2769175082681
294.740661374834	350.793404569068	236.313146042677
193.967538502201	224.250315874978	194.814252103475
25.814971546691	23.8153320533129	32.8532910352014
130.614282642203	142.248334696815	138.906019990939
16.5784220942052	15.1903199042752	17.8675793349341
387.698242403056	419.922233285982	296.255992843746
23.9202947359247	24.9739157748254	38.617026304535
51.3931084920362	47.2444695327882	51.8736174240023
418.723575179355	461.888710309657	341.213127944548
158.205513698987	162.716647110203	104.323608374938
435.775666476252	501.66675141492	378.101033668283
16.6968393948781	13.1306155104752	32.8532910352014
162.705371124557	186.403247638903	145.246128787206
270.228280135545	326.591877941918	261.673581227745
507.181298782007	553.416824309146	384.44114246455
29.8411597695694	35.4011692684381	43.8043880469353
609.257011962042	628.72476620746	385.017515991484
20.6046103170836	19.6959232657128	23.6313146042677
30.0779943709152	23.5578690040879	31.7005439813347
37.1830324112889	38.4907258591381	46.686255681602
262.531155591807	304.707518757792	245.535122473611
367.093632085973	410.782295038494	216.716446126943
27.5912310567844	30.3806398085505	34.0060380890682
23.2097909318873	24.0727951025379	25.3604351850678
19.7756892123734	23.3004059548629	21.9021940234676
23.2097909318873	24.9739157748254	36.8879057237349
266.794178416031	289.002272755067	224.209301977076
713.10898465217	844.607532982626	628.823517884294
17.2889258982426	19.8246547903253	21.3258204965343
492.260718897222	559.209742916709	406.919710014951
495.221151414045	586.629557659172	493.952112581888
369.935647302122	381.174044377618	285.304895832013
536.430372048212	532.948511895758	446.11310984642
537.259293152922	581.609028199284	415.565312918952
23.8018774352518	20.0821178395503	27.6659292928012
15.5126663881492	19.5671917411003	17.2912058080008
410.671198733598	462.789830981945	370.60817781815
268.80727252747	309.470585168455	279.541160562679
292.017063459358	309.084390594617	270.319184131745
313.332177580479	365.468798374893	241.500507785077
273.070295351695	298.528405576392	263.402701808545
257.202377061527	311.916484136092	244.382375419744
361.172767052328	394.562122937319	284.152148778146
55.5377140155875	54.9683610095384	59.3664732741359
431.275809050682	504.112650382558	390.781251260817
21.9072006244855	18.6660710688128	18.4439528618675
396.697957254196	432.795385747232	351.587851429349
157.731844496295	185.115932392778	161.38458754134
17.5257604995884	18.6660710688128	25.9368087120011
20.9598622191023	20.0821178395503	20.7494469696009
18.5915162056444	16.9925612488503	36.8879057237349
33.1568441884104	33.856390973088	34.0060380890682
27.8280656581302	28.4496669393629	32.8532910352014
316.174192796628	361.993047210356	280.693907616546
428.789045736551	474.89059429552	318.158186867214
289.056630942535	332.38479654948	312.39445159788
94.3785886362969	101.182978345427	83.574161405337
220.374596552257	245.491017436041	178.099419822408
159.508104006389	190.522656426503	154.46810521814
548.272102115501	607.09787007256	491.070244947222
234.584672633004	238.539515106966	223.05655492321
240.623954967322	264.285820029467	239.195013677344
62.1690828532696	66.9403927985011	54.1791115317357
241.689710673378	259.007827520354	209.799963803743
243.229135582125	262.869773258729	200.577987372809
33.9857652931207	33.9851224977005	38.617026304535
58.379729231737	62.1773263878385	55.3318585856024
160.100190509753	188.205488983478	135.447778829339
39.314543823401	35.1437062192131	38.0406527776017
32.4463403843731	33.856390973088	38.0406527776017
169.455157262912	180.481597506728	126.802175925339
23.6834601345789	25.7463049225004	37.4642792506683
674.741779234153	764.922719247487	576.949900460292
377.040685342496	416.446482121444	317.005439813347
100.181036369269	90.8844563764264	115.274705386672
250.926260125863	279.476139933742	214.987325546143
480.655823431279	524.580962795946	440.349374577086
18.8283508069902	19.0522656426503	23.0549410773343
282.543679405526	319.640375612842	258.791713593078
320.674050222198	356.071397078181	273.777425293345
15.749500989495	13.0018839858627	27.0895557658679
275.32022406448	329.423971483393	258.215340066145
316.766279299993	319.51164408823	273.201051766412
290.240803949264	330.711286729518	278.964787035746
200.006820836519	221.289490808891	179.252166876275
87.8656370992877	87.5374367365014	85.8796555130704
52.2220295967465	52.7799250911258	54.7554850586691
264.544249703246	284.110474819792	264.555448862412
682.794155679909	746.256648178674	594.241106268293
31.4990019789899	31.024297431613	45.5335086277353
29.6043251682236	30.766834382388	42.6516409930685
64.6558461674004	67.0691243231136	82.9977878784036
37.3014497119618	39.2631150068131	40.3461468853351
199.6515689345	236.737273762391	193.085131522675
23.8018774352518	25.8750364471129	26.5131822389345
27.9464829588031	24.3302581517629	31.1241704544014
9.23654945248577	11.7145687397377	16.138458754134
35.7620248032141	32.826538776188	42.0752674661352
23.2097909318873	22.0130907087378	29.3950498736013
267.623099520741	310.629168889967	261.673581227745
403.210908791206	446.440927356157	408.648830595751
127.772267426053	131.17742358014	119.309320075205
25.3413023439994	28.1922038901379	35.7351586698682
30.314828972261	30.1231767593255	29.3950498736013
27.3543964554386	30.251908283938	28.2423028197346
402.737239588514	421.981937679782	386.17026304535
38.7224573200365	43.8974498928632	42.0752674661352
182.954729539622	199.405131624766	172.335684553074
276.741231672554	323.502321351218	262.826328281611
30.7884981749526	32.569075726963	34.0060380890682
25.5781369453452	24.8451842502129	23.0549410773343
29.130655965532	31.1530289562255	42.0752674661352
305.990304938759	350.92213609368	297.985113424546
272.122956946311	307.539612299267	261.673581227745
368.159387792029	405.504302529381	324.498295663481
172.060337877716	177.00584634219	177.523046295474
204.269843660743	229.399576859479	205.765349115209
18.2362643036257	20.3395808887753	21.9021940234676
195.98063261364	214.466720004428	193.085131522675
77.444914640073	69.0000971923011	85.3032819861371
347.081108272254	374.093810523931	232.278531354143
129.074857733455	141.604677073752	132.565911194672
391.369178723916	434.726358616419	331.991151513615
263.952163199882	318.48179189133	280.693907616546
285.97778112504	320.412764760518	259.944460646945
49.1431797792512	55.6120186326009	54.1791115317357
446.433223536812	499.735778545733	425.363662876819
552.179873037707	652.153903686935	469.168050923754
97.6942730551379	101.697904443877	74.9285585013366
20.249358415065	21.4981646102878	42.0752674661352
56.0113832182791	67.3265873723386	38.0406527776017
1115.72780694001	1299.80220401243	957.356428236309
23.2097909318873	23.0429429056379	27.0895557658679
29.0122386648591	31.539223530063	35.7351586698682
344.712762258796	385.679647739056	301.443354586147
326.121246053151	376.153514917731	323.921922136547
25.2228850433265	29.222056087038	36.8879057237349
36.3541113065786	36.1735584161131	42.0752674661352
41.8013071375317	37.9757997606881	58.2137262202692
18.4730989049715	19.5671917411003	27.0895557658679
569.468798935949	663.353546328223	459.94607449282
557.390234267314	604.394508055697	400.003227691751
48.9063451779054	41.3228194006131	48.9917497893355
45.7090780597373	50.2052945988758	50.1444968432022
85.9709602885214	88.1810943595639	80.6922937706702
275.438641365153	318.095597317492	259.368087120011
326.950167157862	343.841902239993	315.276319232547
416.592063767243	449.015557848407	329.109283878948
24.3939639386163	22.9142113810254	32.8532910352014
269.991445534199	312.560141759155	238.61864015041
41.3276379348402	40.2929672037131	42.6516409930685
333.463118694871	356.200128602793	318.158186867214
377.988023747879	427.517393238119	354.469719064016
299.47735340175	338.177715157043	265.131822389345
26.0518061480368	29.0933245624255	32.8532910352014
255.189282950088	289.13100427968	182.134034510941
271.886122344966	314.491114628342	214.987325546143
19.5388546110276	17.7649503965253	27.0895557658679
398.118964862271	441.935323994719	248.993363635211
25.814971546691	27.5485462670754	26.5131822389345
36.4725286072515	36.3022899407256	36.3115321968016
473.550785390905	541.959718618633	402.308721799484
355.843988522048	391.601297871231	388.475757153084
334.410457100254	387.095694509794	295.10324578988
80.760599058914	73.8918951275762	93.9488848901374
22.8545390298686	23.4291374794754	38.0406527776017
204.98034746478	233.004059548629	222.480181396276
475.563879502344	528.442908534321	403.461468853351
351.225713795805	410.911026563106	357.927960225616
449.748907955653	508.87571679322	296.255992843746
29.2490732662049	30.1231767593255	34.5824116160015
19.7756892123734	20.3395808887753	28.8186763466679
333.581535995544	390.185251100494	282.423028197346
18.5915162056444	17.3787558226878	23.0549410773343
456.617111394681	533.463437994208	468.015303869887
555.732392057894	622.288189976835	525.07628303629
211.138047099771	241.886534746891	187.897769780275
448.091065746233	527.413056337421	387.89938362615
67.3794440828769	64.2370307816385	80.1159202437368
372.30399331558	394.690854461931	351.587851429349
346.607439069562	370.618059359393	285.304895832013
27.7096483574573	26.3899625455629	40.9225204122685
317.003113901338	345.77287510918	299.137860478413
143.166516513529	174.688678899165	146.398875841073
5997.24419257874	6786.98344062033	5055.94857825942
2930.1176878501	3282.91134066803	2265.1479608481
36.9461978099431	33.9851224977005	37.4642792506683
44.7617396543541	46.0858858112757	65.1302085434695
619.085647917892	701.329346088911	552.742212329091
262.64957289248	290.032124951967	234.584025461877
531.812097321969	609.415037515585	466.286183289087
271.412453142274	317.580671219042	251.298857742944
422.039259598196	485.832773887583	343.518622052282
29.9595770702423	27.6772777916879	37.4642792506683
78.510670346129	87.1512421626639	91.643390782404
407.237097014084	481.58463357537	386.17026304535
363.185861163767	414.386777727644	270.895557658679
17.4073431989155	16.9925612488503	25.9368087120011
339.620818329861	362.636704833418	356.198839644816
309.424406658273	321.185153908193	214.410952019209
453.538261577186	527.413056337421	401.155974745618
82.5368585690074	93.9740129671265	80.1159202437368
29.130655965532	30.6381028577755	46.1098821546687
561.061170588174	645.073669833248	450.147724534953
302.200951317227	354.655350307443	288.763136993613
23.2097909318873	21.7556276595128	32.8532910352014
415.289473459841	442.064055519332	365.997189602683
500.194678042306	558.051159195196	410.377951176551
294.266992172143	325.69075726963	193.661505049608
527.430657197072	596.155690480497	483.577389097088
127.180180922689	145.724085861352	162.537334595207
30.4332462729339	28.8358615132005	30.547796927468
136.298313074502	142.763260795265	123.920308290672
118.890969875586	125.770699546414	111.240090698138
483.142586745409	546.594053504684	449.57135100802
89.760313910054	100.153126148527	91.643390782404
199.769986235173	213.694330856753	163.11370812214
21.7887833238126	18.4086080195878	32.2769175082681
227.834886494649	260.295142766479	182.134034510941
485.984601961559	566.804902868846	397.697733584017
21.0782795197752	24.5877212009879	36.3115321968016
363.422695765113	394.047196838869	317.581813340281
348.502115880328	395.334512084994	227.091169611743
33.8673479924478	40.5504302529381	37.4642792506683
347.317942873599	384.134869443706	281.270281143479
436.249335678943	490.982034872083	358.504333752549
24.7492158406349	28.1922038901379	32.8532910352014
441.814948810569	485.18911626452	420.752674661352
109.772837723773	102.599025116164	105.476355428805
259.215471172966	296.597432707205	239.195013677344
604.046650732435	680.603570626298	629.976264938161
26.880727252747	26.7761571194004	38.617026304535
60.0375714411575	61.533668764776	58.7900997472026
44.880156955027	46.3433488605007	61.095593854936
16.9336739962239	14.8041253304377	21.3258204965343
27.8280656581302	21.2407015610628	21.9021940234676
116.048954659437	122.552411431102	127.378549452272
508.12863718739	558.566085293646	369.455430764283
107.167657108969	108.005749149889	82.4214143514703
304.687714631357	325.304562695793	307.783463382413
154.889829280146	189.106609655765	198.848866792009
264.070580500555	290.289588001192	254.757098904544
250.452590923172	282.179501950604	299.714234005346
61.5769963499051	61.533668764776	70.3175702858697
296.990590087619	341.13854022313	268.590063550945
320.674050222198	359.289685193493	203.459855007476
522.575547869483	615.465419172372	434.009265780819
512.746911913633	580.965370576222	440.925748104019
489.063451779054	560.110863588996	393.663118895484
445.959554334121	514.024977777721	382.71202188375
350.870461893786	415.674092973769	329.685657405881
320.792467522871	378.728145409981	296.255992843746
420.618251990121	467.939091966445	341.213127944548
262.64957289248	310.75790041458	263.979075335478
30.4332462729339	35.1437062192131	45.5335086277353
313.213760279806	347.83257950298	286.457642885879
25.5781369453452	23.4291374794754	33.4296645621348
24.3939639386163	23.0429429056379	29.9714234005346
307.884981749526	336.632936861693	241.500507785077
601.915139320323	709.053237565661	544.09660942509
285.504111922349	321.05642238358	286.457642885879
184.730989049715	192.067434721853	156.773599325874
89.6418966093811	80.3284713582013	77.8104261360034
79.8132606535309	78.9124245874637	93.3725113632041
469.879849070045	515.054829974621	337.754886782948
27.7096483574573	27.5485462670754	21.9021940234676
174.902353093865	173.530095177653	159.65546696054
21.0782795197752	21.7556276595128	17.8675793349341
170.757747570314	197.474158755578	182.134034510941
485.037263556176	541.830987094021	405.190589434151
493.563309204624	525.610814992846	352.164224956282
437.788760587691	500.250704644183	398.274107110951
112.378018338577	125.127041923352	93.9488848901374
324.108151941712	376.797172540793	339.484007363748
352.765138704553	405.118107955544	266.284569443212
28.064900259476	30.3806398085505	27.6659292928012
391.013926821897	415.802824498381	321.040054501881
329.910599674684	349.763552372168	291.068631101346
25.6965542460181	22.0130907087378	29.3950498736013
285.504111922349	309.599316693067	180.981287457075
26.880727252747	23.8153320533129	27.6659292928012
18.9467681076631	21.6268961349003	31.7005439813347
34.2225998944665	36.5597529899506	34.0060380890682
27.7096483574573	28.4496669393629	38.0406527776017
318.897790712105	363.795288554931	281.270281143479
333.463118694871	368.300891916368	315.276319232547
52.4588641980922	56.2556762556634	46.686255681602
256.136621355471	293.379144591892	251.298857742944
556.442895861931	632.200517371997	522.770788928556
35.4067729011954	31.539223530063	45.5335086277353
28.8938213641862	27.0336201686254	39.1933998314684
35.9988594045599	32.054149628513	35.1587851429349
22.7361217291957	22.0130907087378	25.9368087120011
332.278945688142	367.657234293306	338.331260309881
571.837144949407	656.144580949923	472.626292085354
35.4067729011954	34.371317071538	44.3807615738686
22.9729563305415	25.2313788240504	28.8186763466679
328.015922863918	373.707615950093	296.255992843746
140.442918598053	154.86402410884	137.176899410139
487.642444170979	536.038068486458	391.35762478775
57.4323908263538	55.9982132064384	51.8736174240023
44.5249050530083	46.4720803851132	50.1444968432022
18.7099335063173	19.5671917411003	23.6313146042677
59.8007368398117	52.3937305172883	66.2829555973362
273.899216456405	321.57134848203	244.958748946677
243.939639386163	277.030240966104	198.848866792009
266.32050921334	313.075067857605	285.304895832013
672.610267822041	744.196943784874	648.420217800028
17.5257604995884	17.2500242980753	19.5966999157342
42.3933936408962	41.4515509252256	39.1933998314684
18.5915162056444	22.5280168071879	22.478567550401
38.2487881173449	37.9757997606881	46.1098821546687
15.0389971854576	15.4477829535002	17.8675793349341
20.0125238137192	21.2407015610628	29.3950498736013
424.052353709635	470.642453983307	368.302683710416
440.63077580384	476.43537259087	376.948286614417
24.8676331413078	20.3395808887753	26.5131822389345
100.417870970615	124.998310398739	82.4214143514703
196.335884515659	222.705537579628	161.960961068274
110.483341527811	109.936722019077	127.954922979206
577.994844584398	605.810554826434	559.082321125358
629.743204978453	682.148348921648	436.891133415486
258.268132767583	294.923922887242	229.396663719477
30.9069154756255	29.0933245624255	29.9714234005346
342.462833546011	407.435275398569	272.048304712545
103.733555389456	107.490823051439	96.2543789978709
38.130370816672	39.5205780560381	47.2626292085354
105.865066801568	112.511352511327	89.9142702016039
228.426972998013	268.405228817067	208.647216749876
372.540827916926	406.534154726281	326.803789771214
505.523456572586	561.140715785896	430.551024619219
42.3933936408962	37.0746790884006	46.1098821546687
292.727567263395	351.179599142905	327.380163298148
417.30256757128	462.146173358882	414.412565865085
70.9319631030638	67.8415134707886	65.7065820704029
446.077971634793	491.88315554437	299.714234005346
103.970389990801	109.164332871402	65.1302085434695
328.015922863918	359.933342816556	270.319184131745
265.728422709975	291.834366296542	218.445566707743
50.2089354853073	59.7314274202009	58.7900997472026
17.7625951009342	19.1809971672628	16.7148322810674
490.366042086456	570.409385557996	418.447180553618
267.97835142276	298.270942527167	192.508757995742
150.863641057268	159.755822044115	122.767561236805
154.6529946788	149.071105501277	110.087343644271
251.992015831919	270.851127784704	212.105457911476
696.885814459984	752.049566786237	589.630118052826
305.753470337413	332.770991123318	327.380163298148
67.9715305862414	84.5766116704138	67.435702651203
491.313380491839	561.398178835121	421.329048188285
377.395937244515	413.356925530744	290.492257574413
213.269558511883	229.914502957929	216.140072600009
32.6831749857189	29.736982185488	39.1933998314684
42.7486455429149	51.8788044188383	48.9917497893355
639.335006332957	712.400257205586	586.748250418159
555.969226659239	636.706120733435	461.67519507362
45.4722434583915	49.8191000250383	44.3807615738686
525.062311183614	588.817993577584	470.320797977621
87.510385197269	90.4982618025889	82.9977878784036
60.8664925458678	58.1866491248509	75.50493202827
356.909744228104	403.444598135581	351.587851429349
58.0244773297183	64.365762306251	63.9774614896028
202.612001451322	196.444306558678	226.51479608481
136.535147675847	118.561734168114	137.176899410139
492.023884295876	512.351467957758	462.251568600554
67.4978613835498	81.7445181289388	89.3378966746706
421.447173094831	480.55478137847	381.559274829883
207.230276177565	216.912618972066	246.111496000544
123.864496503848	126.414357169477	130.260417086939
361.883270856365	430.606949828819	334.873019148281
26.4070580500555	32.1828811531255	36.3115321968016
119.838308280969	112.253889462102	129.107670033072
44.5249050530083	54.5821664357009	52.4499909509356
132.272124851623	149.071105501277	135.447778829339
136.416730375174	126.671820218702	119.885693602139
30.5516635736068	31.6679550546755	39.7697733584017
37.064615110616	37.9757997606881	45.5335086277353
35.5251902018683	35.5299007930506	49.5681233162688
25.1044677426536	27.2910832178504	42.6516409930685
72.1161361097927	81.1008605058763	80.6922937706702
328.726426667955	384.392332492931	294.526872262946
308.47706825289	348.090042552205	306.630716328547
26.880727252747	29.3507876116505	35.1587851429349
29.3674905668778	30.509371333163	36.8879057237349
393.027020933337	448.243168700732	386.17026304535
46.3011645631017	56.6418708295009	38.0406527776017
47.7221721711765	52.9086566157383	51.8736174240023
183.191564140968	195.414454361778	171.759311026141
95.0890924403343	99.5094685254641	100.865367213338
20.9598622191023	21.8843591841253	24.7840616581344
827.973766304878	980.033096874978	797.700961275768
28.1833175601489	28.4496669393629	36.8879057237349
631.993133691238	722.312584600749	527.381777144023
86.444629491213	100.668052246977	115.851078913605
182.362643036257	183.571154097428	195.390625630409
62.5243347552883	59.9888904694259	82.9977878784036
81.4711028629514	78.3974984890137	113.545584805872
104.799311095512	102.985219690002	128.531296506139
74.4844821232506	69.0000971923011	77.8104261360034
128.245936628745	122.037485332652	153.315358164273
87.3919678965961	84.8340747196388	103.170861321071
500.313095342979	593.323596939022	427.669156984552
49.0247624785783	48.6605163035258	57.6373526933359
52.4588641980922	53.5523142388008	68.0120761781363
35.2883556005226	34.2425855469255	41.4988939392018
35.5251902018683	37.3321421376256	42.0752674661352
151.218892959286	173.40136365304	179.828540403208
84.3131180791009	89.5971411303014	85.3032819861371
47.9590067725223	44.2836444667007	54.1791115317357
26.4070580500555	25.4888418732754	32.2769175082681
51.629943093382	53.2948511895758	43.8043880469353
369.817230001449	408.336396070856	416.718059972818
111.785931835212	111.224037265202	112.969211278938
448.446317648251	512.608931006983	390.781251260817
98.0495249571566	108.778138297564	107.781849536538
25.5781369453452	25.3601103486629	35.7351586698682
29.6043251682236	34.886243169988	34.0060380890682
16.4600047935323	20.0821178395503	30.547796927468
195.743798012295	224.250315874978	218.445566707743
153.231987070725	178.55062463754	160.231840487474
26.1702234487097	30.3806398085505	32.8532910352014
296.043251682236	347.703847978368	292.221378155213
28.3017348608218	28.4496669393629	29.9714234005346
26.9991445534199	29.3507876116505	32.2769175082681
19.1836027090089	24.5877212009879	28.8186763466679
426.183865121747	492.011887068983	339.484007363748
9.47338405383156	11.3283741659002	9.7983499578671
55.5377140155875	57.9291860756259	59.9428468010693
56.7218870223164	53.4235827141883	73.7758114474699
329.673765073338	381.560238951456	319.887307448014
42.2749763402233	42.0952085482882	52.4499909509356
533.351522230717	600.275099268097	465.709809762154
346.844273670908	373.192689851643	357.351586698682
28.4201521614947	32.311612677738	29.3950498736013
455.432938387952	535.651873912621	405.190589434151
526.483318791689	622.803116075285	480.119147935488
226.65071348792	254.502224158916	202.307107953609
219.664092748219	242.787655419179	203.459855007476
664.913143278302	771.74549005195	554.471332909891
284.083104314274	322.343737629705	270.895557658679
27.1175618540928	40.9366248267756	32.2769175082681
81.2342682616056	79.2986191613012	81.2686672976036
20.6046103170836	21.1119700364503	35.1587851429349
290.47763855061	348.86243169988	280.117534089612
43.814401248971	35.9160953668881	43.2280145200019
34.2225998944665	31.539223530063	47.2626292085354
76.4975762346898	72.2183853076136	54.7554850586691
300.069439905115	326.463146417305	258.215340066145
190.059767579996	192.453629295691	153.315358164273
186.9809177625	192.067434721853	172.912058080008
273.899216456405	303.677666560892	230.549410773343
334.173622498908	389.927788051269	311.818078070947
374.672339329038	420.565890909044	309.512583963214
304.450880030012	341.13854022313	262.249954754678
320.081963718834	363.924020079543	303.74884869388
15.5126663881492	18.4086080195878	21.9021940234676
444.183294824027	510.163032039345	382.135648356817
44.7617396543541	44.0261814174757	54.1791115317357
514.167919521708	567.448560491909	475.508159720021
123.627661902502	139.030046581502	115.851078913605
477.103304411092	512.351467957758	370.031804291216
420.499834689448	451.976382914495	354.469719064016
254.241944544704	309.599316693067	246.111496000544
272.833460750349	319.254181039005	277.812039981879
25.6965542460181	26.3899625455629	35.7351586698682
459.577543911503	496.260027381195	415.565312918952
336.660385813039	402.157282889456	342.365874998415
95.7995962443716	107.233360002214	98.5598731056043
80.2869298562224	81.6157866043263	55.9082321125358
208.65128378564	221.546953858116	199.425240318942
31.8542538810086	29.0933245624255	27.0895557658679
406.408175909374	426.101346467382	284.728522305079
140.679753199399	156.794996978027	149.857117002673
427.486455429149	474.37566819707	364.844442548816
437.670343287018	471.929769229432	335.449392675215
165.073717138015	178.164430063703	139.482393517873
471.774525880811	524.709694320558	400.579601218684
36.1172767052328	40.6791617775506	45.5335086277353
258.97863657162	294.022802214955	208.070843222942
231.624240116182	273.683221326179	204.036228534409
418.723575179355	490.467108773633	360.809827860282
33.5120960904291	36.9459475637881	40.9225204122685
22.2624525265042	22.1418222333503	32.2769175082681
95.9180135450445	115.472177577414	109.510970117338
261.110147983732	276.644046392267	223.05655492321
228.782224900032	250.254083846704	183.863155091741
17.5257604995884	27.0336201686254	43.2280145200019
348.265281278983	356.328860127406	315.85269275948
435.065162672214	493.556665364333	414.988939392018
506.352377677297	577.875813985522	372.913671925883
318.068869607395	339.59376192778	309.512583963214
511.325904305558	577.875813985522	438.620253996286
279.109577686012	316.42208749753	213.258204965343
453.183009675167	521.362674680633	308.93621043628
260.044392277676	269.692544063192	205.765349115209
37.1830324112889	37.3321421376256	34.5824116160015
409.250191125523	458.026764571282	312.970825124814
58.1428946303912	61.276205715551	62.2483409088027
374.198670126346	436.142405387157	312.970825124814
270.701949338237	305.222444856242	259.368087120011
278.754325783994	294.151533739567	197.696119738142
42.630228242242	47.3732010574007	42.6516409930685
305.398218435395	350.021015421393	285.881269358946
94.8522578389885	109.293064396014	92.2197643093374
97.4574384537921	105.688581706864	115.274705386672
365.317372575879	391.730029395844	335.449392675215
24.8676331413078	23.6866005287004	27.0895557658679
254.47877914605	285.011595492079	250.146110689078
38.0119535159991	39.9067726298756	34.0060380890682
120.193560182988	142.891992319877	159.65546696054
321.621388627581	363.409093981093	276.082919401079
354.896650116665	410.009905890819	366.573563129616
554.311384449819	600.146367743484	331.991151513615
464.195818637746	536.939189158746	454.75871275042
217.65099863678	216.912618972066	149.857117002673
94.9706751396614	107.362091526827	64.5538350165362
229.137476802051	285.397790065917	204.612602061342
58.379729231737	58.5728436986884	60.5192203280026
20.9598622191023	21.3694330856753	27.6659292928012
28.3017348608218	29.222056087038	38.617026304535
213.98006231592	245.104822862204	154.46810521814
20.6046103170836	22.3992852825754	35.1587851429349
278.043821979956	302.647814363992	224.209301977076
525.417563085633	550.069804669221	441.502121630953
309.542823958946	348.218774076818	308.93621043628
279.938498790723	314.619846152955	204.036228534409
457.446032499391	518.144386565321	338.907633836815
3820.97104081229	4317.91279855254	3352.76480617135
131.443203746913	129.63264528479	126.802175925339
149.442633449193	140.96101945069	150.433490529607
392.908603632664	464.205877752682	331.414777986681
430.565305246644	479.396197656957	333.143898567481
202.49358415065	194.513333689491	205.188975588276
497.47108012683	580.450444477772	458.793327438953
26.880727252747	25.1026472994379	28.8186763466679
31.1437500769712	33.4701963992505	34.0060380890682
37.7751189146533	41.7090139744507	54.7554850586691
159.389686705716	163.61776778249	139.482393517873
57.6692254276996	50.5914891727133	51.8736174240023
230.440067109453	241.886534746891	191.932384468808
300.661526408479	345.25794901073	278.388413508812
160.455442411772	166.19239827474	138.329646464006
20.8414449184294	23.1716744302504	29.3950498736013
571.837144949407	604.394508055697	376.371913087483
56.4850524209707	51.4926098450008	65.1302085434695
44.6433223536812	44.6698390405382	57.6373526933359
634.006227802677	738.275293652699	533.145512413357
26.2886407493826	27.8060093163004	34.0060380890682
33.630513391102	37.8470682360756	47.8390027354688
615.769963499051	676.097967264861	531.99276535949
27.7096483574573	29.8657137101005	40.3461468853351
308.713902854236	334.95942704173	229.396663719477
27.7096483574573	31.1530289562255	26.5131822389345
477.221721711765	554.446676506046	434.585639307752
66.6689402788396	73.1195059799011	59.3664732741359
286.333033027059	332.127333500255	252.451604796811
260.636478781041	304.450055708567	247.840616581344
25.2228850433265	27.0336201686254	32.2769175082681
20.1309411143921	21.6268961349003	26.5131822389345
477.695390914456	525.224620419008	394.815865949351
19.7756892123734	23.4291374794754	25.9368087120011
19.7756892123734	23.9440635779254	24.7840616581344
17.6441778002613	15.0615883796627	23.6313146042677
28.6569867628405	28.7071299885879	46.686255681602
594.573266678603	686.267757709248	506.055956647489
58.379729231737	63.2071785847385	62.8247144357361
175.731274198575	177.263309391415	144.669755260273
277.688570077938	315.006040726792	299.714234005346
392.079682527954	442.064055519332	366.573563129616
189.704515677977	207.257754626128	153.315358164273
326.47649795517	368.300891916368	335.449392675215
280.056916091395	328.78031386033	269.742810604812
55.4192967149146	61.6624002893885	77.23405260907
117.706796868857	139.41624115534	124.496681817605
291.188142354647	331.741138926418	276.659292928012
17.6441778002613	18.6660710688128	19.0203263888008
65.129515370092	62.820984010901	84.7269084592037
28.1833175601489	29.736982185488	43.2280145200019
23.565042833906	22.0130907087378	36.8879057237349
283.727852412255	330.067629106455	229.396663719477
210.901212498425	227.983530088741	191.356010941875
303.97721082732	314.491114628342	257.062593012278
17.6441778002613	18.6660710688128	21.9021940234676
29.2490732662049	27.1623516932379	39.7697733584017
33.5120960904291	30.8955659070005	40.3461468853351
136.890399577866	151.903199042752	128.531296506139
22.3808698271771	24.5877212009879	36.3115321968016
363.541113065786	390.957640248169	303.172475166947
422.868180702906	463.819683178845	355.046092590949
568.758295131912	617.525123566172	499.715847851222
461.235386120924	515.054829974621	355.622466117882
19.4204373103547	22.6567483318004	24.7840616581344
417.184150270607	460.601395063532	359.657080806416
104.680893794839	114.828519954352	101.441740740271
307.174477945488	303.420203511667	276.659292928012
332.160528387469	365.082603801056	318.158186867214
25.6965542460181	25.2313788240504	42.6516409930685
13.7364068780558	21.8843591841253	34.5824116160015
28.5385694621676	25.4888418732754	31.7005439813347
266.912595716704	291.834366296542	184.439528618675
37.7751189146533	35.6586323176631	44.957135100802
185.204658252407	177.778235489865	141.787887625606
478.050642816475	561.526910359734	505.479583120555
580.007938695837	659.62033211446	496.257606689622
451.998836668438	518.916775712996	363.115321968016
29.8411597695694	30.8955659070005	39.7697733584017
351.936217599842	395.720706658831	370.60817781815
403.921412595243	443.093907716232	390.204877733884
612.572696380883	690.387166496848	608.650444441627
29.2490732662049	29.6082506608755	46.686255681602
121.851402392408	128.731524612502	143.517008206406
52.3404468974193	57.4142599771759	60.5192203280026
28.5385694621676	27.8060093163004	31.1241704544014
191.243940586725	205.326781756941	179.828540403208
17.5257604995884	20.4683124133878	31.7005439813347
343.291754650721	365.983724473343	179.252166876275
502.918275957783	537.711578306421	347.553236740815
315.108437090572	358.131101471981	235.736772515744
21.9072006244855	24.0727951025379	37.4642792506683
289.885552047246	315.39223530063	269.166437077878
21.315114121121	29.0933245624255	23.0549410773343
469.169345266008	527.284324812808	453.605965696553
255.070865649415	293.379144591892	205.765349115209
269.636193632181	297.241090330267	208.070843222942
320.081963718834	346.80272730608	265.708195916278
139.969249395361	148.427447878215	141.211514098673
249.860504419807	276.901509441492	221.903807869343
233.992586129639	279.476139933742	223.632928450143
119.956725581642	136.197953040027	108.934596590405
23.0913736312144	25.2313788240504	44.3807615738686
229.137476802051	279.604871458354	231.70215782721
143.99543761824	154.091634961165	130.836790613872
33.5120960904291	33.084001825413	43.2280145200019
115.338450855399	127.444209366377	108.358223063471
324.344986543058	369.845670211718	326.803789771214
506.944464180661	582.123954297734	497.986727270422
523.286051673521	595.769495906659	490.493871420288
20.4861930164107	20.0821178395503	27.6659292928012
246.071150798275	264.285820029467	228.24391666561
27.9464829588031	27.9347408409129	33.4296645621348
365.317372575879	401.513625266394	368.879057237349
667.28148929176	757.585022344574	530.840018305623
360.935932450982	376.925904065406	309.512583963214
19.3020200096818	16.2201721011753	19.0203263888008
586.876142134865	688.456193627661	560.235068179225
23.9202947359247	19.6959232657128	16.7148322810674
229.374311403397	244.203702189916	235.16039898881
309.187572056927	363.795288554931	290.492257574413
29.2490732662049	31.6679550546755	32.2769175082681
38.6040400193636	40.6791617775506	53.6027380048023
294.385409472816	335.731816189405	281.270281143479
405.460837503991	442.578981617782	342.942248525348
11.7233127666166	9.13993824748764	19.0203263888008
136.179895773829	142.119603172202	125.649428871472
58.9718157351014	60.3750850432634	84.1505349322703
21.5519487224668	19.4384602164878	24.2076881312011
36.5909459079244	37.4608736622381	57.6373526933359
465.498408945148	516.470876745358	424.787289349885
103.49672078811	107.362091526827	93.3725113632041
531.575262720623	611.73220495861	488.188377312555
21.315114121121	20.4683124133878	22.478567550401
363.777947667132	396.364364281894	253.027978323744
141.508674304109	155.121487158065	121.038440656005
16.9336739962239	19.1809971672628	27.6659292928012
198.467395927771	234.548837843979	186.745022726408
235.295176437041	268.276497292454	214.987325546143
124.693417608558	134.78190626929	129.107670033072
37.6567016139804	33.856390973088	40.3461468853351
261.346982585078	304.321324183955	229.396663719477
368.514639694048	389.412861952819	260.520834173878
52.4588641980922	53.4235827141883	17.2912058080008
254.47877914605	299.94445234713	216.140072600009
14.0916587800744	14.9328568550502	22.478567550401
32.4463403843731	26.3899625455629	40.3461468853351
70.2214592990264	65.0094199293135	87.0324025669371
275.201806763807	308.69819602078	182.134034510941
361.64643625502	403.058403561744	295.10324578988
294.622244074161	300.716841494805	256.486219485345
78.3922530454561	80.8433974566513	92.7961378362707
141.271839702763	160.142016617953	145.246128787206
25.6965542460181	27.4198147424629	29.3950498736013
623.940757245481	695.922622055186	575.220779879492
143.284933814202	155.250218682677	168.301069864541
29.130655965532	28.3209354147504	40.3461468853351
569.468798935949	670.562511706523	537.756500628824
290.714473151956	340.62361412468	246.687869527477
384.619392585561	441.420397896269	334.296645621348
21.1966968204481	23.0429429056379	23.6313146042677
194.914876907584	215.625303725941	168.877443391474
347.199525572927	386.580768411344	221.32743434241
419.197244382046	465.235729949582	311.241704544014
306.108722239432	338.950104304718	275.506545874145
141.627091604782	148.68491092744	151.586237583473
439.091350895093	494.97271213507	314.12357217868
17.8810124016071	15.9627090519503	28.8186763466679
599.428376006192	651.252783014648	487.612003785621
19.065185408336	18.7948025934253	25.3604351850678
26.880727252747	31.1530289562255	34.0060380890682
34.9331036985039	35.2724377438255	54.1791115317357
767.580942961702	842.676560113438	619.025167926427
469.406179867354	523.422379074433	383.864768937617
46.0643299617559	50.5914891727133	55.3318585856024
469.643014468699	513.123857105433	386.17026304535
22.8545390298686	24.2015266271504	33.4296645621348
27.7096483574573	28.5783984639754	29.3950498736013
281.004254496779	328.522850811105	247.840616581344
28.3017348608218	28.3209354147504	52.4499909509356
286.333033027059	323.888515925055	216.716446126943
96.7469346497548	116.759492823539	44.957135100802
25.9333888473639	31.9254181039005	43.8043880469353
286.333033027059	318.095597317492	257.062593012278
495.339568714718	564.616466950434	484.153762624021
320.318798320179	337.01913143553	293.37412520908
26.0518061480368	27.2910832178504	32.2769175082681
34.2225998944665	32.569075726963	44.3807615738686
344.712762258796	392.631150068131	334.873019148281
464.669487840438	498.963389398058	340.060380890682
275.438641365153	320.284033235905	223.632928450143
73.5371437178675	72.8620429306761	100.288993686404
28.1833175601489	30.3806398085505	39.1933998314684
35.7620248032141	33.341464874638	42.6516409930685
296.516920884928	330.453823680293	265.131822389345
497.234245525484	554.832871079884	379.25378072215
139.613997493343	156.40880240419	151.586237583473
41.4460552355131	50.4627576481008	66.8593291242696
479.590067725223	543.504496913984	395.968613003217
43.4591493469523	42.2239400729007	49.5681233162688
19.1836027090089	21.4981646102878	27.0895557658679
41.6828898368588	43.3825237944132	68.5884497050697
120.075142882315	145.59535433674	135.447778829339
23.3282082325602	24.0727951025379	34.5824116160015
162.350119222538	162.716647110203	114.121958332805
25.9333888473639	24.5877212009879	25.9368087120011
31.9726711816815	38.3619943345256	46.686255681602
29.8411597695694	30.6381028577755	30.547796927468
54.8272102115501	50.3340261234883	71.4703173397365
270.346697436218	310.24297431613	219.59831376161
17.8810124016071	19.9533863149378	29.3950498736013
173.955014688482	193.097286918753	162.537334595207
179.165375918089	203.009614313916	144.09338173334
479.116398522531	543.247033864758	442.654868684819
24.3939639386163	18.1511449703628	28.2423028197346
23.9202947359247	22.0130907087378	31.7005439813347
475.445462201671	538.741430503321	447.265856900286
22.1440352258313	21.6268961349003	24.7840616581344
256.728707858835	287.07129988588	197.119746211209
223.453446369752	256.948123126554	234.584025461877
310.134910462311	367.657234293306	273.201051766412
23.2097909318873	28.0634723655254	25.3604351850678
34.1041825937936	36.5597529899506	37.4642792506683
191.717609789416	198.504010952478	175.793925714674
149.797885351211	157.696117650315	126.802175925339
153.468821672071	169.79688096389	90.4906437285373
56.0113832182791	56.5131393048884	64.5538350165362
393.263855534682	441.291666371657	346.976863213882
35.7620248032141	36.6884845145631	32.2769175082681
344.002258454758	385.293453165219	361.386201387216
296.990590087619	322.08627458048	191.932384468808
391.724430625935	433.181580321069	407.496083541885
210.782795197752	234.806300893204	236.88951956961
159.626521307062	150.873346845852	147.55162289494
23.4466255332331	22.7854798564129	32.8532910352014
32.0910884823544	33.9851224977005	33.4296645621348
34.2225998944665	35.4011692684381	29.9714234005346
479.945319627241	540.543671847896	437.467506942419
688.9518553149	788.094393677737	579.255394568025
26.880727252747	25.4888418732754	32.2769175082681
25.814971546691	24.4589896763754	29.3950498736013
18.7099335063173	20.9832385118378	31.1241704544014
33.3936787897562	27.4198147424629	38.617026304535
284.083104314274	358.388564521206	264.555448862412
100.773122872633	98.479616328564	74.9285585013366
184.375737147697	195.414454361778	216.716446126943
52.4588641980922	52.1362674680633	43.2280145200019
25.4597196446723	29.736982185488	40.9225204122685
232.808413122911	239.311904254641	183.286781564808
110.364924227138	114.056130806677	100.288993686404
64.3005942653817	63.4646416339635	62.8247144357361
34.6962690971581	35.6586323176631	50.7208703701356
292.845984564068	329.423971483393	259.368087120011
25.6965542460181	25.4888418732754	25.3604351850678
294.385409472816	340.237419550843	286.457642885879
39.314543823401	41.4515509252256	51.8736174240023
395.63220154814	449.916678520695	331.991151513615
23.8018774352518	20.4683124133878	21.9021940234676
570.771389243351	604.008313481859	496.833980216555
32.8015922863918	35.1437062192131	43.2280145200019
137.364068780558	151.517004468915	131.413164140806
270.583532037564	297.88474795333	270.895557658679
29.8411597695694	31.539223530063	36.8879057237349
211.730133603135	211.248431889116	164.842828702941
61.695413650578	59.4739643709759	53.6027380048023
26.4070580500555	33.084001825413	30.547796927468
279.464829588031	322.472469154318	292.797751682146
146.48220093237	154.992755633452	173.488431606941
276.267562469863	308.18326992233	248.993363635211
51.0378565900175	52.0075359434508	31.1241704544014
283.254183209564	309.341853643842	240.924134258144
208.888118386986	223.091732153466	170.606563972274
49.8536835832886	47.6306641066257	59.3664732741359
444.775381327392	449.015557848407	314.12357217868
447.617396543541	526.898130238971	397.697733584017
33.3936787897562	32.6978072515755	39.1933998314684
424.052353709635	496.260027381195	378.677407195217
324.463403843731	369.716938687106	304.325222220813
160.929111614464	176.877114817578	141.787887625606
47.8405894718494	51.1064152711633	70.8939438128031
12.4338165706539	13.3880785597002	20.1730734426676
215.993156427359	239.826830353091	223.05655492321
47.8405894718494	55.6120186326009	66.8593291242696
47.8405894718494	48.0168586804633	58.7900997472026
280.175333392068	321.700080006643	225.362049030943
414.105300453112	464.849535375745	333.720272094415
25.9333888473639	29.222056087038	46.686255681602
18.4730989049715	17.8936819211378	28.8186763466679
26.7623099520741	33.084001825413	36.8879057237349
86.9182986939045	98.8658109024015	103.747234848005
420.381417388775	494.329054512008	413.259818811218
341.515495140628	374.866199671606	299.714234005346
364.370034170496	419.536038712144	289.339510520546
109.891255024446	110.194185068302	124.496681817605
20.249358415065	15.4477829535002	21.3258204965343
36.8277805092702	31.539223530063	39.7697733584017
19.7756892123734	17.7649503965253	32.2769175082681
101.720461278016	98.3508848039515	114.698331859738
65.129515370092	62.6922524862885	68.5884497050697
438.854516293747	509.133179842445	429.974651092286
142.219178108146	129.375182235565	117.003825967472
501.378851049035	587.916872905297	443.231242211753
382.014211970758	410.396100464656	371.184551345083
19.8941065130463	23.9440635779254	27.0895557658679
275.912310567844	297.498553379492	225.362049030943
386.750903997673	450.045410045307	360.809827860282
511.089069704212	526.640667189746	377.52466014135
527.312239896399	552.901898210696	398.274107110951
208.769701086313	247.936916403679	174.641178660808
301.135195611171	337.791520583205	268.013690024012
21.9072006244855	29.994445234713	27.0895557658679
28.3017348608218	25.3601103486629	35.7351586698682
294.622244074161	316.293355972917	228.24391666561
528.496412903128	602.077340612672	477.237280300821
448.919986850943	470.899917032532	375.79553956055
38.4856227186907	37.5896051868506	47.8390027354688
288.464544439171	300.45937844558	321.040054501881
280.530585294087	299.172063199455	234.007651934944
26.880727252747	33.598927923863	28.2423028197346
103.970389990801	109.035601346789	106.629102482671
452.235671269784	519.817896385283	363.691695494949
16.5784220942052	19.5671917411003	19.0203263888008
258.504967368929	305.351176380855	232.278531354143
50.2089354853073	47.1157380081757	57.0609791664025
216.348408329378	233.518985647079	181.557660984008
34.5778517964852	33.341464874638	50.1444968432022
330.621103478721	377.312098639243	282.423028197346
38.8408746207094	42.2239400729007	46.686255681602
60.629657944522	51.6213413696133	61.095593854936
381.422125467393	423.655447499744	333.143898567481
22.3808698271771	27.2910832178504	27.0895557658679
285.97778112504	294.79519136263	251.875231269878
511.917990808923	527.413056337421	378.677407195217
270.228280135545	304.450055708567	288.763136993613
281.596341000143	338.435178206268	261.673581227745
62.2875001539425	54.3247033864759	68.0120761781363
178.099620212033	169.668149439278	182.710408037875
26.9991445534199	28.4496669393629	42.0752674661352
282.425262104853	314.748577677567	240.347760731211
308.240233651544	334.830695517118	274.353798820279
28.064900259476	22.1418222333503	34.0060380890682
77.0896627380543	74.6642842752512	92.2197643093374
512.983746514979	564.745198475046	500.868594905089
52.695698799438	62.048594863226	62.2483409088027
7562.95774207575	8511.85713890325	6876.7125498419
5300.35837811876	6097.754857845	4659.40359172927
26.1702234487097	24.2015266271504	31.7005439813347
38.4856227186907	38.6194573837506	53.6027380048023
320.081963718834	356.586323176631	315.276319232547
17.8810124016071	14.9328568550502	13.8329646464006
7.46028994239235	8.11008605058763	6.9164823232003
267.14943031805	297.756016428717	274.353798820279
53.879871806167	61.791131814001	34.0060380890682
81.2342682616056	93.845281442514	96.2543789978709
212.440637407173	247.936916403679	212.105457911476
22.2624525265042	21.1119700364503	32.2769175082681
419.434078983392	474.37566819707	353.893345537082
301.964116715881	324.918368121955	335.449392675215
21.0782795197752	18.5373395442003	28.8186763466679
27.3543964554386	26.2612310209504	36.8879057237349
453.893513479204	473.088352950945	371.760924872016
222.387690663696	212.664478659853	191.356010941875
35.0515209991768	32.826538776188	49.5681233162688
482.550500242045	518.273118089933	504.326836066689
342.462833546011	359.547148242718	295.679619316813
211.730133603135	218.972323365866	225.938422557877
31.4990019789899	28.7071299885879	42.6516409930685
521.154540261409	586.500826134559	444.383989265619
89.4050620080353	91.0131879010389	108.358223063471
30.6700808742797	33.598927923863	42.0752674661352
268.80727252747	284.882863967467	234.007651934944
43.4591493469523	56.7706023541134	58.7900997472026
125.759173314614	138.643852007665	133.142284721606
303.385124323956	334.058306369443	253.604351850678
284.083104314274	339.979956501618	269.166437077878
410.552781432925	413.356925530744	360.233454333349
557.863903470006	613.663177827797	391.933998314684
365.198955275207	398.681531724919	331.991151513615
66.7873575795125	62.4347894370635	85.3032819861371
272.951878051022	313.589993956055	256.486219485345
257.676046264218	279.733602982967	284.728522305079
272.241374246984	302.647814363992	315.85269275948
414.578969655804	431.765533550332	387.89938362615
20.8414449184294	20.9832385118378	21.3258204965343
159.389686705716	169.410686390053	154.46810521814
71.8793015084469	88.5672889334014	74.3521849744033
111.193845331848	98.479616328564	111.240090698138
232.689995822238	252.313788240504	229.97303724641
102.667799683399	98.8658109024015	109.510970117338
366.738380183954	385.035990115994	293.950498736013
478.997981221858	537.711578306421	387.323010099217
74.8397340252693	87.9236313103389	70.3175702858697
309.661241259619	333.157185697155	282.423028197346
54.7087929108772	47.1157380081757	74.9285585013366
368.277805092702	399.968846971044	297.985113424546
30.0779943709152	30.6381028577755	34.0060380890682
259.925974977003	295.567580510305	265.131822389345
26.9991445534199	27.8060093163004	42.6516409930685
46.3011645631017	41.4515509252256	30.547796927468
190.533436782687	205.455513281553	177.523046295474
29.4859078675507	24.3302581517629	34.5824116160015
438.854516293747	514.926098450008	402.308721799484
286.451450327732	338.56390973088	290.492257574413
25.1044677426536	23.0429429056379	29.3950498736013
358.80442103887	410.524831989269	284.728522305079
184.612571749042	208.158875298416	165.419202229874
28.7754040635134	31.6679550546755	43.2280145200019
438.854516293747	502.310409037983	331.414777986681
553.364046044436	624.09043132141	445.536736319486
21.1966968204481	22.2705537579628	34.0060380890682
21.5519487224668	21.6268961349003	31.7005439813347
38.130370816672	35.4011692684381	54.7554850586691
255.544534852106	299.300794724067	202.883481480542
200.006820836519	203.138345838528	243.229628365877
212.559054707846	235.707421565491	163.11370812214
143.758603016894	154.992755633452	149.857117002673
24.630798539962	24.0727951025379	31.7005439813347
150.034719952557	149.071105501277	118.732946548272
33.8673479924478	33.341464874638	38.0406527776017
25.4597196446723	27.2910832178504	34.0060380890682
22.0256179251584	22.3992852825754	17.2912058080008
20.249358415065	22.0130907087378	19.5966999157342
399.184720568327	439.875619600919	327.956536825081
25.4597196446723	24.0727951025379	31.7005439813347
35.1699382998497	33.598927923863	49.5681233162688
58.4981465324099	64.108299257026	58.7900997472026
295.924834381563	339.851224977005	238.61864015041
430.091636043953	459.185348292795	317.581813340281
471.774525880811	542.860839290921	375.219166033616
434.236241567504	488.922330478283	370.031804291216
