k27_temp14_1	k27_temp14_2	k27_temp14_3
139.395269429056	141.074985892315	105.951688777417
7.17127436923757	8.40365235699514	25.1453068132426
99.7515300202585	96.2686398191603	87.4284658551334
591.863891483484	579.577760708407	635.427687966258
43.2043913871744	40.8218270445713	33.2920368706663
34.5925360826146	37.2104558950486	31.0074542251318
151.945122828722	160.166277314367	210.525248149846
165.005375991631	161.851893370492	138.473631575344
222.861057655914	222.239065097957	301.439192091091
3816.25450910268	3816.25450910268	4101.51929144197
1554.3364264304	1554.3364264304	1500.71397939797
54.7177666211052	53.4881753356932	22.5340256786099
256.478534768367	258.816610508122	241.523177730119
239.47726812617	234.280826578363	349.39100188566
430.255285595781	413.193629602974	330.311928092516
74.3621493430041	69.2408819418781	122.934868653918
1316.64619985139	1316.64619985139	1217.17250156255
19.8967553114221	25.7958625298648	24.6678073451537
116.445281092991	111.85217517786	89.9026858429539
97.4609533647727	91.918815088925	138.973247143028
196.704970670071	184.547713407979	228.24498141546
212.943650728435	196.704970670071	189.022577463801
28.2174929509223	32.5411260085402	35.2913392513969
506.586163024367	486.355888547507	559.670106329218
25.7958625298648	27.5696340995393	23.6612001066127
36.8846094664946	39.8244486286117	55.546615029747
36.3864053927937	31.9424788037587	59.0914281267315
1849.71618305332	1840.04649863761	1996.80104046294
65.3216537441364	60.1400521415991	66.6778408644758
8.0788451543672	11.9280868834857	16.3088932670117
684.458082893786	706.421215450001	630.042496258843
42.866301473467	44.8720697213494	39.7363069893126
8.81715264420032	8.81715264420032	19.8288071155357
119.055663951812	110.584408012912	143.215728535224
2459.59024914089	2631.73963983418	2453.55099610578
522.777350420004	512.936903756931	479.919473009496
27.7324764761325	24.4541713563666	15.3013298223132
135.805511505453	132.991273162202	136.73959056053
1067.663396284	996.000194437922	862.590495747193
773.066867526361	755.589800751036	670.760746510801
498.193552287722	506.586163024367	507.06314998926
27.7324764761325	24.9180194498586	19.8288071155357
438.697867952972	460.935286717704	497.637243186492
53.6154086103866	51.5597107922031	90.8675482209227
233.125313804927	229.992078946803	172.103963261692
102.332092357267	90.8925800855047	128.866995288478
463.628641255818	435.194373469443	437.02380907243
361.140358878059	368.529171109371	501.669836533473
25.9229270759917	26.9819240135689	37.8332216380276
40.7769643570879	38.461404820132	11.3558374186458
195.002603014544	202.620199157703	259.216703939123
174.200033337272	173.701603654498	187.09277870431
48.9617106725678	42.866301473467	42.4030620775107
18.3073574508703	18.0364878926187	38.84047429189
14.0748915279804	13.1437050577534	13.6923845637637
377.813566523903	402.737786436364	425.284940276902
63.9167543862753	61.2361363392618	81.786703650039
13.5074715930754	13.4553950863628	8.98092069865704
130.500302087452	150.943255745776	155.703303480289
51.5597107922031	50.3538773023324	39.1738044869386
392.882050302156	391.759188017689	428.593726480029
322.735688024731	359.576005716397	347.847019933592
162.311743280546	152.846714602562	150.777364822735
2124.76594739961	2005.00454220791	1469.89702266027
804.878753563816	794.828774384157	567.759679660474
117.106949095237	109.601546376926	108.732643887627
131.897343190554	135.805511505453	153.399072139748
1395.2725094842	1395.2725094842	1391.71772651631
154.217466643291	151.945122828722	199.562527442358
46.0909426696628	40.3903532467285	84.3071680191304
82.4222959610306	83.1805671773504	56.0064675576281
39.1862974468569	41.0942515699922	76.616334829748
211.047844517122	220.866662986297	208.672710183205
413.193629602974	434.116007394628	375.976843522421
391.759188017689	363.363211712167	410.997100906515
92.12117737156	85.9936010927081	89.0765270293801
109.064923014072	99.7515300202585	115.09854564218
220.866662986297	219.753484925869	132.413008320251
7.8212459142124	9.12446504706005	10.8028303932367
139.64011990387	137.253224454737	121.937086899203
2120.43349559057	2300.15806699936	2259.27554020759
371.153895220697	373.074475562573	344.3206652973
127.558071229737	111.220626380938	114.048488322234
22.2710501378422	18.9044272183424	21.7436881930505
137.839195141741	124.388217576613	125.070663958794
67.4394703393821	64.4952703966624	60.3879382946079
31.7260320336487	22.7896392478589	40.8385015176928
326.803684009554	322.735688024731	417.923688867908
717.90438757822	674.783909034069	894.962274296902
202.957467159672	207.064618299928	240.581135637093
1057.28492451741	978.139306523003	1065.16899963623
16.8409804423094	16.9819047734303	16.3088932670117
15.4452332935946	15.0941389605206	10.8028303932367
51.9197292230051	47.4441388059504	57.2225563632678
51.0480366205246	51.1001131272372	28.7651633921866
2784.01026211935	2858.61839102372	2775.73231698796
241.692840134578	240.89956909299	183.034858970516
486.355888547507	498.193552287722	1339.48435497452
24.0810373472988	30.4983620755749	12.3797795644437
52.5483174666629	52.9658427907526	40.8385015176928
30.6412907883137	22.3522607846833	57.8132326318331
161.851893370492	155.085354478176	118.039166203359
29.743545875424	26.2540806743327	8.41548355262333
984.342965623058	1067.663396284	1045.2137848142
512.936903756931	499.859227492531	541.322497659239
576.811043533507	605.771629278412	523.938301461221
365.904446998044	383.055710931265	308.929360163089
3186.37766143352	3186.37766143352	3679.70979033718
1354.31834498779	1502.7327998202	1642.42013787054
136.743059285694	126.975046870858	173.197571384473
2005.00454220791	2079.91319205334	2116.95535794789
22.9181870850902	29.1442751783571	28.7651633921866
1473.10715908918	1451.53133828334	1315.75551098154
155.668177678854	179.95806429237	116.359040270725
154.550287845791	156.213798461139	109.220337045829
113.199973366694	112.550792446818	107.688252527163
755.589800751036	726.373578796465	752.885411091945
435.194373469443	496.914407347722	324.359394576613
17.3042409997508	16.3015622307986	39.1738044869386
156.213798461139	157.679055111935	165.347168982863
55.8123026884457	59.1127799618416	22.3259457467584
48.2938015233054	48.2938015233054	65.0097351735378
313.745429215286	331.538468788035	272.326968620021
1502.7327998202	1419.76720047099	1360.80924239606
124.388217576613	121.384827216865	157.954505516314
83.1805671773504	72.2584629134789	80.8840558309721
358.59943626551	348.37696915773	290.459008632464
3684.64556261212	3684.64556261212	4454.9458080351
95.4724160664371	85.3078432453488	69.8519929030072
4111.66203925849	4466.101262855	3174.13079095678
27.1701323986043	25.7958625298648	29.6423762490676
15.5695065865221	15.9038027163841	20.800661954793
350.763531032555	339.059045410901	354.548561430131
22.0118144625048	19.4523319939881	25.1453068132426
277.344909462979	292.337189406862	223.950494504122
630.643610832546	544.572982337819	364.493861460247
86.6304058537881	88.7657718633683	101.894884998767
59.3388875792577	60.573233193982	60.3879382946079
29.1442751783571	29.612639531328	50.3512310324544
10885.056531338	10885.056531338	10876.7394528503
99.3318742508377	104.854524526135	157.954505516314
106.020571195385	96.9767654116496	121.548946768164
15.9415084152602	9.66821673189027	17.3536441192398
121.96142235267	125.115397486894	137.836680246089
188.697562843635	186.334674026196	224.752189182455
29.743545875424	23.4582821417136	27.701913004148
27.1701323986043	30.4983620755749	29.6423762490676
2515.85856014709	2529.77212839802	2528.93612000526
214.705130878549	199.382692215188	252.940901752183
229.714282796276	216.881287547779	274.565937287025
3561.42753331972	3561.42753331972	2854.77591228186
58.8305199492659	53.9934239285586	45.5508024669072
363.363211712167	392.882050302156	394.09474305141
783.977030111238	740.024579962044	760.078681699992
117.345599147555	123.669446021737	108.234347959155
46.7870253542157	53.4881753356932	75.1951963036392
85.0649891329905	86.6304058537881	72.72129675389
249.102639643824	251.23319773486	319.814807956505
51.1521896339499	49.1441059873258	22.3259457467584
423.660245948168	419.897558645287	360.263067834609
1451.53133828334	1473.10715908918	1660.7082863827
31.2492876069259	40.8218270445713	30.1091721716961
34.9789680521562	37.2104558950486	30.756270101091
1336.40003193166	1288.84423125322	1171.44601075217
81.0022053128811	82.4222959610306	95.3530220596887
44.3714922953409	45.1549949251004	49.747880083351
10.1931707772094	11.3229395674145	23.3591631826077
45.5688610009761	56.9074878408596	73.6917990833597
10.4585421345143	10.8012825082382	NA
72.4315033838782	79.6659345664627	118.039166203359
271.254736996046	228.447169434802	337.256866818733
56.9074878408596	77.4496733508705	31.3999680773515
521.176652944325	536.363113602708	657.511464193612
28.6355084234672	22.7896392478589	33.7641463386777
167.579138393001	156.879642359435	151.964837191711
44.8720697213494	40.8218270445713	59.0914281267315
1268.6818881877	1340.11077514501	1254.40875967404
1742.93857125669	1918.12200099985	1848.72016405771
45.1549949251004	60.9478095332295	63.057480010699
59.5860533839559	69.0017216057627	60.3879382946079
42.4306138331222	36.7632186178706	52.2398685860125
71.4030318297223	61.7829253757735	109.220337045829
37.5671884910044	37.5671884910044	71.8540539518554
38.2281995470757	34.9789680521562	48.9578505472137
133.901055624272	134.012425983526	205.300358219019
88.9691593737075	80.5871978362257	59.3977151431949
69.2789162813886	64.9211450793637	68.1509169259375
70.0813186078507	72.2584629134789	94.732719351449
181.193854689734	204.37652725198	237.692482040006
96.9767654116496	113.199973366694	66.0338404983519
2032.00852761669	2120.43349559057	2160.03326802109
44.0735140299994	44.3714922953409	26.8183937587622
35.6261123876969	33.6413242181357	41.205306917524
353.068652435706	329.477526609746	293.815210879291
73.2740354455394	71.1466207438119	53.3651285636006
68.3199762157855	65.7431818025175	32.6532619955314
144.355213235445	154.217466643291	146.060253806065
53.3609420609998	57.4901145529318	112.467837892708
224.638950743476	228.447169434802	266.041486664666
229.441720828927	219.753484925869	219.022115796187
22.6610914106277	25.6192243114697	24.4921095279962
6.85247622285193	5.84307480846007	17.3536441192398
186.334674026196	197.792817860903	201.293700594546
347.460052059531	353.068652435706	410.997100906515
18.0364878926187	19.1919641383209	13.6923845637637
844.960882088374	925.486797751848	931.876891180105
120.214708757265	137.839195141741	81.1425841304114
108.309830453054	182.791093388399	119.531529778973
638.025663628274	660.011132501472	625.429164520432
1073.60512944835	1174.19302930666	1202.4478391365
66.2178790651069	58.4878613786491	63.057480010699
218.756117542464	211.047844517122	167.673198775043
208.381728169315	210.141950320197	161.889391861011
263.129666440899	254.922691092656	267.794936733584
356.505384618773	347.460052059531	421.79774264803
27.8942442420632	27.7962492131985	13.1622754098204
18.5798092835744	19.8831708630399	23.0011456958312
553.998457897443	585.844414857532	647.636873093121
70.0813186078507	66.2178790651069	92.7430577125022
302.916350236713	295.373480904914	229.854969258775
235.579582538323	236.578877948198	179.033331447147
22.5060845228783	24.1100406459421	15.911246759939
33.1126291214955	28.8031843219591	32.6532619955314
1331.60002643843	1311.62530049635	1189.95129221226
451.699488208922	628.949340320374	550.249842438823
295.373480904914	368.529171109371	292.249966767721
65.5917335838812	74.3621493430041	83.7704024024412
23.0388698507676	16.3015622307986	22.0563184411035
39.8244486286117	41.3619332524912	101.503308370436
294.000124208954	277.344909462979	304.181563183839
2918.86008445756	2515.85856014709	1838.2560000913
707.44776863084	746.99721724329	735.650010203689
890.592840385922	921.158788172452	968.729403740782
40.5212399082384	40.3903532467285	51.7420377228239
25.3152608882318	17.7359007562859	48.5098029736326
13617.0854025898	12927.2307055809	13611.1639030447
81.604855251954	108.556119278693	92.0349056115811
164.521134212872	163.564511879728	305.743525002059
143.194134801838	136.569870793568	154.236036066606
201.016007988764	187.508351036167	192.460453202922
197.792817860903	202.957467159672	156.25856908091
112.550792446818	115.199562135326	99.24092753737
123.669446021737	105.570582315389	106.950057615936
92.9086671511226	89.7648000829429	78.8468403877344
122.607846714922	109.841035353676	78.185890423674
72.0854224430796	79.6659345664627	49.747880083351
110.584408012912	99.3318742508377	137.249575204601
20.9750907792721	21.2164988079333	27.5215874503266
175.468117370175	175.468117370175	220.247228192692
60.9478095332295	59.3388875792577	50.9517796258537
306.532559471714	312.760677253391	362.122993392708
69.0017216057627	81.604855251954	40.8385015176928
271.919086806008	292.337189406862	319.814807956505
373.074475562573	356.505384618773	381.914551790466
44.5871560650491	47.7934443665863	25.7749125508147
77.4496733508705	51.9197292230051	72.3151528529946
141.074985892315	121.96142235267	168.630871984125
47.7934443665863	48.7458524627627	43.8904835509737
19.8695864146577	15.9038027163841	44.8720697213494
126.975046870858	129.400009544053	168.630871984125
1032.95863710144	1003.22373855347	1307.51884166282
75.0242532142333	75.0242532142333	61.5537276823573
402.737786436364	411.003834828353	450.377407348073
85.3651357307444	90.5291285371755	103.453751212315
579.577760708407	540.969352218347	495.219874263729
103.531848759092	94.8720102339394	84.9342971435581
1419.76720047099	1372.68347953371	1446.71445901566
236.578877948198	223.741131879095	222.692434494637
90.5291285371755	101.635897026238	103.820344509767
460.935286717704	458.930128406075	357.41310657723
101540.763128127	98773.1691092086	98546.9328161269
2529.77212839802	2367.81986062917	2512.31663499076
32.1544702431097	25.241653058476	27.871182464884
163.564511879728	115.596234124482	120.159203004959
398.438766642924	415.932802971758	414.561256935886
34.1391068643454	45.5688610009761	26.3419897389708
52.9658427907526	56.4364491373237	34.1180407280008
160.166277314367	229.441720828927	121.196447809327
329.477526609746	343.235177328541	346.520579974415
148.85849615269	171.976531399118	130.762273996168
336.001465712053	361.140358878059	333.358145645468
111.85217517786	138.723591518318	84.5242883050883
50.8563453405389	50.8563453405389	44.3542274602245
12.8149321013232	25.241653058476	16.8716249320524
205.995476582054	271.586911901027	126.723159259294
222.239065097957	271.586911901027	293.815210879291
726.373578796465	762.113143335901	661.952754788088
240.89956909299	231.54243357208	160.298908048397
98773.1691092086	101540.763128127	101540.763128127
223.741131879095	244.965836578007	96.1125845199856
503.031196714632	553.998457897443	446.838474648802
4466.101262855	4111.66203925849	3811.35918348214
244.310603492687	244.310603492687	147.218329990572
252.072339757285	261.693463703905	257.211064935758
18.8455584874386	30.6936095223287	13.4110667294329
260.082064391695	208.381728169315	230.387379423004
104.854524526135	140.105204618486	44.8720697213494
230.728732771328	240.456172707189	141.784587002332
136.396682301443	113.91537387468	139.519095813672
150.770699562434	130.636146571274	179.89310240908
91.7164528062901	75.9763585488526	86.1553075949852
278.695949788065	230.728732771328	262.155760722251
216.881287547779	178.914264172464	286.636920039459
56.1771447410224	38.461404820132	53.8122577889483
40.2594665852185	37.7610920194283	52.7621573322196
6078.19163537582	6078.19163537582	5599.73494464673
83.9858305022303	125.748623443519	97.8897664703775
244.965836578007	249.102639643824	228.991219023354
12.1275916943022	46.7870253542157	47.4248672383387
19.1919641383209	26.2540806743327	19.8288071155357
45.7562545274727	46.0656619909271	34.1180407280008
80.5871978362257	100.882405396925	85.2786642399112
1645.88836921633	1783.15184666605	1737.35968921016
220.07073482319	224.87881034604	189.022577463801
896.689116441361	941.991103937164	706.7722114589
27.4705644600122	27.2206937560756	23.8841793686691
316.277738433563	326.803684009554	244.829446858531
107.450896289121	116.445281092991	76.616334829748
12927.2307055809	13617.0854025898	11486.3983260508
1081.01126564815	1092.16355276559	924.297988253645
121.286951878189	141.762050627631	74.2105556924497
70.0813186078507	84.4228245184038	51.1001876286774
53.9934239285586	65.3216537441364	56.3158855768117
11.3229395674145	12.6272890674074	7.26546487490352
564.708634011487	576.811043533507	403.994509012701
49.3265013020837	50.3538773023324	59.3977151431949
181.864331296307	214.705130878549	166.722898872072
64.4952703966624	67.870651335163	58.676102996842
33.6413242181357	39.1306759246727	22.7081704468669
114.258088419211	136.569870793568	122.934868653918
240.456172707189	273.122080004301	226.974717128697
146.029014858605	139.517694666463	64.7182192227423
59.136698123287	78.9771372001709	83.0430850334659
44.8720697213494	72.8661934388959	36.9839046202393
560.898302893887	522.777350420004	380.399470254893
36.6418277692466	32.7768438391317	59.6912339886376
55.2478173588701	49.7530672225845	61.1144533524528
98.8390699662336	97.4609533647727	75.1951963036392
37.953529436989	36.7632186178706	47.4248672383387
40.8218270445713	44.8720697213494	31.9020692136309
73.8953477494467	76.4587970947095	56.6898261795691
59.0888618003962	76.6882114213593	20.2836992670336
126.518316804753	148.511395333457	140.114916305062
78.0983111045577	89.7648000829429	54.9968205145208
179.870908138014	191.990801797046	111.775377398549
42.4306138331222	42.6175912813977	44.3542274602245
42.0264307301123	44.5871560650491	37.3753040894772
1541.42641926343	1596.47345882702	1615.99325332974
77.8625280796017	87.6829415914114	53.3651285636006
395.427612559599	320.230434830904	231.956835693126
15.0941389605206	15.5073699400584	21.4431060395527
740.024579962044	831.755867406338	606.389193831008
155.085354478176	145.415189090532	207.315227187809
103.057151496503	119.055663951812	130.762273996168
88.9691593737075	85.3078432453488	99.6752835499918
68.5863292293491	69.4214875098282	91.2860442779799
182.791093388399	168.505169478171	225.480088300173
20.5471548843309	23.4582821417136	8.08720928834046
16.3366608219831	21.6892322553645	39.7363069893126
24.4541713563666	22.3522607846833	25.7749125508147
345.842586573087	313.745429215286	392.290901059404
23.8357544113591	22.3522607846833	24.8782751400543
89.5091445226042	85.0649891329905	125.824835138825
405.329081660138	411.003834828353	441.772250743281
374.434962897492	336.001465712053	472.494652042579
1193.96865905714	1141.75716615133	1267.34858368885
19703.5846765198	19703.5846765198	19668.7549238788
21.6892322553645	20.8456570871112	24.1217415475407
40.8625803897179	37.953529436989	19.8288071155357
39.6787961324649	42.0264307301123	25.3830982187398
78.9771372001709	73.2740354455394	70.9705444616416
2300.15806699936	2262.61813538189	2029.53605971087
150.943255745776	167.579138393001	144.364787271647
24.1390439445854	28.0558685964928	32.2604100850219
70.4141398103508	55.8123026884457	65.6080917248069
4.71642550813753	7.25977711181571	7.59569902904221
11495.1260734342	11495.1260734342	12910.8403807495
941.991103937164	880.460429286355	993.03168695717
2367.81986062917	2459.59024914089	1590.80696233878
605.771629278412	619.106928783736	744.782731583152
64.8680963043893	67.4394703393821	36.6058347734231
209.888368374567	218.756117542464	222.692434494637
19.1919641383209	26.2540806743327	23.0011456958312
105.570582315389	93.6940668747805	135.79664903981
21.3941340995284	19.7548792513328	41.556954735199
75.9763585488526	82.6721014706027	78.185890423674
925.486797751848	896.689116441361	982.745456841928
84.4915485367104	81.0022053128811	69.2983948970052
978.139306523003	984.342965623058	1098.97260837732
165.580377919119	154.550287845791	153.399072139748
81.1976730289243	78.0983111045577	39.7363069893126
379.949819421074	388.358479283435	373.691463381127
168.712645397089	164.763255102251	249.739673465035
76.4587970947095	69.2408819418781	97.8897664703775
1755.98549780714	1696.51430279811	1821.55232221594
33.3286601579648	31.3425787042045	32.6532619955314
331.538468788035	358.59943626551	434.676017244639
63.3351103547163	73.8953477494467	77.7212830798919
43.7479712695948	42.2436363848466	30.570500062928
82.6721014706027	63.3351103547163	109.758038587695
11.9280868834857	13.6590713600372	40.4955868715762
1840.04649863761	1823.13354615285	1875.56677252546
1696.51430279811	1618.95177243065	2124.40645926667
138.972642526573	148.85849615269	162.417484836128
261.693463703905	241.692840134578	218.215662257873
64.9741938543382	54.9827919899876	12.3797795644437
200.457092418538	205.995476582054	65.6080917248069
85.2505507599531	91.3805857208192	65.0097351735378
483.285597437927	463.628641255818	400.51139850328
880.460429286355	890.592840385922	841.069275472495
58.0844817559635	54.9827919899876	77.7212830798919
230.269875097331	218.908006299679	260.596144572844
1808.59044704888	1755.98549780714	1780.04267941468
426.859291964463	426.859291964463	456.671869105554
135.242342097763	122.959521077011	133.878929298299
204.37652725198	226.631432989005	163.647993943135
493.043562165658	503.031196714632	389.959098988112
383.055710931265	395.427612559599	236.697151969139
628.949340320374	630.643610832546	466.282710538283
5.18930816909617	2.96177209235064	10.4735250763801
202.620199157703	201.016007988764	148.522816390456
918.612234446749	971.126512296885	801.859446514133
94.1814830930825	95.4724160664371	100.680174464045
343.235177328541	374.434962897492	368.255058290878
762.113143335901	773.066867526361	714.493644917272
13.1437050577534	10.1931707772094	20.5831303560763
184.547713407979	181.864331296307	239.750353095124
39.0750544024886	39.4358129419212	48.9578505472137
251.23319773486	224.87881034604	255.992806362177
59.7717130876744	70.2088640819828	35.2913392513969
30.4983620755749	29.612639531328	44.8720697213494
121.640469862607	117.345599147555	155.121207693669
1311.62530049635	1278.20983430411	1370.98355598199
90.8364990812009	78.5371494132478	64.2610500376645
12.8149321013232	12.2453723330902	18.3416575385355
25.0871589568688	28.6355084234672	29.259622775497
35.8757663489435	39.1306759246727	36.6058347734231
407.059219657498	380.922902804478	378.794592532475
20.7799961320164	24.6383295644854	20.9317545130255
15.866097017508	18.9044272183424	18.0278468938583
1125.03488711761	1113.71370835766	1089.6108117945
91.3805857208192	92.9086671511226	148.92688683258
1092.16355276559	1049.21356736941	912.464979612619
141.762050627631	138.723591518318	122.934868653918
10.7858257708957	9.86563501340157	2.96177209235064
25.1680452287201	21.2164988079333	18.614025919265
156.879642359435	155.668177678854	196.880831517802
297.27642140045	300.558967716646	263.972497097827
207.064618299928	173.133347917809	202.679546746032
247.801278574796	235.579582538323	282.378012548348
32.5942144338958	34.0082159371907	50.6875165931388
1596.47345882702	1645.88836921633	1805.75180494608
468.497917970892	530.553559719337	491.249912345837
5633.12621656988	5633.12621656988	6066.73072330356
2163.10476095236	2032.00852761669	1754.45495706732
56.4364491373237	58.8305199492659	37.8332216380276
25.6192243114697	23.8357544113591	27.1450325544805
9.12446504706005	6.85247622285193	6.97058910162874
226.631432989005	210.141950320197	255.184577921468
109.841035353676	103.057151496503	70.3427778618623
219.436235028547	200.457092418538	136.389070660293
138.474540510063	126.518316804753	104.699132691032
166.629120257875	181.193854689734	203.2112332706
168.505169478171	162.311743280546	233.431136212775
137.253224454737	117.106949095237	139.519095813672
228.051288691048	247.801278574796	209.987769595029
1155.11382852391	1149.36911364104	1158.45874834841
61.7829253757735	65.5917335838812	69.0280492576788
20.9750907792721	18.0364878926187	12.3797795644437
128.927738770246	119.578667431663	174.350606977803
70.8902096579014	70.4141398103508	37.1963869425967
25.7686936331004	22.0118144625048	26.1195426081984
557.765056913218	488.972908840803	589.624887302157
189.196322930344	195.002603014544	219.575116957847
524.751814599593	521.176652944325	615.946191803332
273.122080004301	265.724990798577	270.439149379356
115.199562135326	109.601546376926	187.09277870431
662.967982127495	638.025663628274	701.99688181281
72.8661934388959	68.5863292293491	88.5070699242885
50.1857188800826	44.0735140299994	70.1641593020653
536.363113602708	557.765056913218	681.191838214397
125.92074614148	121.640469862607	109.758038587695
173.133347917809	166.629120257875	105.458922374003
69.4990821448069	70.0428265495203	70.9705444616416
62.372406265011	64.9211450793637	36.0569372829561
94.8720102339394	91.918815088925	82.6038427405193
39.4358129419212	35.6261123876969	46.089098156622
109.709631640379	103.531848759092	79.7836204711809
28.8031843219591	30.4983620755749	29.8749947018578
121.482702555541	122.607846714922	93.5311441853236
12.3631529718782	10.4585421345143	8.98092069865704
26.2540806743327	31.7260320336487	4.71777853434914
475.792218535145	444.553436264759	515.255391074546
265.724990798577	270.031355571012	229.509958803585
962.02010533647	1032.95863710144	920.452019327264
569.679918180816	560.898302893887	499.139579549967
90.0204556432816	81.1976730289243	69.2983948970052
32.4880375831847	32.1544702431097	17.3536441192398
5.84307480846007	5.18930816909617	7.82714232028175
2858.61839102372	2784.01026211935	3545.33097229457
1049.21356736941	1073.60512944835	956.690499813907
69.2028476023675	66.9655844087322	94.0817684733155
24.7794594869998	19.8831708630399	18.9940467500659
23.2975300479432	24.9180194498586	27.1450325544805
41.0942515699922	34.5925360826146	37.8332216380276
13.6590713600372	12.2453723330902	10.2045601058491
411.526836091068	398.438766642924	430.738325748078
8.40365235699514	10.8012825082382	19.2277228137774
34.0082159371907	33.3286601579648	58.3049266999777
971.126512296885	962.02010533647	1138.16869425568
1074.59707337964	1125.03488711761	691.575643771301
996.000194437922	1109.1804710651	877.395925782278
17.1228291045512	18.0364878926187	31.3999680773515
46.0909426696628	41.8287826237678	70.0541153506043
178.914264172464	165.580377919119	234.628276313002
26.0776414468883	29.9148355103513	35.713973438436
1141.75716615133	1081.01126564815	1073.86695155897
153.848265623296	158.158606376345	154.581672297762
26.5688070303692	25.7958625298648	40.4955868715762
380.922902804478	377.813566523903	432.703947699107
79.3851753603263	59.5860533839559	62.1270000579035
2631.73963983418	2918.86008445756	2915.92987333202
187.508351036167	179.95806429237	184.800802250902
76.6882114213593	62.372406265011	69.0280492576788
1288.84423125322	1336.40003193166	1692.37159295203
1003.22373855347	1074.59707337964	1079.52471465029
444.553436264759	475.792218535145	522.113255616074
48.7458524627627	49.1441059873258	73.1392550399104
22.3522607846833	16.9819047734303	31.9020692136309
30.9021797344945	24.1100406459421	33.2920368706663
23.6190342354839	18.5798092835744	21.0968046414937
2079.91319205334	2163.10476095236	2297.47280722701
125.748623443519	121.384827216865	129.38041604986
30.3581571462441	29.9148355103513	27.1450325544805
90.9486610898084	94.1814830930825	127.530546474597
1372.68347953371	1541.42641926343	1486.35738702886
496.914407347722	468.497917970892	507.06314998926
47.4441388059504	63.9167543862753	43.0123717938384
255.774127805863	256.478534768367	279.479841688678
234.280826578363	266.691063333058	340.785657891871
2217.68594255823	2217.68594255823	2075.66413741089
600.103044255953	610.339646445233	541.322497659239
228.843050178556	252.072339757285	181.28305973181
2262.61813538189	2124.76594739961	2625.90458910822
1488.62124506881	1331.60002643843	1415.98261302239
652.791016190754	684.458082893786	578.53282031617
1261.62143481883	1193.96865905714	1107.34612842965
869.856033497492	804.878753563816	1001.40493488489
199.382692215188	188.697562843635	204.515793872371
173.701603654498	174.200033337272	173.75936160057
41.8287826237678	43.2043913871744	51.3574077279486
258.816610508122	255.774127805863	221.174913532121
434.116007394628	430.725543348504	396.870726462194
77.6873191092429	77.8625280796017	91.6438978278836
30.0079750593043	30.9021797344945	30.3990753230445
544.572982337819	516.938441127334	563.225930057285
158.158606376345	153.848265623296	135.221539387013
1113.71370835766	1204.57142627623	1281.56446166788
58.4878613786491	51.1001131272372	42.0110203985018
37.7610920194283	32.5411260085402	38.4056891111186
292.64667481173	289.590997194658	215.156551074598
101.949102204089	103.875975942917	125.824835138825
289.590997194658	294.000124208954	303.145581490175
1823.13354615285	1742.93857125669	1552.56337823579
285.022634514384	278.695949788065	244.829446858531
31.9424788037587	33.1126291214955	24.1217415475407
122.959521077011	134.012425983526	115.554807722181
152.846714602562	145.415189090532	200.552243996302
125.115397486894	130.636146571274	102.935789666331
191.990801797046	205.143041957912	198.054385172409
93.6940668747805	90.8925800855047	90.4134218274056
100.882405396925	107.787431807157	124.341944729733
29.5598832732064	31.3425787042045	25.7749125508147
32.7768438391317	26.7650214554857	46.089098156622
10400.5867094262	10400.5867094262	10381.9544001913
695.157384083858	652.791016190754	406.173111784744
225.118669948604	229.992078946803	211.430260362322
16.2664636396142	15.5073699400584	28.3299205744394
359.576005716397	345.842586573087	277.810718788223
320.230434830904	297.27642140045	296.073131416148
934.262191281026	934.262191281026	1055.32193350859
62.6589305273014	56.1771447410224	67.2584581169451
49.7530672225845	45.7562545274727	63.057480010699
134.123796342779	131.897343190554	181.990286087078
1204.57142627623	1268.6818881877	1335.57599665385
499.859227492531	493.043562165658	583.495540197917
38.6946100931883	36.3864053927937	85.2786642399112
17.7359007562859	17.3042409997508	9.8787551870591
37.2104558950486	39.6787961324649	15.5975108332246
26.5688070303692	27.119571041133	9.67555990115964
79.9466937725992	77.6873191092429	54.3726934928963
87.6829415914114	89.1725468840466	113.124746393146
266.691063333058	237.011723710699	165.347168982863
19.1919641383209	20.8456570871112	25.9592262989202
35.347486985944	34.1391068643454	46.089098156622
60.1400521415991	59.1127799618416	76.616334829748
13.4033185796501	14.4949070571274	18.8610546912817
1340.11077514501	1362.07413522433	1281.56446166788
31.435869801483	27.5696340995393	30.570500062928
304.390728853243	305.255857864564	298.492701079842
20.2366060200968	14.0748915279804	15.3013298223132
1918.12200099985	1849.71618305332	1914.26201608745
1223.99710701134	1261.62143481883	1536.00156274636
540.969352218347	524.751814599593	534.002722611467
458.930128406075	438.697867952972	385.536405138932
101.635897026238	102.140597280678	85.5903034536782
1662.8427425376	1808.59044704888	2213.46937058868
660.011132501472	706.421215450001	606.389193831008
85.6655025977878	84.4228245184038	90.8675482209227
530.553559719337	600.103044255953	571.924912007211
7.17127436923757	7.59108931168107	NA
57.4901145529318	59.5860533839559	68.4868755290056
78.5371494132478	68.3199762157855	59.3977151431949
111.220626380938	102.140597280678	156.93568130775
231.54243357208	239.47726812617	206.195845058508
237.011723710699	233.125313804927	241.523177730119
292.027704001993	285.022634514384	313.142462348775
705.394662269162	695.157384083858	780.636865886398
831.755867406338	783.977030111238	939.912369202752
410.480833565637	430.725543348504	528.179741258326
84.4915485367104	84.4228245184038	111.141440403802
348.37696915773	350.763531032555	327.878576385311
312.760677253391	306.532559471714	372.019392799654
109.493461113474	109.064923014072	132.413008320251
610.339646445233	591.863891483484	487.812284676395
270.031355571012	263.129666440899	314.734442686802
1618.95177243065	1878.44362667976	2363.17355720394
388.358479283435	379.949819421074	460.011594333806
18.0136521340798	24.9180194498586	24.8782751400543
107.450896289121	120.214708757265	126.723159259294
9470.30212691482	9470.30212691482	9392.65725157189
66.9655844087322	71.1466207438119	79.2655075165039
7.59108931168107	7.8212459142124	5.19304932296949
24.6383295644854	20.3918804522139	11.9395034677956
1878.44362667976	1488.62124506881	1112.71496938333
9.66821673189027	7.08277162665944	34.7252165871782
103.875975942917	107.114360771084	80.4030185561271
180.045220446726	168.712645397089	195.272936075722
794.828774384157	844.960882088374	791.537544361469
488.972908840803	451.699488208922	410.997100906515
113.91537387468	114.258088419211	141.083832219379
304.390728853243	302.916350236713	248.186660178929
119.578667431663	127.558071229737	164.564778321687
65.7431818025175	70.0428265495203	81.786703650039
619.106928783736	573.320871045433	597.061983575986
129.400009544053	135.242342097763	102.266890886268
14.4949070571274	13.4553950863628	15.911246759939
24.9180194498586	20.3918804522139	27.871182464884
152.389649916762	144.355213235445	89.4306532277761
85.9936010927081	85.6655025977878	67.7071850062904
419.897558645287	405.329081660138	456.671869105554
59.4437867302579	52.5483174666629	42.0110203985018
67.870651335163	59.5860533839559	69.5209507329197
1155.11382852391	918.612234446749	887.693724191482
674.783909034069	662.967982127495	769.682025716433
300.558967716646	303.525599841922	271.478087790525
148.511395333457	147.17827929411	144.831220369832
415.932802971758	407.059219657498	359.025550260532
130.771991055097	125.92074614148	110.489758275184
30.6412907883137	35.8757663489435	43.0123717938384
1100.96120502548	1057.28492451741	1025.55681686203
254.922691092656	260.082064391695	251.486500977681
1220.27223131212	1220.27223131212	1122.57305711545
96.2686398191603	106.020571195385	45.5508024669072
50.5220357245823	46.1162233483984	13.6923845637637
431.195801101227	423.660245948168	556.277816100122
140.105204618486	128.927738770246	114.048488322234
339.059045410901	316.277738433563	351.749555781543
921.158788172452	869.856033497492	976.313371545674
108.802408104331	98.8390699662336	134.119016499035
1174.19302930666	1223.99710701134	1147.75742804952
61.2361363392618	58.0844817559635	96.8400029581645
10.8167392455807	13.002575135239	18.0278468938583
218.908006299679	222.861057655914	230.939433550922
205.143041957912	212.943650728435	175.887176709509
144.801363322458	139.517694666463	152.411228077894
132.991273162202	143.194134801838	130.762273996168
69.4990821448069	69.5766767797857	86.1553075949852
26.9819240135689	28.0558685964928	14.5463432720109
210.395532265826	189.196322930344	235.849778292924
456.589841895972	456.589841895972	462.395632025208
157.679055111935	152.389649916762	121.548946768164
9.86563501340157	8.0788451543672	6.97058910162874
60.573233193982	62.6589305273014	26.3419897389708
1109.1804710651	1100.96120502548	1073.86695155897
1362.07413522433	1354.31834498779	1328.9900595663
746.99721724329	717.90438757822	823.758099624872
2.96177209235064	4.71642550813753	5.85173919828318
516.938441127334	483.285597437927	484.985458180999
171.976531399118	164.763255102251	180.194756521281
130.978337296029	130.978337296029	117.041634228063
115.596234124482	108.556119278693	150.984821046785
585.844414857532	569.679918180816	575.482880612437
147.17827929411	150.770699562434	218.215662257873
573.320871045433	564.708634011487	723.635328130766
37.2104558950486	35.347486985944	43.0123717938384
19.7548792513328	23.0388698507676	13.0122664603902
1278.20983430411	1160.85854340677	1223.27238155341
448.882004910953	448.882004910953	519.40618391634
41.3619332524912	43.7479712695948	48.0310961205644
280.95084871205	280.95084871205	213.304010759145
1783.15184666605	1662.8427425376	1351.96057946309
