k4_temp26_1	k4_temp26_2	k4_temp26_3
5.04572033671449	4.93483528852494	5.00332958050091
9.16252927575638	8.8801303979644	9.11677057741018
8.44545755061757	9.02719848834645	8.70679687235159
9.68808314822508	9.65186966108621	9.59410045258456
4.91349702971829	5.01721299290945	4.99083623490039
9.82094356116926	9.91788203286378	9.8892677472901
9.23353068607576	9.06325151457557	9.0890546339235
5.19701882557681	5.25635457925719	5.02191379396982
8.85239651899602	8.70291924018647	8.83645354861624
5.08158268308131	5.29139828760545	4.96147352116667
5.07926818011995	4.94935065111624	5.40153871852731
4.98049162468904	4.64395572991875	4.87596482491315
8.79590164491821	8.88063045206301	8.98560905000736
7.20214755622456	7.63061923421577	7.11867785779268
9.90193697432021	9.80294238854626	9.68683116708956
5.32089801528976	5.23755201224155	5.36387410725246
5.40405378444814	5.65651937000954	5.61621155950766
6.91587568145981	7.2979819863735	7.27109323584583
9.29765684128651	9.59710778738299	9.57588791813624
5.30631529118746	5.3136007068173	5.40111633165768
7.68628340739424	7.96569260463223	7.76056702139235
5.10780552877476	5.05699655973184	4.98243213125408
4.96598041670971	4.94421281741847	5.17862056453654
5.77443476257611	4.98674565522119	5.12732815449338
8.70727048311936	7.80985688744982	8.17757432127491
6.00036005914479	6.17092994628626	6.16783600221784
5.64206581508493	5.71483854487061	5.45585533634865
5.26569031180271	4.86037665810735	4.69336758114182
4.86400869831714	4.67671492633633	4.65531676451725
8.97235145996199	8.89017457630749	8.85519639358313
8.25295808909409	8.24383114328877	8.14422925098682
9.17942596621037	8.98380888652238	8.90074992043769
9.58901073969495	9.38322404427664	9.2368112542533
6.46680833253865	6.31070190924441	6.24081057138705
5.20890532989358	5.46025837659747	5.14752821322482
9.15530657849906	9.59913242889615	9.48688555711076
4.8009498256793	5.29140101342329	5.242285240376
4.96709154236692	5.24356651989391	4.83282674903986
7.88231794529317	8.3033922824919	8.13073923948715
8.11741726490507	8.32099999777923	8.34544053613599
4.98133209334591	4.92398346036959	4.88014772581425
5.01890928194146	4.98342768461314	5.14849380944101
6.58900923584273	6.4949155111983	6.57364206208479
4.99537408008225	5.43819277664178	5.38037407338962
9.24181668892768	8.93612692108787	9.14810718471308
5.05486665917431	5.14852911979488	5.01826801786461
5.00203128089762	4.75485312747033	4.82610283048652
4.9844949962914	5.23319845184998	5.40427665534977
5.77689217477496	5.77148668785434	5.81277107019861
9.18424126664803	9.55898055607466	9.37894040385436
4.19028621889639	4.49764976817588	4.02565853739703
8.81251957687623	9.18701612306173	9.0739079565042
8.43796536950065	8.55142536755056	8.51708922200021
5.27391598062546	5.48023655057288	5.31992547812724
8.74696785192206	8.13598890511746	8.1739047343077
5.03522153444315	4.84353062788391	4.91745840753408
6.21714972443633	5.44323220304673	5.83477929892214
4.95615540468355	4.91694851209553	4.96618257341537
5.35659700020921	5.02873495253358	5.30508816221961
9.06156317529119	9.01213935283333	8.94967206835146
9.5883187809254	9.23942189494054	9.1609340131647
4.77804857180139	4.41175407423376	4.88207874168697
9.12779401327034	9.10254093117507	9.24901085847209
5.20440244124672	5.06864950363613	5.17350560049872
6.11526603010587	5.86267586671534	5.79144875404171
8.48472682605497	8.68528820575216	8.43187035141286
5.15471972793244	5.60011101322082	5.36669107807226
9.15328690944359	9.58814796311402	9.37328905056765
9.66084616243032	10.0900965813593	10.1112294318604
9.40558551840487	9.53438957814701	9.49523682110657
8.92085157104524	9.40380620783917	9.19881444514613
4.76036037850225	4.76392724545663	4.51546896762044
9.58920436613167	9.62010404797506	9.45053360626189
2.70539717844247	3.06264751045643	3.07021085149273
5.44702453357421	5.6876714249525	5.38128973511781
7.86013726288864	7.84322251628189	7.58225592224865
5.29885439989697	4.50217475823009	5.22802587259336
6.22678040429879	5.63402280362119	5.78272415983317
9.43459828052635	9.35778246571637	9.51924121617076
5.54099585284417	5.76996925252415	5.5561572695989
8.51348016635655	7.94880580954743	7.92930741398692
9.72969043102078	9.90380878053114	9.9019757526375
9.02444940503067	9.00714250784836	9.20741178264871
5.02837917493865	5.60402935475208	5.0702424684066
5.35694672972951	5.8075228347996	5.54591088996491
9.55923545329991	9.76241076169697	9.7433243757887
5.01154799430769	4.83565839004364	4.9777516437
8.9749359587664	9.33128456653107	9.36262044882866
5.94028062634665	5.81817671475546	5.8429410432135
9.83416224828664	9.6824359119396	9.84972728149666
10.195592209949	9.78426434839959	9.69282706037911
6.10147636417613	6.1770015953197	5.98540954357954
5.18589367996534	5.35021904349975	5.12408513635391
8.07236819147487	7.74998449729015	7.69038368089786
9.68910543452261	9.74656551171257	9.59858064766688
4.45476647543863	4.40123729218794	4.53737457793156
8.01473921249837	7.52922823306083	7.56068032855566
6.02476589260755	6.37471811403748	5.99339503118929
8.49029234337375	9.17035583124695	9.03854726774293
4.56638753633139	5.01421974951056	4.67063512453064
5.59500306952695	4.81931384944712	4.99792536153266
9.34174770322668	9.20664745321339	9.03144987939159
7.94988284401889	8.463642092181	8.37269422057791
5.01659731973924	5.83887889506846	5.02771725585813
7.65036222304505	7.54947683757468	7.6948532937419
4.62633790927873	4.33521303647058	4.5705217557746
9.07057470556949	9.39967376932987	9.29100272661752
5.28753249496702	5.25425717713945	5.21862297647711
6.260006277879	6.44996385935232	6.31543087981581
9.64325571322521	9.24434874966125	9.51224616406295
8.11763206596918	8.01484069553303	7.87057070099287
9.33721398949031	9.58816305497078	9.43927349564822
4.53641813935201	4.50303724079363	4.69138467815261
8.20451588985686	8.17239338332442	8.2218055687749
9.0628983988867	8.75259378927091	8.9333545250735
9.70885591296947	9.58164657509727	9.81894434288369
5.09713280550866	5.38850890780513	5.40813918169142
9.54024312005512	9.92024079739245	9.82745856411449
4.77040187842949	5.12090571989741	4.8542511616698
5.37813786689466	5.5518065708406	5.35996061385306
5.5149046121165	5.67329438807734	5.6790153132878
8.71710911341241	8.98103512476546	8.88140276298774
9.44723436343017	9.32404564273839	9.14007908319352
5.42530909464083	5.35500861040944	5.2118510049465
5.34733717491859	5.32292275432478	5.15818695606807
4.83924925260924	4.72680249421852	4.92515601164458
4.89843019173041	5.12097689548385	5.18022254481169
8.59502160270779	8.93094607982861	8.90443292199262
10.3575691163305	10.3951110324295	10.3611686034426
4.72297957889541	4.53842592924935	4.76488080207672
9.82492282265562	9.59537854721321	9.84653012346983
9.49471640453372	9.74771764581899	9.78813518599807
9.48347028439034	9.12647755173803	9.16549298081418
9.65539690165367	9.56239003953052	9.81005045125871
9.33940905041866	9.88220836515517	9.80168802711363
5.18845592893363	5.24701541654594	4.8361220633353
4.32715238735195	4.66812470965592	4.64697386823098
9.11645391401471	9.42730302093058	9.44037708280781
8.88753821315887	8.94792824546087	8.96209745139036
8.4815444751648	8.85757667738947	9.00718447438454
8.92392299076436	9.32997477572999	9.22363396766218
8.420516589882	8.66293467947533	8.61088127177227
8.84228152663766	8.98684318744528	8.94866793239953
8.96713636573544	9.30573755296705	9.16117146497593
6.06508106992852	6.08863580427137	6.01982430691219
9.40496524218215	9.57895124156043	9.57733014278041
4.71431007633956	4.50112652913071	4.39212638908335
9.36487115123642	9.45824487386643	9.4351864014122
8.24644749944318	8.16365377453587	8.16893901333584
4.84535776072756	4.54184633760596	4.85960316407926
5.1132449259284	4.72001347536124	4.80061792920845
4.64880209930427	4.73204743638086	4.8722972323033
5.55700358521944	5.04269894354453	5.55410882037605
5.51962304932827	5.48177848715945	5.18399078037043
9.29174690546634	9.11322106791949	9.21553525453856
9.24290510771805	9.5729371973407	9.50336203808829
8.95924358229918	8.72811664694614	8.84207909238889
7.2466044204317	7.29286818049695	7.15305680499217
8.54466495700132	8.59359424098703	8.34903831363427
8.01352428264627	8.20152084066616	8.22206811511834
9.911956607464	9.74366421155031	9.8470662006383
8.66224385918112	8.13485190817739	8.35644618852595
8.66749307658318	8.67630236019589	8.48193272063267
6.60161510906862	6.42422849459675	6.60142888115405
8.48522718423987	8.58768376156533	8.68902676298915
8.56949621720659	8.89325880452942	8.59651366509271
5.56429267510725	5.52575363995641	5.19567224979154
6.53194172947006	6.57317663432979	6.35568325238697
8.21691859656579	8.1955960319977	8.08507531876631
5.58145988006598	5.67056262910496	5.40114055605029
5.38998450571359	5.57721385649986	5.31343714322957
7.81383829118902	8.27649365736994	8.02584249671094
4.96335564947896	4.63517555487679	4.95004533057718
10.1568326608572	10.0401620401446	10.2178582570481
8.82008814909507	9.30374338811511	9.27004012028801
6.95350525548099	7.23268274858161	7.25006808845545
9.07609819562443	8.65189412438628	8.69607765122714
9.61366559381893	9.68794790229353	9.69239786191893
4.4674947087556	4.52792009005256	4.35297486276483
8.56967839587089	8.96027253633283	8.95964928601689
9.14818331660951	9.01011284320232	9.07964883704079
4.13233550367709	3.73372643696515	3.10496314866381
9.32253532926532	9.03313743202754	8.8986310255925
8.71744518020371	8.76958707505078	9.01085449516804
9.052683365437	8.85076684352806	8.80349895679451
8.65011663260472	8.5447468255807	8.42973262025984
7.09704151044709	6.60530033248681	6.94331640407154
5.79865769602966	6.11004683993752	6.25801010486861
8.38389062063343	8.70157405991963	8.79634349765199
10.2900424164296	10.1307264598289	10.201434991314
5.50645206392662	5.62366211092587	5.64037086654661
5.33315075650567	5.30606855943206	5.27976253889217
6.09687561542697	6.21090993249798	6.338310403874
5.60939811429644	5.67932884162243	5.68045254589808
8.2919497901525	8.67554803726152	8.41277817487346
5.13544569755696	5.26685411802394	5.3616310784821
5.49396252059653	5.5269555056448	5.35196945414004
3.68717359339959	3.89877186320858	3.56350410574982
5.7494121282111	5.61406417841681	5.42958243644973
5.01003523327703	4.90976595011551	4.96687076981063
8.55494119167909	8.95906774754321	8.96450975902433
9.57382206346418	9.44137570269747	9.62045069637139
7.85329610227286	7.83616965538532	7.79459955822622
5.27785359698628	5.37713340579295	5.25042412558944
5.43692428544903	5.66477543443818	5.12132704969107
5.06131379375232	5.11267635746736	5.394693270353
9.47758263611799	9.19967860269948	9.32505362659863
5.88917211586609	5.69173001420205	5.63142934368764
8.36583478978143	8.21356617330373	8.22460634787341
9.10112077372149	8.92646809955514	8.97267539827237
5.57744079146643	5.47905847308391	5.32424592481036
5.47607553838231	5.31554346203067	4.9431502235878
5.27513109100162	5.50475074585342	5.51569132179122
8.89492280423978	9.1065587854229	9.14539782952343
8.71350339264814	8.90326478589942	8.82606092070361
9.43779098297635	9.39309109363376	9.29100916371066
8.49273326341219	8.23128899190176	8.09708408050091
8.74437041847225	8.21012048083779	8.50649880898117
4.55641692197959	4.49366163702392	4.74789686367961
7.92764430630133	8.3756468792263	8.28938375725891
6.40557668771189	6.68737213311066	6.78533203738051
9.4152357365257	9.27876956798405	9.02441499271993
7.28328762444009	7.53947959589812	7.44625158389026
8.85575020821154	9.42425618194576	9.26565556513759
8.56262351936473	9.13319731158897	8.92386854330186
8.54532954863652	8.90231184097393	8.93289089059335
6.01513226419792	6.21290823906742	6.27805821692477
9.48353751428567	9.47811559062777	9.60051223046714
9.81700561911313	9.94971969256203	9.91270131932763
7.05489330750998	7.30088725720351	7.34507477695918
5.17262419962085	5.1068969814846	5.36903164894188
6.57475235258494	6.89535337143218	6.1773447487659
10.8311805586029	11.0007254402823	10.9080868816519
5.10607154595356	4.98444997206651	5.12841166308247
5.56825668734094	5.05355794663049	5.26972396208824
9.3649638401242	9.22969414467996	9.18771187553414
9.01332540487523	9.41831043848521	9.19525142939126
5.14710744242718	5.21309715812121	5.20579824465668
5.81874334919762	5.93077281410717	5.86281716987086
5.65645866983879	5.58699821682583	5.78771570330161
4.88590886611133	5.15380148156201	4.6479323032911
9.75894235173425	10.069521403359	9.8843737343223
10.1819007056689	9.77045802436823	9.84643934075426
6.2229069749951	5.76925494842529	5.98717680123701
6.09154577076489	6.43167258274692	6.04924966790699
6.89763150208109	6.9649860801693	6.872619214971
8.63492552016901	9.14005401063588	8.98558468398007
8.61063615160845	9.19091414158227	9.04515698004004
8.96689108981843	9.54658772643168	9.30184771211558
4.78905338847927	5.13420261649674	4.80195802797842
9.10560605644157	9.13537506272128	9.01819753415064
5.70502989499581	6.06078326011945	5.82955718032546
8.8365641236482	9.35029056730122	9.12748843807406
9.28149979283052	9.39293123969026	9.40156996012066
9.20042774458132	9.08176079363353	9.04629787810656
5.48934282718772	4.76742587602446	5.15220652013018
8.24604293359226	9.00061298872315	8.7866608264988
8.70732920343959	9.14632736116633	8.82248233609169
4.91624304418361	4.89264793626164	5.00079738791333
9.54311172387273	9.31956159603915	9.16839738676206
5.28238465043973	5.20225297013001	5.22792502343547
5.56275556431258	5.76325413572342	5.71784736925545
9.83553205681575	9.71925637018835	9.74414097145261
8.96503797011211	9.1245676913856	9.47027037234486
9.03347938296492	9.29740084916301	9.1781670013723
6.7216259031023	6.80233488032851	6.97294778124704
5.14822792407778	5.12575087353519	5.24492795719858
8.1642568891937	8.52315987241705	8.48511632442459
9.89226634573802	9.57793755563446	9.66062204954938
9.1162328681112	9.17916282797089	9.29852205787413
9.55979744536516	9.70146603260772	9.57380972651045
5.65988284745494	5.53597832543453	5.46223941822797
4.74064216965011	4.79037270549276	4.54776315293589
9.15735805834368	9.29702357452632	9.32895968260244
4.7588923434921	4.82180133816608	4.88798507952492
9.81566732815565	9.56525705261513	9.61610077004009
9.89935508213144	9.82689290425362	9.92560001941864
8.13274880690989	8.62973962280232	8.60315971709714
9.47743138621669	9.63632369986582	9.62547614162564
6.20936100177651	6.61588315581321	6.54875728242168
8.90042320417554	9.34327886969397	9.30346730133102
9.00207860874007	9.08543965159084	9.13346914089814
5.27837364548291	5.47750922502001	5.12725210147211
9.28220839620538	9.16206795987281	9.07543294097395
8.01191659702983	8.14944926656939	8.10368765915982
13.3063714134609	13.4309114345601	13.2894916270552
11.9477639147238	12.3203535275889	12.2946399910947
5.33881220545422	5.39276999274824	5.46424568859791
6.03766516034911	5.65123329253971	5.74477057293789
9.91930204176147	9.94968764679308	9.82377227365635
9.1267205487133	8.48880123872545	8.85140799087342
10.0742165510152	9.84704078794628	9.93311569279838
9.13938652229787	9.01196280110747	8.99899718239145
9.39640335938648	9.50991117910877	9.59868311439079
5.25796526156567	5.04308754547614	5.36934299299808
7.03239469418041	7.12427058681795	6.99614154622056
9.65384476017195	9.57111757668613	9.52084153636282
9.44007440703442	9.10959966211791	9.26597962826919
4.68925509832509	4.66774869792799	4.85914847033358
8.74640375586421	9.16278496191193	9.1723809024442
8.63039009914417	9.00965551989086	8.89057969748393
9.89183405231176	9.59213228589996	9.51524430285098
6.93413741063626	7.27020233517786	7.1778819929316
5.43694878966755	5.39886659753903	5.38613964146311
9.90918134791554	10.0337916703098	9.96040829171505
9.12887848598513	8.98205754205674	9.13215219891123
5.26567840437703	5.19427839118297	5.15515129819429
9.7333680108102	9.38602468176013	9.54862650575379
9.74525632526099	9.71973445007248	9.71510817097688
8.92049729032419	9.08203386303433	8.95249422548149
10.0697898780629	9.862154827673	9.9322558530292
7.55870143310077	8.10736998102251	7.72088625224473
5.10393831158684	5.20719413161727	5.2944181243482
7.97583458291051	7.35434143690641	7.57908428482899
7.93189471811413	7.90726705199827	7.55868637443261
9.53552675697981	9.69301329749136	9.74802656172888
6.94183263010645	7.03674224028827	7.02812879086409
8.73698344036278	8.40711815480292	8.25214121203227
4.85366830815457	4.56227629635382	4.84713345073269
8.84324515760292	8.44916149568588	8.5157260466981
9.75312394817222	9.73734640418769	9.80997747293022
5.12859861924861	5.0716411369635	4.97100022147168
9.37256704456007	9.31512940936357	9.18324031294716
9.41006801857539	9.21760508646627	9.11242265199
5.4647786787346	5.61792427763027	5.62428990240936
9.34389030062595	9.3143400705255	9.27469941165959
9.82098747227889	9.42926646054938	9.43929292382795
5.28380972313702	5.44523945727171	5.1905032765758
9.19740025827144	9.59472693293147	9.54681346150853
7.42956077863189	6.65617130672585	7.04138722528781
9.07951128189186	8.90437643311264	8.78355649316283
10.0200801534741	10.0267399899676	10.0161644290588
5.21613532064644	5.48019775172951	5.3750285875968
6.81721012627739	6.18049532924529	6.37308741182607
5.97866589611806	6.09543316756003	6.05987541391379
4.55818778025858	4.4925748613602	4.67712610782745
5.20747574670275	5.34339353121448	5.04637217492832
7.3916833449124	7.69915770332936	7.51393868023924
9.45082182368015	9.69525391690568	9.64857417388269
8.0382314140598	7.25336317342939	7.2493844032289
8.87261169852729	8.89570984914148	9.02272603675212
8.27337300955878	7.85441996223613	8.14581664880494
9.06647663705887	8.61383166853444	8.80633661960592
8.70529862782823	9.03596924436476	8.8123761369607
6.34970703549924	6.81300397458113	6.60760009644093
9.14077069226591	9.05030477589352	9.17364416934955
9.33568632532038	9.06603068017948	8.95284961696399
9.95692620758537	9.95268000970617	9.84602111433537
9.58778344237633	10.0558172415525	9.84706232320051
9.68509850208061	9.85845770523055	9.83570042440537
9.7538908321507	9.58899180471194	9.63552901052555
9.54384769556417	9.01094593374145	9.2948090327944
9.2578789038146	9.08758260240742	9.11511926033185
9.59294050276873	9.44818167021732	9.52421445789981
8.50574393588631	8.85134827021083	8.79704393500245
5.30310262934158	5.66761131760904	5.45902836946037
8.68761920138173	9.21551446150605	9.03566718090223
5.11451565427365	5.17219731172634	5.17370494441624
5.07534066559589	5.40697286969762	5.11242569941463
9.08217728254915	9.15290321382126	8.94240967635348
9.94250944531997	10.0014371431463	10.0538982502181
8.69273202148523	9.07454247029689	9.03067859675595
8.07283337634146	8.2494098989895	8.24829480062145
6.7316170555747	7.00940535421375	6.90458334982244
6.63667001407477	7.0990448068659	6.6636716770982
9.20716198484483	9.62242986901132	9.54138161469847
4.95777567440386	5.1036356752003	5.36587349265767
8.42067149427741	7.89934393222253	8.20148907523211
4.57007117573115	5.14462999568586	4.81222414200167
7.99046347429887	8.15569271655257	8.07781696840799
9.14802561868096	9.70597219295169	9.71461552105767
9.13700615453005	9.73670327729496	9.57962160511099
9.68697988255328	9.68226914363203	9.59632590651809
7.39550425433031	7.85873413821043	7.64003055319023
9.1231208183164	9.21952053357908	9.20670157375932
9.37342218296351	9.13179572667432	9.11840378285392
5.73980573179033	5.6341145381725	5.44736233928368
9.1223694250232	9.30648448555821	9.35639057766905
8.82094215111617	9.09814198113446	9.15067327067316
5.19254120241258	5.23380844266345	5.23714103316698
9.02906271620885	9.00980850437325	8.85206249132278
4.9557689762938	4.93287054646785	4.96641152788767
4.63636709313522	4.95591594754873	4.75614084470659
5.63483880975076	5.53654436797741	5.52956807451504
5.20055722481054	5.5031033359178	5.47242924890275
8.77887253854534	9.13470063578296	9.05852600749591
8.95284512104204	9.23944083044062	9.12081603442327
6.65052900257126	6.53596334788225	6.2368644526066
8.83822936860552	8.53011614922667	8.84025746131396
10.0062464590262	9.8883122809211	9.94329424888758
5.46180936421735	5.2273862895407	5.41995609988036
5.57551746108809	5.29838404574594	5.36839219672719
5.62886749739362	5.42578941263545	5.47744071221634
4.96554004057865	4.96262543442101	4.85479998956265
9.54693501024542	8.96052636210011	9.19218637824203
10.0569396935463	9.90424957665282	9.97652305836439
5.70362135240291	5.83543850231444	5.69149742691956
5.36038016823644	5.08780262924636	5.33441582378038
9.37200676016719	9.09814134103753	9.16969892622904
7.88748962679956	7.87291893809568	7.77177122791589
9.43082503876726	9.72686800038188	9.71155311954715
6.08872310088845	6.29854711673166	6.32014718931257
5.93332149252291	5.95607853857176	5.85824536470474
5.02120499609723	4.56495304751767	4.84969617298581
6.08452368115631	6.15760870428628	6.50127657761211
9.00097024724199	8.94422273924796	8.99503588591978
8.48540201095769	8.88834011473995	8.59994421883169
8.84541685286141	8.95017347965724	8.95260224771387
9.95726222422617	10.0580346008755	10.120111846174
4.57190934046406	4.3479989465321	4.68954113841431
6.07945646408045	6.10639674060381	5.97169071846962
4.74984766104618	4.82165683032985	4.88784672768533
5.76190270909892	5.34258821109911	5.72916841802946
4.2900897178055	4.55178531378977	4.74468635133462
4.72052245085722	4.63449621033636	5.14947640660144
9.05297226762571	9.61215388518674	9.5759784033739
9.5675807687882	9.5398688296648	9.43998984735288
4.62205906442701	4.51923677974764	4.96716088582006
7.56943160679824	7.40954713696536	7.26988242956611
8.71941819951045	8.24640767335136	8.34326209465323
7.98241509868545	7.16887295373493	7.48350113493276
9.73389349065578	9.81262372475728	9.91965540613056
9.78100105139702	9.96956904719515	10.0553503130875
8.53966240964763	8.8571956235248	8.78147555198609
5.49132796193034	5.49669518275515	5.50193921016708
9.24104630927861	9.06618763113371	9.20576747067905
7.3451926057165	6.99829531567343	7.08849689029447
6.34949583664521	5.6753966152533	5.85358346494265
7.58633454881055	7.25649155962087	7.29431490258959
8.60697059752549	8.89198621730618	8.62231457149135
9.32902384626052	9.31820488431505	9.29600416171846
9.91805523056305	9.74813811051412	9.79607248362265
5.65461648555768	5.65450142002816	5.58829305685262
8.89063163587559	9.13743070656487	9.14558488863648
9.65110276818904	9.31342243220911	9.4261672676896
6.40224596302972	6.63738618017759	6.48774435761129
9.58724036967877	9.68020624154136	9.4917540304443
7.27668261723711	7.42940387382977	7.13185326516897
9.22766243998752	9.11352224174584	9.10303508737679
8.8404975208535	8.89981112947684	8.65046597497383
6.33815090417485	6.31029303582484	6.32426213751688
5.81334433376114	5.30873686690469	4.98433265890157
9.89774968043196	9.86270787013284	9.78247698754436
8.74245814851208	8.69675964668911	8.78935583148465
8.34424035624859	8.16965484519444	7.93850711681795
8.05364665832293	8.21007093082159	7.96275461800608
8.9964712691554	8.49978570137472	8.72375831107656
9.89262456276053	10.1198057135286	10.1245813346566
9.22302894579896	8.99751151251568	9.14693943212659
7.18689250331344	6.62693129157579	6.69566637532665
9.91319972487974	9.66435366500252	9.68930136085083
9.32101663410022	9.37197191446877	9.22980829907926
8.8314217040886	8.2239961648907	8.58282465269447
5.78361895653544	5.46879586228537	5.59541368030822
6.0919171207072	6.02273839187867	6.11188781829139
10.0256054932964	10.0643948465249	10.1967637363442
10.0992974998478	9.93844635479561	9.84364697235544
5.90283895675776	5.75522033773699	5.85484247872128
9.76953484868228	9.65834022673987	9.9166092065918
6.74187754096356	6.34115457991807	6.85510741443581
6.28808410377843	6.20134727090155	6.20486838398087
9.21761393431801	9.25691490665916	9.38807527228002
6.2518682136858	6.09715887080198	6.33412835019547
8.26200298680383	7.72319657765859	8.10073754642911
7.19693401795073	7.12169847008879	7.36664512008882
9.51673994044574	9.2078459360172	9.46331579824483
6.61428014390541	6.30250383819673	6.56273691545721
9.32155706254387	9.08193746487342	9.3286667427281
7.92690480126164	8.07982661843397	8.22424308261763
7.32827141687393	6.96692829760523	7.52185499877543
9.04645980337724	9.27707644763631	9.39340851605695
5.23327897172451	5.48309016335482	5.17990548796283
6.97360863434336	6.97343497369777	7.23987619791908
6.25201929858312	5.93323556512511	6.04989538328018
7.80414461478622	7.33689388330958	7.50564875460389
7.40549373327075	7.04603501805561	7.57225403250287
5.27352786435766	5.29629409938341	5.52098082612632
5.61380987724461	5.35671044739617	5.57548357810099
5.53522075069627	5.41044716191951	5.71241137354612
5.22737449149662	5.21752837538803	5.42529280475249
6.53255624130573	6.36645371591211	6.53302503207174
9.00471291252367	9.10123241022635	9.23096889831447
8.9882573570876	9.0559978053509	9.10701346145956
5.22624732846349	5.20771234987759	5.2068647319323
5.52312319100903	5.20010708984495	5.77333406556766
9.59590853748793	9.26643845220268	9.47106228949288
6.13538377701554	5.64704029916754	6.16191458425523
6.49858220821756	5.96486368185374	6.1615194074266
8.02511511910507	7.94590852151047	8.22227101084738
7.25253438549111	7.14258802654445	7.49424224409332
4.85693045529022	4.61486872235223	5.00744065622052
10.3685885207081	10.3274666368493	10.4938312959193
5.41754760475893	5.32393774810772	5.58812052770823
10.2041017980383	10.0780851760226	10.1673914140447
7.01511963560044	6.84839275044522	6.85900756625513
7.82488689613556	7.615520228121	8.07004982653076
6.2970217643786	6.2884297454343	6.39476823246005
6.66055835836706	6.74427165178625	6.7203171945874
7.06194077022479	6.91007921943287	7.15339600721233
6.38024729679999	6.15645013499068	6.46217226020698
7.28087830174363	6.87333575130936	7.21001562209597
6.96664615466324	6.75133412452864	6.92076213271052
9.81526778083221	9.72144377388386	9.81138115650492
6.08204299610837	6.09250946299141	6.02610755660975
6.23480137694874	6.12146050278263	6.25474878391238
5.5060926787363	5.44280601431553	5.59896875507777
5.67555504511423	5.5195421905788	5.82805469320324
8.07556066239873	7.82550309409107	8.07212093008284
6.85165007808031	6.72912579455006	6.92555272880015
6.07896601768171	5.95264933216766	6.14938698097953
5.26898278710132	5.30133899007034	5.44461939148678
6.32463423373052	6.24505375268916	6.21667182451556
9.00351580753052	8.93435633237352	9.1522730223608
6.88090266192085	6.96411099017067	7.08626165378354
9.62662546049875	9.60682228830448	9.63996058669041
6.91439778908391	6.6647315803604	6.9799477554838
5.14411334072534	4.78911476134566	5.17896003864783
5.54703281868315	5.38660923517589	5.66037166976418
4.91390445898204	4.75465963042285	4.90186746785931
8.43460359879549	7.96713887878514	8.43218982360355
8.00994784832216	7.68527927017274	7.893976038514
5.47727724252239	5.24719509893494	5.42930184113458
8.83645321618498	8.87326284680606	9.06398622916823
5.60253651153064	5.25671600901837	5.52511596979275
5.46231059791036	5.36224258287942	5.26277960691883
5.2213993173758	4.99719400973608	5.34974088678293
9.47097220832494	9.46471737951822	9.53001219991035
4.02096091956917	3.05992437946587	3.28789768415009
6.0597441490345	6.09309907265264	6.10684751266533
6.15707072142315	6.03890513437124	6.14643281521244
9.18720751285229	8.70733464862237	9.08693784340869
5.71981675725909	5.86438629484305	5.95652531737518
9.98242240059624	9.70070454075263	9.92264103528163
8.7577100739902	8.89799149409597	8.95147294766388
5.35854203376088	5.46810320532892	5.5492440836881
9.55006326658141	9.55585859850253	9.65571242586444
9.95546675144745	9.68997629415043	9.88096870952547
8.71205529198279	8.56167999282146	8.52903973716019
8.35629841129461	8.50476167024653	8.54909299592286
10.2618567065963	10.1677994641039	10.2080663804638
8.51694310903065	8.53670999453119	8.79975965524488
5.59377292278174	5.57650587514685	5.83442779246912
6.82637266854444	6.88222997643656	6.9689733062485
4.80571148870139	5.06561486482889	4.90488667558952
9.08397146380725	8.95752344369418	8.89110679172521
5.94743679028735	5.63181223085784	5.86694085756995
5.66266874661644	5.45371451267206	5.41716053725809
6.23001074051123	6.48857332098502	6.56377827801121
8.78624483936069	8.95968110770118	8.95555040492546
8.22909811342604	8.16889404823965	8.1815714927881
8.43624713365417	8.16651349383771	8.04799846378724
9.1079475326075	8.8968714353907	8.76092759335099
9.4057774813217	9.21513380272145	9.21264282612714
9.35738993050979	9.21611380452795	9.22216455488734
9.18614889656465	9.01094893707031	8.97886191124315
9.00030564874599	9.12350553249827	9.08860142305063
4.44372621600604	4.50060138357185	3.96046632281561
9.44580566007457	9.53433301315384	9.52057458858293
6.05421820592466	6.02814610851979	5.93256677290504
9.74084981452181	9.79611906324191	9.79228476033772
8.0103040273	7.31857251353685	7.61036634389736
9.52210887890185	9.68950027721817	9.58076377949924
9.32109038302895	9.50034323122274	9.39178732668884
8.45537661458442	9.00882369104255	8.79331462614461
8.56559506144436	9.01944385471249	8.85295260568082
5.0091555867116	5.46732813453476	5.07920286411069
9.11575587697906	9.71085815327092	9.49477332030884
9.10864959976816	9.33782502706897	9.12698644486882
6.97244111646324	7.14439475284161	7.14371331049864
7.10377740684405	7.06264215713658	6.75257882638339
8.41586216226459	8.37941804403133	8.24386855571517
5.53057445013059	5.38402310131591	5.48397521836345
9.25171918064723	9.44309270000699	9.40290182041296
7.62139412703076	7.85765621583407	7.63696050884826
9.56939281576257	9.37674104679032	9.51930571181448
9.46036151503381	9.55598571124717	9.50014811748721
7.8546279425977	8.17427528729919	8.06670461769857
9.81488454452675	9.46314363986882	9.39799949388408
6.14355155225727	5.66531225886188	5.58750962127515
8.57612279485253	8.88456697588126	8.7017274783854
8.91419405268007	8.8290715676726	8.58289089474265
9.76783084355298	9.54773971884855	9.50913135064694
5.7348358305036	5.82899786847896	5.4847147804909
4.94111384875827	4.79640475444735	4.73043301713846
7.16961964032229	7.4769444244813	7.52492381497005
8.28534782898321	8.61438534409216	8.75863620798024
8.36423879611978	8.55052378183454	8.56833609857603
5.3750752812168	5.25015148101621	5.28928532674598
9.37207590858388	8.96412932130453	9.17604446883304
9.4591826373138	9.68589990006067	9.62714064993322
9.68793776583671	9.76701946433147	9.64404920108914
9.31584431600883	8.97240467937439	8.98361793091866
10.0326444116291	9.80577586008922	9.85103057865738
8.6433022758092	8.7884590663251	8.79209753474155
9.76039684996839	9.55335904153361	9.41160871374701
9.00256031183142	8.44039293882461	8.57259214414862
6.30661285923943	5.93040594115468	5.71652562165487
9.56705901074879	9.35472831208789	9.33727976638131
6.93918570911718	6.42240987242573	6.37401203062405
9.16128297316588	9.49615416257587	9.36720463428131
9.11157195906003	8.68787426665837	8.79986879800153
9.017162122595	9.00574290458368	8.86268944950444
5.95813170817872	5.82518099618402	6.06707080804345
9.33263971786665	9.0624139744451	8.99745836505952
7.02490478953065	7.60271858324959	7.13405769183841
7.03328052122405	7.27691052688334	7.12285826755195
9.00763840289649	9.27892203553259	9.28984339420245
4.96194182886181	4.55253431112688	4.76871987669183
8.64824635633481	8.49582138599183	8.74768618520872
6.13326414999205	5.93769586165595	5.81359548354318
7.77411142780275	7.78622499996631	7.76476325972135
9.51163204406748	8.94045180394364	9.01884198396043
9.28403674984121	8.94498178689693	9.34044759698691
10.094986275833	9.85557768182955	9.67161971248119
9.52657313064585	9.75307230003982	9.69738405964382
8.55501173124614	8.21334829034519	8.28377903296461
7.71202992046858	6.99281056922529	6.81227910240306
8.5134811980346	8.88043475615525	8.62761478564045
6.39624716536497	6.48837556620901	6.66664937925124
4.9504846126538	5.07011261141085	5.0500323717378
5.46535428246078	5.51198899551648	5.45912291695095
8.53556641034997	8.72029287965861	8.48679800300903
5.04410789335833	5.17264131654952	4.83291651673202
9.0757818498097	8.81204151159202	8.84730843007073
9.76106336159418	9.52315015698907	9.81200664056106
9.09260465461731	9.02550602021455	9.04278020313468
8.99407570616819	8.97985418804712	8.89409349447632
9.79503627910454	9.55325043851425	9.62345304298113
12.405162268585	12.7287818549938	12.6279908294888
7.76936736785652	7.68751366586147	7.71001301298948
8.21296366146033	7.88277008088767	7.92832347239848
9.55430624686373	9.58904754168676	9.49430415318412
9.88830986738605	9.3096091192792	9.40635060754582
8.14426337693298	8.21380750559447	8.30323363334864
9.88209750821837	9.79359330913966	9.86546284667342
5.1710311024206	4.99514170729439	5.26314313008505
5.65121103418954	5.16262051580441	5.37670836421039
5.85254658936459	5.95612765218624	5.58750686000638
8.09545948828537	8.1360878015996	8.06089190070767
6.61603487046668	6.42201812061348	6.35942534752996
8.50666092137075	8.47451728918173	8.55594645918888
9.20209041625352	9.18395894127505	9.13476294866775
7.79808710337077	8.30928722902059	8.01189414961771
4.60725452414177	4.8603643197712	4.82176047112368
9.48125608507751	10.0038662174101	9.80114639641666
6.20648578825097	6.2990462155705	6.25708998220592
6.02560600840927	6.11727361270061	6.03748457113499
10.1831127415114	10.0304093014484	10.0974687042324
5.26857990657473	4.79947582706881	5.1600214056993
5.60176741816232	5.79487175505825	5.69685684860843
10.2366510513005	9.88387015508845	10.1346599839233
5.59069892067366	5.45832908841132	5.41619991696949
9.30887512287939	9.12737000637202	8.98300498553559
5.64403248287548	5.63287844869276	5.44597541180031
9.71850665767539	9.63059927491002	9.77411145019015
6.74581640671311	6.71645465173366	6.6908211645823
9.11783774022229	9.04122044651916	8.97859421142787
8.50226394921015	8.99383081935694	8.94766757853931
4.88492409116719	5.01423624672753	4.82822137354039
4.65596291718524	5.03780364574792	4.67233884310345
9.25521418141931	9.80361644791142	9.63321514469917
4.67092116841029	5.0418757870444	4.45175253235853
4.76527188505334	4.08058267596934	4.6297799525655
4.55887254245808	4.55355516748652	4.58835965872439
5.43807572879439	5.25379710333111	5.48079326439695
10.0631519921266	10.0524879335209	10.0027659600745
6.25091447427484	6.41697381639036	6.49934635203656
8.50535275919324	7.95097506721918	8.09631649271397
9.07360960807736	8.9770512067805	8.94613158006821
9.11880382498058	9.43609105298438	9.43683772114006
8.44952302648036	8.49366344730968	8.1545416359648
9.3359096122324	8.97838595837407	9.0868833077325
9.1934670092351	8.89314947572169	8.92518229490491
6.16208308001654	6.43877431931037	6.44081115554165
7.5500381989714	7.85538815658131	7.77172478368287
9.04592418180427	9.09223149220326	9.0174739114327
4.65256550381139	4.71179995589747	4.7388127193361
6.11438655584899	6.28351609200921	6.3871510430811
5.27307558029708	5.31705866194823	5.24949308182479
5.10025691573386	5.18541731892518	5.17368978707383
8.96969846218284	8.83889928534139	8.88493150318764
8.30616705419865	8.43091593695375	8.4625219117279
8.74687381290181	9.14969784128299	9.00197972485127
5.11239949872685	5.1377964039702	4.7096210863034
5.12719224597108	5.34661951300693	5.34413463381991
5.16147640387339	5.53398303929964	5.42888734491275
7.54356263879888	7.95973661819813	7.87003028724767
4.810612045368	5.06808918246584	5.05924593386662
9.34530978881134	9.27209433437766	9.24661845758722
9.33686498295561	9.52068816014398	9.53026823649821
9.72448970250398	9.7761092557059	9.76815436903543
9.85768792134656	9.55117525098098	9.58180319498019
4.84536515997659	4.98785451768426	5.1138258568826
9.651831196912	9.64875571885652	9.49991764298765
6.89157852451152	6.60528267702425	6.86784465197259
8.95589896476402	8.75552287235009	8.96444228664027
9.27000293805579	9.05238798110969	9.12618252505791
5.24127754047834	5.49148212113025	5.37555012103513
4.80973062805994	4.67763891897161	4.76831176162558
4.92301537839167	5.07920443115225	5.20058824217441
8.75432748015358	8.70298220483367	8.69970722586435
5.89785389735948	5.96581450064744	5.69620900768756
8.50520740043507	8.0088361905492	8.12838663686303
9.37367832879731	9.68440048922797	9.87147459006077
9.96355695892934	10.0381380993296	9.90383780009799
9.6995163194461	9.5379378793685	9.5726526006222
5.36549364359513	5.09899372850038	5.6077010455587
9.36846060003906	9.08891026786871	9.14481924369391
9.16834719696142	9.36107609547299	9.43729229147225
10.1492057471798	10.1209540269047	10.0644347375516
5.5788722149408	5.57355680817229	5.61752338251344
7.52271746730546	7.87494494445957	7.68768356098449
6.29359496803284	6.06708000035814	6.21339350143146
5.43501577804358	5.42275234965299	5.44873102274878
8.587739120376	8.42304302255922	8.28012568288119
4.65436135888421	4.43786587067116	4.54104189481767
9.2308231338209	9.11382627121518	8.99302605067255
9.3280687154802	9.77779893243764	9.68180473150784
8.6783093558955	9.16257077284769	9.05094620469938
4.66145481078074	4.83963489662632	5.04233374312285
8.8350465865138	9.06506588202921	8.95339834604206
5.28697503170836	5.24828684947514	5.24870531937338
9.58763969819838	9.4554927158166	9.73000112437947
8.72591933818175	8.69920446872643	8.84346148377949
8.9745386705499	8.95133737940401	8.88935941449853
8.50786403934922	8.96714432935178	8.93482553181589
7.49509529310541	7.90413933854301	7.98834666379718
8.66974015047693	8.76670723170406	8.72519566688639
8.11692582058627	8.81622117863282	8.65616276470902
7.62565269652369	7.51378344884066	7.52972463793586
5.12877182030061	5.06440919740219	4.97089721917228
8.24831167825892	8.98577078532737	8.76766435825801
7.60152066505579	8.04045875564718	7.96171662035557
5.76489495858278	5.66893028531974	5.46563948559482
7.95914753672185	7.4779118207018	7.33785059934544
9.19863194228181	9.06854367396195	8.99084658771726
9.65193715747296	9.81047408690621	9.76904947188101
10.0362904084365	9.96256815755315	9.696821016211
4.64165924469971	4.91232656771592	4.98524122873564
9.09807236198943	8.6293079914504	8.50958565163102
5.21992822799159	5.37137752234075	5.31758760571177
9.56463792835885	9.20190088208406	9.34550662944124
10.4516326438136	10.1173743803411	10.1443450625358
9.26892944861666	9.05218578352007	9.24205591786864
4.82840340767458	4.72261956974571	4.67018970514464
9.97223741516525	9.89836252192913	10.0144699659208
4.73855212378933	5.04046342922686	4.75894681777928
8.34175084745335	8.31399282149541	8.41024720213248
8.85219128176234	9.37515410359908	9.12255669239918
5.34113469850606	5.48052182354553	5.27259249529793
5.71891248392491	5.8242069968204	5.82631046096964
8.72460116143927	9.1208708734647	9.09419009261253
9.54658073102845	9.24755948641825	9.2585485804987
4.43588058270627	4.13706167108516	4.17373262065895
7.58909273834911	7.79195241553289	7.91598158430209
6.15220687421233	6.43880584689467	6.45412112215366
5.18921774253103	4.98054704197697	4.79211317877806
5.54516441186638	5.8834948581304	5.9604487229215
9.37570804068407	9.5034464273001	9.55603819930302
7.2267923695954	6.59646567170039	6.69960624022437
9.96881955240913	9.99486165451641	9.80153494185669
5.36051087972491	5.01152111284468	5.15387991883429
9.45753424949981	9.17792792398071	9.23432651157463
8.08497027357685	7.63576645061504	7.82239151968465
4.6808872211934	4.92037549405606	4.95008600382001
8.33698343771103	8.56794683255336	8.38144688803676
8.54111492045347	8.75777639628774	8.59923496377715
7.6107340366553	7.77172857020676	7.68944221065872
5.68771309881203	5.84675224757119	5.57552903823291
8.60395354731467	8.88617755271321	8.7775743045539
9.02928586476552	9.06780931045551	9.01878853768968
6.27892569717858	6.4692622183546	6.24034769063297
8.63071780844021	9.09529530749703	8.6809797564698
4.29086678179473	4.21093826851047	4.02270399458551
5.67385818710762	5.60027629163288	5.61145898924174
6.70851978075766	6.30546034169078	6.44732146801302
9.13558104753932	8.91756849830861	8.77083003373973
9.11935817841479	9.26473698347624	9.19209906681961
9.03133573433664	8.88552720152833	8.81287058982888
6.72010063594679	6.8717881784363	6.87255887070587
7.54341135581072	8.10258025049646	7.81389542280648
5.146342410311	5.24555968305157	5.20625658561119
10.1611806177698	10.042346059054	10.0230080059314
7.83490581038275	8.04902256959468	7.96926834271075
5.26770297590851	5.53703244856914	5.5407789213358
10.2461606849708	9.79136677600418	9.97762299470668
8.98780198117156	9.07882428752641	8.97462348676725
9.5190860518989	9.44006589958234	9.37624692668369
5.01687383340576	5.20985865327207	4.69485196192829
8.41010078478671	8.30184777219606	8.43501999336609
9.34706054780356	9.19134330312985	9.04405989913091
9.33860074362411	9.64720476910837	9.47272678499194
8.75569240468434	8.96342903656721	8.99248924525841
7.59125192716626	8.06201270643507	7.7302835263246
9.47406583457785	9.7017614421748	9.58284163576488
4.64747807919802	4.81087065075147	4.84777188443371
9.56034205430289	9.9850638983279	9.99288515697088
4.98665752510364	4.58203080236898	4.68502709880002
5.42771563320899	5.10688567284459	5.11318177267569
5.23750921341474	5.6306962132457	5.68930211779473
10.2989918611831	10.2582345899597	10.4149510366295
9.98813804766918	9.58855382970764	9.55243987612624
6.02138848788533	6.21831689296588	6.14161102689751
9.36049788545603	9.56686368563319	9.54678857294486
5.30784137555148	5.40653392866532	5.24128755666775
5.26874455379016	5.37303800897935	5.3833632743615
8.74666411322797	9.16473143004338	9.07786507346292
5.42272739322645	5.632819167219	5.29544503253933
9.16039835053706	9.01969146387886	8.87896562424161
7.19555340844383	7.55332803185813	7.33858465516051
5.32277777875381	5.08487385782643	5.17545369931102
8.99661691251312	9.0081161875693	8.84640138928952
10.0042829024734	9.66002888156316	9.78621771096265
9.01593098358353	8.98208837470553	9.05447897550035
5.46056491014919	5.53785010062889	5.4065283035172
5.53357349161449	5.3470254650762	5.38677944725464
9.29667503377572	9.25193482227366	9.19243672620789
9.39325793034651	9.51660115384841	9.64210909657818
9.22135529140676	8.77648337093678	8.80887695670063
6.62811424837341	6.53448532904064	6.65536400758327
5.22657869781175	5.46389192980738	5.77981826560214
5.56823995445653	5.87370126967076	5.81805631736877
9.08996541020445	9.01242811558438	8.99295361515242
9.72208737919189	9.73083402295946	9.75272388521775
8.35795619488951	7.6939718566225	7.81191702990416
5.93742377998972	6.05881310362656	6.1100885848253
9.81663835262913	9.68626664736155	9.77813513423402
6.07059882563927	5.83263128248261	5.83834827610766
5.06182406683216	4.98016508807726	4.89484292116978
5.9578521440006	6.12999312714657	5.95779325388324
7.79584482405574	7.78970655981449	7.69639507918315
5.04335345428961	5.25667539909411	4.78041463344129
8.38372794894627	8.130871312438	8.01525002787443
4.96820358982085	5.07391879538164	5.28084988243249
5.74278233959292	5.7949146617205	5.55940449921898
5.34927061653542	5.27026846514886	5.383043940933
6.72628689654692	6.36663509936097	6.66600142743652
9.13737960977073	8.79320696950511	8.8055754215039
4.85075933273757	4.3720546586869	4.46119333556797
7.95089429997781	8.20572764163169	8.12731547480883
7.89158704357283	8.58199877918958	8.23138306005177
9.76630721582292	9.60338692588001	9.68342222196747
4.84452974542759	4.79349190498692	4.64191438028956
5.04355683868047	4.98976232505446	5.03882714407732
9.65373396295622	9.70455439656733	9.70550335559304
4.81900758127104	4.78123575981447	4.99769054469296
8.62424685705174	8.84264705238716	8.61674360666097
8.86655006579706	8.45570622141725	8.54400013745585
9.2384953215517	9.19166804356234	9.28276984930232
4.94283055137397	5.17108147613195	5.27217151890007
5.80274621985974	5.46779398915891	5.497536317342
8.19884451737855	8.28886561583427	8.3934694766435
7.66213604871561	8.13963373921571	7.90944562668874
8.16441990701366	7.88151149916644	7.76740473116862
6.17646139117229	6.17404861986033	6.3146789892591
9.30991709310701	9.45488351002878	9.49215499783036
5.3453346175694	5.0859810571433	5.22715399615884
9.35413868849143	9.10272745403075	9.152884932287
8.97674909958985	8.9684314015827	8.87984082380638
9.28311702909242	9.39133138632253	9.37985187720696
8.73794231882137	8.33393419942484	8.4628120429923
7.98721893600304	7.61300393256262	7.89577764552874
4.98585436085659	4.97992794106858	4.9554993183648
5.23029655376946	5.13593549386391	5.37940423463807
5.65153716155517	5.60444620060827	5.56347826657826
9.75453558269245	9.68512109298369	9.68605914587561
10.2769356582961	10.180955207722	10.321865168939
5.04314400088148	4.88418571570792	4.8547875448
5.08708920183588	5.17352028118145	4.84669264698756
4.88850599854374	4.96477336647689	5.07008939491949
5.40894519836709	5.58971873623442	5.45942699206398
8.65583396148089	9.17726972156678	8.91037744610211
6.65571574066237	7.10545077134105	6.94083637190962
8.24318960141028	8.34322916422751	8.29593516486345
6.66219064149619	6.02405948680352	6.07515783741375
5.24927484989105	5.40774718254698	5.3835820563084
8.37084812795112	8.68312620419101	8.57198809143848
7.39283733647422	7.44076593966815	7.23715668790133
6.60822758699664	6.33813131466937	6.37228001031597
5.39887874602448	5.52202414699692	5.47553289373094
8.65638704617094	9.10965476496209	8.81257613308331
4.96543160394847	4.99785248135565	5.14791883430095
9.14415139878016	8.97678684735906	9.03013213845326
5.7067151530908	5.92165476143691	5.88730375212658
9.15004456666633	9.40053651521359	9.27273369970329
5.13989200705775	5.22181306035551	4.92456026230389
9.87888517225189	9.79541110671122	9.91750199888949
5.78347520738566	5.92505960076459	5.75221411300049
7.6095946820547	7.93734684046725	7.83022654980512
8.98931795119388	8.81929630008683	8.95438289681354
5.30730881990288	5.5319172405644	5.13924869775694
8.81614396922899	8.25224750876531	8.41392971639775
6.63580733376295	6.60320321745299	6.65260702979202
5.23248886149696	5.21190025105178	5.48572969831688
9.25716490722769	8.96882544008902	8.88106415474181
8.16352745974984	7.7703005463117	8.02627699509443
8.53266583128702	8.93889700478548	8.83390789872936
6.2710991773991	5.73654975692487	6.34325390531824
9.20816015551004	8.86824795195875	8.78425427826642
8.32178530039896	8.84890905143815	8.46851288283916
6.21933092282591	6.4906000486803	6.19238157039127
9.72330510783955	9.09195279603907	9.27286348833116
9.79994885102959	9.5998130034683	9.64396352052868
5.24554470752932	5.18559725385161	5.49397416308372
9.24870244118647	9.7961513165996	9.65554895448979
9.37965000759243	9.03497972309884	9.04167967836294
7.74998455025643	8.30184173080613	7.89516626360687
6.19097634998461	6.29117751818201	6.10630234367281
4.16024040435298	4.70017746262989	3.91108618146176
8.70113074178701	8.37446368447316	8.56130984349781
6.82197372648831	6.59987192695793	6.3938375342223
6.3305769525081	6.11947370547851	6.33087107151273
9.018900283184	8.88815878973118	8.97424616740475
9.10783882542342	9.65666384197342	9.47585675120152
5.59437527926797	5.12393545645947	5.14823378126457
4.77202376112468	5.13350751627717	4.77457893022822
5.37532051592078	4.76737362933403	5.26280052546483
7.19017577759777	6.66198089983906	6.98019078139339
9.61756645439858	9.46942731876016	9.60630076076433
9.21623768912526	9.08023506260334	9.0775431709253
9.37485815763957	9.35070926166631	9.29645513108345
7.4302375218127	7.16881186952441	7.26133055549746
4.72077415557161	4.34992252488288	4.6628566306103
5.67738547828839	5.85573777114014	5.62297766269089
4.61087448633125	4.63844639200928	4.89555742747291
6.86849773965179	6.66618476063197	6.9151317840979
6.06675708610518	6.39593498438836	6.63262461543314
9.73077202816885	9.58919526989465	9.55304977546525
8.12860817047192	7.56993063977821	7.82201236058683
9.86627589067812	10.0020049665826	9.88960595481461
9.55862040814355	9.20736676880065	9.31181587609781
4.94863176983834	5.11328855192987	5.08429702419043
9.22644666283955	8.80645755745	8.83937761932653
9.53291363914727	9.40490548088456	9.36733196219501
9.99532233400674	9.61517479101741	9.6291274538359
9.31238639495472	9.82944307649518	9.70104095692269
8.28281197520249	8.76620833479941	8.49842561107675
8.8414831440817	9.30075522235982	9.1129710447767
5.08202334034014	5.36134810562169	5.17597020235506
5.18497654932386	5.20856330303943	5.30520684720737
8.46877299872134	9.00225384702115	8.97078724357336
9.48462676786663	9.85867964033004	9.79907666500856
9.14605719341127	9.63207764048233	9.59710354324306
5.95706872209642	5.92388806494811	5.83801815729061
9.316679707649	8.68010066309817	8.94656762439002
8.90313832435125	8.87303778645763	8.75428817980182
5.24462732398043	5.09349300598724	5.35146922917581
7.05673911722863	7.2864511423487	7.34741947975126
9.8317325151793	9.53641822036455	9.58931718321615
4.61746077280011	4.58612896507338	4.67947698985983
8.86378139931028	8.9263762188103	8.90224193253016
6.08290788235256	6.18610371041092	5.89032922593778
8.20315759145577	8.43834687925364	8.36699545220354
5.78994959485861	5.79124037094235	5.57620177255358
9.29405082508548	9.04728325269002	9.06935513035724
6.0111787744637	5.8632463825801	5.94834759104417
6.71537576188438	6.23845574233537	6.18549625766085
9.71300501416174	9.26408797352398	9.40670973676062
4.93194351950694	5.31818628631998	5.25450555725719
8.97979860006879	8.57691588378174	8.7969204471405
9.92743716527108	9.56696690997771	9.55397393916832
9.16878545323368	8.8285588440023	9.0355857901113
9.02175878375768	9.02952992835808	9.00799994076317
6.35318176752401	6.02319636647439	6.29037376053056
8.42313074870531	7.66258979656683	7.98911191871777
5.76715192573564	5.33149822925883	4.91019671064784
9.08870110227469	8.69232720754326	8.97576795958236
9.3754578934869	8.99529535118211	8.98584110962782
5.0722756787795	4.83547690305413	4.90542907607291
6.96108750725022	6.63735736972734	6.95163780455593
9.34245905236733	9.83259776291395	9.84976176516069
6.24186346353469	6.32304821178359	6.44923427405759
13.6372840171863	13.749447670978	13.6052117613718
12.8586387906762	13.2232719255039	13.1627268337462
5.02939090125276	4.84715791548034	5.15721071157446
5.75289658209808	5.98792820606427	5.71654164127701
8.94794613209626	9.19795399767547	9.09180907407103
4.9010644566063	4.98488402045625	4.8670716864786
3.29783175702923	3.6588411912628	3.72592711150536
9.13358884543201	8.94392801452015	8.99358882753581
6.3052036367512	6.53076442071688	6.31742052037893
6.95252686362926	7.2510958701179	6.93945615425505
8.48579629770961	8.48559431716382	8.40553285888188
5.09807627197576	5.25746694868531	5.1954602298831
9.65530627642803	9.40545135455987	9.42047813150878
8.67903565973447	9.1834710912769	9.10944436282547
4.96240252257357	4.8649691072007	4.75966685827291
5.06538796617588	5.45317351124743	5.18747425287608
9.61060901991378	9.45564191537266	9.33663971853466
8.70994395964866	8.27787011342267	8.27053979369601
5.41046543560698	5.57365691713705	5.40632418559533
9.24189420206977	9.67931042935103	9.74915728252403
8.84098662961289	9.22858097053372	9.18713121967691
7.86743743468304	8.0686841306418	8.27964055874106
5.36401532434554	5.41832020666167	5.61224308495172
9.90726922581024	9.74004389397152	9.84390018052775
6.71896336395442	6.92660810457522	6.87662042113953
5.58563392090493	5.65189915086151	5.45414961776728
8.69771368598711	8.71843788997752	8.72305992361224
6.09974880220288	6.59828931806304	6.13770914067176
7.67179103315494	7.50454858202828	7.90279455892475
9.18162929633323	8.97178702167027	9.0303606992983
9.18806602453066	8.99898808185639	8.93614342485115
8.83029526993233	9.24531857418561	9.43453041747689
9.52335852695266	9.93842898130004	9.80066139407267
9.51492028218008	9.23427606971232	9.19714519652963
6.57898107686962	6.60469136921568	6.60386787372167
8.64210020635663	8.93207263574719	8.86180242212424
9.10392691162804	8.48809761856026	8.73824843594245
8.59777770856034	8.71759091641865	8.76272334777807
9.42459373161927	9.15963542960964	9.29298762972926
4.93020164082019	4.74595452459895	4.90198051677741
7.71105354065181	8.14728463024525	7.9357560172199
7.08421231864773	6.96301334397956	7.05300424308623
7.44341280263659	6.97600627256818	7.25466259626817
8.61735034840894	8.31226626862365	8.56632615464416
7.11477011432245	6.90605086026546	7.13139519086917
9.38741953601533	9.33689662423221	9.22581909802923
9.99129330479593	9.56355767613401	9.62007775800245
7.25057347464939	7.0833142748084	6.99481584298899
9.29411831629516	8.99942103183752	9.01455068370664
5.93889168398384	6.14221449385731	6.13917012573237
9.15581071047873	9.30756092757694	9.19047575966268
5.17449176259969	5.45948017905577	5.51360676272046
8.48143316669273	8.83733955948359	8.82071874526752
5.13457969420845	5.50839396224715	5.15779522695846
6.02094025177845	6.49415934998987	5.88755297117459
8.03868250888622	8.28431398027687	8.11368540973999
5.52177752957392	5.54293417559983	5.72859970075444
9.62709817430654	9.6549479287028	9.56509499812628
9.18610905881216	8.86906037940125	9.03759970960266
5.0757060868563	5.2578838345527	5.24578992503749
8.86841251031842	9.17854628175881	9.11680083198097
8.49887088339433	8.28627584402465	8.30892717157875
5.58185956846664	5.42979270156426	5.39771239673391
9.72196178084018	9.46628369634558	9.5139252157377
10.0052396712395	9.86889413520122	9.98406125462155
4.99942996545627	5.04761280137514	4.95669688651132
5.19913017030458	5.27167573613034	5.1971269108956
6.11560294409994	5.83878009348313	5.96199719792653
8.28878769596148	8.71327158459108	8.65585291684581
7.84264134629734	8.08102893450072	8.15107801205174
8.54737462932627	8.45930521880394	8.50936553168529
7.99327368051056	7.68088062128677	7.7684322772946
4.8943110176578	5.20370399731967	5.27193954701984
7.9285321311304	7.9719689034759	7.99065829521763
5.60333804134178	5.64062082110828	5.32692005938234
5.33541501513084	5.38172425766958	5.10485359046944
4.67123918374377	4.64801579457879	4.83265307691642
5.28340630485287	5.40807297151802	4.97814118418472
9.44149023187794	9.44580290319065	9.39892050307797
5.01256558062191	5.0224491535358	4.74888018164071
5.42653627420728	5.60271405712918	5.65417309502947
6.43238079914671	6.63096267053909	6.57332364824809
9.23168041270976	8.91893109508301	8.95945627574093
9.68680208007399	9.45984697257041	9.3700776689301
9.755503577518	9.66877322630828	9.75412604220718
9.03927957298916	9.59323676518623	9.48395849450076
