k4_temp26_1	k4_temp26_2	k4_temp26_3
4.98567756084844	5.13541081679685	4.87783304652184
9.35781710168957	8.97635031114779	8.83388969893424
8.61260335467328	9.13979073426719	8.43168501470297
9.93501794258191	9.7125538130587	9.30221771805994
4.85192617195961	5.21873920039574	4.86624507224663
10.0848061666564	9.96515069101532	9.59679738228138
9.43551402270455	9.15525695987882	8.80459157850831
5.14890790971674	5.44951940722491	4.88932868535967
9.02551051598752	8.81226371462032	8.55950718831467
5.03007168020689	5.48667240564238	4.83091199913435
5.03007168020689	5.14318816738856	5.26960076647784
4.90850970032597	4.85195686972412	4.75753881280413
8.97672693433406	8.98557230746512	8.70646462820986
7.28641143346667	7.75884746533264	6.89789069886309
10.1603952273382	9.85462386347285	9.39435254418294
5.28335810948912	5.42420831869572	5.22493171714411
5.38370863482159	5.83284804677641	5.46663761353739
6.99317209739536	7.42898809680905	7.0541558191623
9.5316073299339	9.66742443756904	9.28545772208845
5.27107977971068	5.49884711958848	5.26077691609083
7.79195864955472	8.09086437784358	7.52307355916711
5.05176675130621	5.25508104745946	4.854563267199
4.90850970032597	5.14318816738856	5.05160011425855
5.73610541482121	5.17388496461148	4.98886435891058
8.83638532106383	7.93718470659115	7.91907602875372
6.01542490424249	6.32854320940048	5.99419780321363
5.62471673432539	5.88943157514278	5.30436618463851
5.20161496004758	5.06346097491783	4.57026024461155
4.78441935260133	4.88943157514278	4.54140538193937
9.15476742765621	8.99419831248072	8.57560686607703
8.38085463776644	8.37138621040622	7.88646335166528
9.37189933253196	9.08178762272442	8.61854477992094
9.8154002959345	9.45889773954077	8.94753521315191
6.49611208291984	6.46201035140811	6.05670700469164
5.16889938490421	5.64842347563899	5.01008084482028
9.38263904744462	9.67415030075736	9.197450980722
4.74944321435836	5.48667240564238	5.11172110669612
4.90850970032597	5.44323314437748	4.70646462820986
8.00341392514525	8.43137206051465	7.87783304652184
8.24855541575799	8.44795040756957	8.08572589816317
4.91641489841132	5.12759131233755	4.75753881280413
4.96295748434835	5.18145818431628	5.02057321863793
6.63193624083847	6.64020296883402	6.37965431194275
4.95530391180492	5.62639716930899	5.24296563997437
9.44203197595672	9.02924525957992	8.86406192674924
5.00062790231441	5.34549634268168	4.88932868535967
4.93209652064359	4.96158136089862	4.70646462820986
4.93987387123531	5.42420831869572	5.26960076647784
5.7714024669345	5.93941971097446	5.6535157482609
9.40809279344855	9.63641952514706	9.09009109072457
4.07314040209878	4.7333123732255	3.93441657488821
9.00526828920632	9.28482839085351	8.79163201147254
8.58682929966892	8.67280763426595	8.24855532167001
5.23991884822422	5.66472528796809	5.17883530255466
8.88453083739154	8.26134780586182	7.91063919160508
4.97057066845823	5.04697285212926	4.79469181122159
6.21449625134432	5.60965390547441	5.67359999430423
4.89256815645695	5.11972919456458	4.84278609942264
5.31360439635724	5.21873920039574	5.1694366045524
9.25285438831452	9.11083279407618	8.66777091550203
9.8082483917986	9.31956241980712	8.87277475669881
4.69533580901891	4.62639716930899	4.77002975698732
9.33256060031095	9.1927439918628	8.96393741776513
5.15560256229075	5.26224083903233	5.04133177880472
6.11839148319368	6.02609412245335	5.62629427952588
8.63613099572981	8.80554070078068	8.16234717976609
5.12181424883447	5.78393844629547	5.22493171714411
9.37692115027588	9.66573806094116	9.08447627050523
9.92965747519217	10.1332158615314	9.81893935746827
9.63852253385041	9.60543755067334	9.20494551726893
9.12693321945948	9.49315301257477	8.91345695625256
4.67683946540152	4.97906878762746	4.40390185818943
9.8285516635858	9.68651108414364	9.15938293988848
2.48817790137762	3.358916858444	3.04133177880472
5.42308287315573	5.86612420165071	5.23397685674712
7.96391133234402	7.96816401128858	7.34667698949648
5.23991884822422	4.70206143924106	5.10187332073977
6.22726354741819	5.79878621070278	5.61940789394064
9.66398426049994	9.43137206051465	9.22946137562462
5.52483637195647	5.94387935916516	5.40390185818943
8.63613099572981	8.07672019552331	7.67526112867416
9.99153599105781	9.95275751051161	9.60945076936246
9.22209045249982	9.10188119323165	8.92397482816656
4.98567756084844	5.79385391516055	4.93441657488821
5.33735299912985	5.9834077233518	5.39586453912401
9.80957549615204	9.82047209544103	9.45120757296778
4.94760952001492	5.03865758391726	4.854563267199
9.1853499056848	9.41781054749757	9.07632720016093
5.93987387123531	5.9834077233518	5.68023308663668
10.0920223903184	9.73459991908596	9.55725684463444
10.4603975073749	9.8307425808995	9.40039103939228
6.1149605777934	6.3353483873056	5.8129155698405
5.14218204652843	5.54066729528311	4.98886435891058
8.17961353613566	7.87549238418491	7.45120757296779
9.93866142050348	9.80523436358006	9.30651145647007
4.35491137051416	4.62639716930899	4.43561071791676
8.11581906936345	7.65387790573109	7.32779053014985
6.04095999634963	6.53180731836288	5.81893935746827
8.67217808803165	9.27468560539897	8.75910610795109
4.48817790137762	5.22608117573691	4.55590495163448
5.54537330295916	5.01342029241824	4.86624507224663
9.54950938155161	9.29490036557285	8.7457295105145
8.08107458364099	8.59058250603719	8.1129473668982
4.97814388816303	6.02609412245335	4.88932868535967
7.74833642869541	7.67415030075736	7.46471785937403
4.52999807707225	4.55822566666741	4.46663761353739
9.28374012856745	9.48437816443656	9.00414517685055
5.24620511107166	5.44323314437748	5.08197376330206
6.28945830902554	6.60120883721815	6.13121728232192
9.87518152425991	9.31612640736808	9.22209344150726
8.23281390616641	8.14221828833295	7.62285519555911
9.56813320595902	9.66066707139373	9.14925872261478
4.44510917948574	4.72297042900404	4.58447410383125
8.33145239769017	8.3001275272364	7.96461681266391
9.24620511107165	8.85610339907672	8.6535157482609
9.96033114594	9.6388283188578	9.52675860597496
5.05892654287907	5.5755729102313	5.26960076647784
9.79624919558958	9.97389929491541	9.53501570665026
4.70449580830438	5.32512854498772	4.73222772427494
5.34908229171196	5.7333123732255	5.21582951003686
5.49874714308781	5.84720333975348	5.52675860597496
8.89557064461848	9.08734131127989	8.60291977115207
9.66486439985061	9.405737715197	8.85236235900572
5.38939974689945	5.54066729528311	5.07192009863814
5.3076056557358	5.51091995188905	5.02057321863793
4.7670372743731	4.93494623439515	4.8068665251677
4.84365855597601	5.31827487394666	5.05160011425855
8.76922152163497	9.03969961721709	8.62715277109592
10.6461192110576	10.4196127901316	10.0725505094154
4.63911979945236	4.75377647578522	4.6535157482609
10.0804150658965	9.64944775331133	9.55410045478773
9.74417840379518	9.80645932229589	9.49607170211729
9.69705774482017	9.21089719365469	8.8785542137655
9.90478917464786	9.62118574266365	9.51799120148512
9.58868565211148	9.94109369496528	9.50963580144597
5.13542468035312	5.44323314437748	4.70646462820986
4.23360507429202	4.88943157514278	4.54140538193937
9.33624847307803	9.50753466670441	9.15224381583968
9.07225612683916	9.0505957653466	8.6818866054892
8.65338049257753	8.96761660280511	8.73063093934061
9.12863551469048	9.42021303771288	8.93857220437952
8.5743921964307	8.78207168514536	8.34040893456405
9.02642390319174	9.08985866498244	8.66860508438384
9.17055290375672	9.3968196505816	8.87638962965217
6.07667209306903	6.24788554605526	5.84868670086232
9.64150639228924	9.64739847023822	9.28654490755127
4.61988358058944	4.72297042900404	4.28708819320668
9.59269957348759	9.53291779567817	9.14566843861946
8.37297690886057	8.291405039718	7.91204876185976
4.7670372743731	4.75377647578522	4.74493877602449
5.04457124990201	4.9259574511679	4.68023308663668
4.57064006156959	4.94387935916516	4.75753881280413
5.52483637195647	5.22608117573691	5.41189464894296
5.48817790137762	5.66472528796809	5.04133177880472
9.50072028455	9.2006850239552	8.92955316296917
9.47251258241149	9.64637273607423	9.2135449568423
9.13627108403881	8.83525053699172	8.5639973725832
7.32701105490839	7.42261153376139	6.93441657488821
8.69303669292932	8.71516502651524	8.08072087999198
8.13711699144557	8.32939561417617	7.96733119736095
10.1730296340489	9.79323619087756	9.55455179064028
8.80212793884146	8.25956007943618	8.09195785187469
8.82488134894538	8.79385391516055	8.21011132957877
6.64388904360024	6.56981364094262	6.40790378874692
8.6409101141072	8.70600502722977	8.41786031577935
8.73331111791649	9.00757403448255	8.32250011336375
5.53514138034821	5.70731716469256	5.05160011425855
6.57064006156959	6.720373317518	6.16471419431
8.34176266646786	8.32341817722262	7.82942084133659
5.56058639690567	5.84720333975348	5.25189876474438
5.36071699219536	5.75884746533264	5.1694366045524
7.93112139722635	8.40412034390553	7.77623490651404
4.89256815645695	4.84243409560561	4.83091199913435
10.4355140227045	10.0744340333462	9.92676669171976
9.02230909914482	9.39559926840741	8.98552091583621
7.03007168020689	7.36391753950237	7.03358227919978
9.25012016107504	8.76074450050524	8.4188521996554
9.86219450741344	9.74741257027036	9.40039103939228
4.36649934478937	4.75377647578522	4.25189876474438
8.74556574407027	9.06806450847045	8.6818866054892
9.3457930552351	9.10487123583746	8.79621928096819
3.97057066845823	3.99634677905929	3.04133177880472
9.52062884557955	9.12759131233755	8.61508715084617
8.89356968030203	8.87724216613487	8.73302545448099
9.23479101356216	8.95496853782697	8.52399570367973
8.80212793884146	8.66472528796809	8.15997627530334
7.16060324334911	6.74102046836076	6.73541600190599
5.81010599626498	6.26936527346571	6.08697444436043
8.54282211742983	8.8183484770813	8.52399570367973
10.5718918577791	10.161971643068	9.91099171330284
5.48817790137762	5.79878621070278	5.4894775898955
5.29553282343522	5.49277260517879	5.14086745235563
6.11839148319368	6.36558058872501	6.15997627530334
5.59547191454953	5.85195686972412	5.52675860597496
8.43757550680032	8.79817059514367	8.14566843861946
5.0942020176266	5.45577839769659	5.22493171714411
5.46680425058505	5.70731716469256	5.20666951075138
3.52999807707224	4.15861820795817	3.49701126258091
5.7316319382419	5.78890469918882	5.27837097610557
4.94760952001492	5.11182399647923	4.84278609942264
8.73051139834798	9.06704276973023	8.68683582146093
9.81249083570381	9.50828763908105	9.32937387953967
7.96009215065396	7.96158136089862	7.55590495163448
5.23991884822422	5.56403128834862	5.11172110669612
5.40633960932116	5.84720333975348	4.97813795231753
5.01542490424249	5.30446907442163	5.26077691609083
9.69791794262418	9.27954540036331	9.03681629768223
5.88049532415638	5.86141719897319	5.47429118608083
8.49743021461582	8.34043128759882	7.96461681266391
9.29173925027678	9.02556826312881	8.69094723786813
5.55046217963196	5.65931179178172	5.17883530255466
5.43413806166473	5.50489616426128	4.8068665251677
5.24620511107166	5.68617839763441	5.37148038049705
9.08983946504054	9.20301232731662	8.86260465890727
8.88805267533446	9.01182820650251	8.5486733824034
9.66163459379018	9.47053556850674	9.00216118152404
8.62471673432538	8.35808172380946	7.83686126546554
8.89206713369071	8.33194981084374	8.23847824898206
4.46680425058505	4.71255381305871	4.63996921642295
8.05445583883385	8.50338627920364	8.03228663920171
6.45328311093143	6.83044154906931	6.5880057948015
9.62712725291606	9.36433348156692	8.73780259474287
7.37225861407805	7.66607549400102	7.22266154351928
9.06249315789927	9.51317240362043	8.98015523771853
8.74223388337252	9.23884040645225	8.64506408354572
8.71812767389215	9.01182820650251	8.65604162291993
6.03371025727024	6.36890094701662	6.10187332073977
9.72010493612749	9.54654386161977	9.30972339480802
10.0819534719051	9.99607839564473	9.62027049189811
7.13542468035311	7.43057784357145	7.12636788266052
5.12863551469048	5.29751631377986	5.23397685674712
6.61746091832259	7.04074089841775	5.98351112441638
11.1372226950058	11.005175538434	10.6271527710959
5.05176675130621	5.18145818431628	4.9995116031101
5.52999807707224	5.24065397682419	5.13121728232192
9.5787573889921	9.31397473651303	8.90073344863192
9.22248904209785	9.50565051462665	8.90922824279738
5.10115477826837	5.40492925620084	5.07192009863814
5.81856757501318	6.09588245261021	5.69995132125119
5.64388904360023	5.75884746533264	5.63314795056694
4.81856757501318	5.358916858444	4.52675860597496
10.0245965501407	10.1152878517828	9.59196864037817
10.4493722138532	9.81470070006616	9.55410045478773
6.23043779521334	5.93045884340284	5.81893935746827
6.11152149382663	6.58702293097484	5.87205069392784
6.96295748434835	7.0998843831677	6.66359282094885
8.81856757501318	9.24337006493277	8.70565207113916
8.79678461776715	9.29271677950307	8.76457827126395
9.18166485887694	9.63020695316976	9.01468065071472
4.72264315501464	5.33873897650637	4.68023308663668
9.3038437369396	9.229738199345	8.73461959280992
5.70449580830438	6.22608117573691	5.66693626402322
9.03643318045833	9.44362683930171	8.84352499574655
9.5040028685393	9.4713080959902	9.1129473668982
9.40071506012728	9.17483379400503	8.76223559950553
5.43963404941958	4.96158136089862	5.02057321863793
8.40914368219786	9.1152878517828	8.51289087624706
8.88855509395033	9.25103799472218	8.54322581756373
4.85192617195961	5.09588245261021	4.87783304652184
9.76430230665186	9.39885132961176	8.87999546767246
5.23991884822422	5.39193191567197	5.09195785187469
5.55046217963196	5.93494623439515	5.56310045303868
10.0918042463638	9.77270147441276	9.45169226809779
9.17220452962788	9.21320809442251	9.18467854683612
9.23913113592462	9.38702756520095	8.89290236823949
6.78225801131187	6.93941971097446	6.76691714512
5.10115477826837	5.31827487394666	5.11172110669612
8.30459690586346	8.64774021962769	8.22038779199916
10.1442872490629	9.63469649252747	9.36840317696804
9.32441394342235	9.26714266473634	9.01271110086495
9.80399343559833	9.7642159328812	9.28219124135515
5.63911979945236	5.7125538130587	5.31292819814194
4.65810290281993	5.00490879256272	4.43561071791676
9.37118050090728	9.38128467147246	9.04197569537015
4.68611727898953	5.03029411098263	4.77002975698732
10.0642731643445	9.62466211793824	9.3240892764114
10.1637198897133	9.87374047742332	9.63314795056694
8.27799919365047	8.75250593845881	8.33621505067785
9.71897540383969	9.70107385560348	9.33411352803257
6.24620511107166	6.76390069305892	6.35913198806941
9.10721107818847	9.43216584047464	9.01795727043091
9.1991868612289	9.18051370307739	8.85015808807899
5.23991884822422	5.66472528796809	4.98886435891058
9.48817790137762	9.25148778273545	8.79009967458829
8.13203409115235	8.27733843184223	7.85162797617445
13.6553746447933	13.360768088972	13.0588958311531
12.2858394272314	12.2802068331131	12.036412441609
5.3076056557358	5.5755729102313	5.32143969799745
6.03371025727024	5.8183484770813	5.58447410383125
10.1845318194475	9.99580996229369	9.53135171727544
9.30195909259466	8.59696769244635	8.57382685963174
10.3428629805221	9.89029831896031	9.64081961140242
9.33440571507951	9.10835180457243	8.71617978304307
9.63133599325715	9.57951911322629	9.30811831949962
5.21449625134432	5.23338597636014	5.23397685674712
7.10461863357195	7.25687432928251	6.78241348144316
9.89557064461848	9.63573055902084	9.22946137562462
9.65485790698303	9.19321232331989	8.97881069424666
4.61016842575623	4.88015376155477	4.74493877602449
8.93938901320995	9.26045421955831	8.89004413047272
8.807451542819	9.11676981908403	8.61248848000085
10.1404956699005	9.65149412959896	9.22322942191311
7.00989379826926	7.40169088213429	6.96189731131031
5.40633960932116	5.58130927978045	5.24296563997437
10.1787921896626	10.0762124724701	9.66818806023268
9.32664032510013	9.07672019552331	8.84868670086232
5.22089402254247	5.38538906980519	5.02057321863793
9.97294157292097	9.45226105737435	9.25745400857755
9.99853484877279	9.77551893334619	9.42281292977764
9.10979887267762	9.1819301931675	8.67110470101992
10.3386405449903	9.90523972757896	9.63996921642295
7.66398426049994	8.23247489641772	7.4838014053633
5.05892654287907	5.39844522263064	5.15997627530334
8.07402413568897	7.47901070393431	7.34876030399697
8.03733968067093	8.03238952898483	7.32143969799745
9.78360922901942	9.75282367770487	9.4560472119943
7.01173985743463	7.17008339445162	6.81593060759594
8.88301884245046	8.52958379615409	7.98485129640396
4.7757544914742	4.77395435772284	4.73222772427494
9.000163041656	8.56692536161779	8.2440853102214
10.0094319141479	9.7907626454094	9.51752827992142
5.07314040209877	5.26936527346571	4.84278609942264
9.58899481209142	9.39763266555994	8.8957549545191
9.62260422159854	9.30273402305088	8.82568618990886
5.44510917948573	5.79385391516055	5.47429118608083
9.56216190764529	9.39559926840741	8.98685922302021
10.0611567103364	9.49505354643003	9.14806295375984
5.24620511107166	5.63193535285042	5.05160011425855
9.42758426539067	9.66776147647746	9.25689944580274
7.50137739913248	6.78890469918882	6.82792814069552
9.26335241768607	9.00757403448255	8.50357110843049
10.2926885791528	10.0665316288778	9.7242260673742
5.18207477365194	5.66472528796809	5.23397685674712
6.85398569413791	6.32854320940048	6.18351178976413
5.98942969570954	6.25508104745946	5.88932868535967
4.46680425058505	4.71255381305871	4.57026024461155
5.16226629257176	5.53476669384342	4.91204876185975
7.48552344793164	7.82440768397576	7.28708819320668
9.69389929088679	9.75884746533264	9.35706360772818
8.1311851973115	7.37881641588171	7.02318443209446
9.05713992340506	8.99849205089085	8.74256396883659
8.39365339629309	7.98232421219242	7.89361604376277
9.24227940785786	8.72167245766962	8.52859760563874
8.88301884245046	9.1427033093632	8.53410058131613
6.39506849698614	6.95717618177861	6.41189464894296
9.34212953107019	9.1427033093632	8.88932868535967
9.53674490951283	9.15861820795817	8.66860508438384
10.2234850345716	9.99768794773531	9.55364897769411
9.84857316508131	10.1056177792129	9.55455179064028
9.94326332246249	9.91037590996904	9.54322581756373
10.0020215862491	9.64876498233744	9.3435463661178
9.75964092928199	9.09387731671983	9.00744578465231
9.46208625278709	9.17814979129028	8.83016661289153
9.82959861213747	9.51654450108293	9.2334131938992
8.67217808803165	8.96432778289858	8.52215082485942
5.27723200669228	5.84720333975348	5.31292819814194
8.87644849109368	9.31569632984488	8.75439910527356
5.06605097731246	5.36558058872501	5.04133177880472
5.03007168020689	5.59838279313939	4.97813795231753
9.27799919365047	9.24878694879679	8.65940259133782
10.2138950031419	10.0423014124054	9.76184478410536
8.87746126406675	9.17720314096702	8.75046483765709
8.1991868612289	8.37716856300023	7.99153354568657
6.79517775473759	7.14512597163006	6.69668360741728
6.6953358090189	7.23702455342349	6.45894322174739
9.43826201408946	9.69480341092128	9.25134206203985
4.90850970032597	5.29751631377986	5.23397685674712
8.54601039506088	8.02714526642763	7.9454717633972
4.49874714308781	5.35222220586999	4.69340847538442
8.10979887267762	8.28350945578598	7.82643389401519
9.38477742981372	9.77426740861718	9.42380141562713
9.37046131094179	9.8073773592603	9.28925929224831
9.93477471657764	9.74230115645275	9.30436618463851
7.49347220104714	7.9834077233518	7.40990059881087
9.32997346876425	9.30836532746285	8.92117755139901
9.58248849893609	9.21919917012414	8.83240161727483
5.72264315501464	5.80860050052974	5.29575305433381
9.33624847307803	9.39070739017119	9.0693956972226
9.01358355741832	9.19601912389566	8.86842491910942
5.14890790971674	5.42420831869572	5.10187332073977
9.21649860425546	9.11083279407618	8.57115272533341
4.89256815645695	5.13541081679685	4.84278609942264
4.56058639690567	5.16627178050161	4.63996921642295
5.61503418092804	5.7125538130587	5.37965431194275
5.16889938490421	5.68617839763441	5.32990127674565
8.96867113554275	9.2342964813073	8.77700867700235
9.15267747358813	9.3328002058232	8.83686126546553
6.68842743967673	6.68351414010735	6.04647508208068
9.00619457818895	8.64226249101232	8.56489373486173
10.2745436350143	9.93186265303086	9.65098544353589
5.42862105669716	5.41138427833814	5.27837097610557
5.54537330295916	5.48054630284553	5.22493171714411
5.60528620437648	5.60402935628053	5.32990127674565
4.90056094721049	5.16627178050161	4.73222772427494
9.75826706474536	9.04645454961214	8.90569482187635
10.3271963840937	9.94610402427967	9.68436333578141
5.69533580901891	6.00490879256272	5.53410058131613
5.31957829740187	5.27645469825203	5.197450980722
9.58155662569394	9.18522993820549	8.88359231581053
7.99503966405213	7.99849205089085	7.53226858736724
9.67596660359761	9.78890469918882	9.41984340205845
6.11152149382663	6.45265229670987	6.14086745235563
5.93599043674808	6.11972919456458	5.69340847538441
4.94760952001492	4.77395435772284	4.73222772427494
6.10807419220816	6.31138848836142	6.32143969799746
9.18984110655251	9.0443794754811	8.71375712077622
8.64686183476315	9.00384131560622	8.32673399766697
9.02870484444298	9.05369389475673	8.67276870932538
10.2312302671041	10.0966336606672	9.82830146067196
4.47753065717811	4.56981364094262	4.58447410383125
6.09071303154673	6.26580745405252	5.80079201075801
4.67683946540152	5.03029411098263	4.77002975698732
5.7450109680431	5.5169186925105	5.57738467904493
4.19513092647738	4.77395435772284	4.63996921642295
4.64864257357086	4.84243409560561	5.03098983458326
9.28029830974006	9.68717622709728	9.28654490755127
9.80372708370228	9.60860097144819	9.14925872261478
4.54026641252607	4.7333123732255	4.854563267199
7.65810290281993	7.53624410824892	7.04647508208068
8.86321733272454	8.36972984393164	8.07695568853544
8.07667209306903	7.29402732769998	7.25634466977557
9.99410618291902	9.86288978769029	9.62715277109592
10.0486231344091	10.0136854693404	9.76301691284219
8.70677674955562	8.9698049916068	8.5063733657846
5.46680425058505	5.67549171883716	5.35499225770848
9.44681590515608	9.15573761790122	8.92047738393033
7.42169499903149	7.1295501653756	6.87205069392783
6.35491137051415	5.83764903304024	5.68683582146093
7.67334484510365	7.38374871142393	7.07192009863814
8.7724917044652	9.00544223499471	8.3477190227963
9.54760189554316	9.39925732230921	9.0081050010407
10.1781758727971	9.79847843575956	9.50357110843049
5.63911979945236	5.82803103047864	5.43561071791677
9.08633989985364	9.23338597636014	8.86260465890727
9.88276668916119	9.38538906980519	9.13605043605786
6.44237421176449	6.78393844629547	6.29575305433381
9.82933694621839	9.74453962864876	9.20033810404072
7.35926777555829	7.55822566666741	6.91204876185975
9.43138219637422	9.20440690938838	8.81818775805513
9.01358355741832	9.00917081941688	8.37352820914591
6.36649934478937	6.46201035140811	6.14086745235563
5.78009342719854	5.49277260517879	4.84278609942264
10.1597709992874	9.91151480487001	9.48994959874672
8.91098473102546	8.80860050052974	8.51381955026746
8.4681494208838	8.29751631377986	7.68353823136035
8.17302963404893	8.33789207595908	7.71133038338167
9.16475727743387	8.61175747091279	8.44829597754788
10.1666226976159	10.158378378344	9.83277378161093
9.4244694134267	9.08985866498244	8.86260465890727
7.24777240621862	6.76390069305892	6.4894775898955
10.1686925617312	9.71842241114784	9.3968716561219
9.5389868602995	9.45343445722829	8.94202610844933
8.98379782763021	8.3438099660538	8.31292819814194
5.7670372743731	5.64294834557284	5.44343022237607
6.10461863357194	6.18145818431628	5.93995475842964
10.3021476678568	10.1006335108561	9.9053410033483
10.3684816879218	9.98123988666908	9.55138947051199
5.90056094721049	5.9214419700454	5.69340847538441
10.0268803800318	9.71091940137275	9.6241458129473
6.79088401632747	6.48361260589332	6.65688259935929
6.31060814389732	6.35557341536963	6.02579092790894
9.4337938662579	9.33958538019207	9.1006376075671
6.27415917264266	6.25148778273545	6.1552227453327
8.37871042874024	7.85076995477368	7.85162797617445
7.27723200669228	7.25148778273545	7.14806295375984
9.74251183251911	9.28394923479896	9.17414360722993
6.65338049257753	6.44951940722491	6.37148038049705
9.53385727252788	9.16722562849727	9.04197569537015
8.04637349253599	8.20765570126673	7.97274469354731
7.41054367749539	7.09588245261021	7.30221771805993
9.25830734582481	9.36266899330511	9.106805616282
5.19513092647739	5.67011854673831	5.04133177880472
7.04637349253599	7.10586654118284	7.02579092790894
6.26490120478156	6.09186939010358	5.87783304652184
7.8985668970784	7.46201035140811	7.27837097610557
7.49082747979157	7.17388496461148	7.35084061443802
5.23991884822422	5.48054630284553	5.37965431194275
5.5905396190073	5.53476669384342	5.4277486001438
5.51445722617647	5.58702293097484	5.56310045303868
5.18861761951871	5.40492925620084	5.28708819320668
6.57064006156959	6.51392244005058	6.34250131352529
9.2052494631225	9.19414853038771	8.94684772443702
9.18330381962224	9.15236964395668	8.82418961815547
5.18207477365194	5.39844522263064	5.07192009863814
5.49874714308781	5.37881641588171	5.62629427952588
9.82593096342666	9.33958538019207	9.18117544100917
6.14218204652843	5.80860050052974	5.99419780321363
6.51965613285079	6.11972919456458	5.98351112441638
8.14386645423978	8.07367117352005	7.97139322268418
7.33588010973098	7.27114089835556	7.27399253559499
4.78441935260133	4.82319787674269	4.88932868535967
10.6581029028199	10.3509634926528	10.2055204106979
5.38939974689945	5.50489616426128	5.44343022237607
10.4833631024803	10.1118239964792	9.87638962965217
7.08019515963273	6.9834077233518	6.65014102148024
7.93209652064359	7.74102046836077	7.83091199913435
6.32552756373306	6.4400797113386	6.21125678024703
6.71359801541164	6.88480012641113	6.51937907560936
7.13373038181324	7.04282120885879	6.93995475842964
6.40914368219786	6.3079329297252	6.27837097610557
7.35636496765566	7.00490879256271	6.99419780321363
7.03007168020689	6.88711770930454	6.71294866178006
10.0726983322191	9.77395435772285	9.51891659923391
6.0942020176266	6.25148778273545	5.85456326719899
6.25558344338752	6.27645469825203	6.07695568853544
5.48286410148115	5.62083764396709	5.45120757296779
5.66280990549746	5.69149219753087	5.67359999430423
8.19024870509764	7.95275751051161	7.82493809808972
6.91246771389466	6.86612420165071	6.71940368391736
6.09071303154673	6.11182399647923	5.97813795231753
5.23360507429202	5.48667240564238	5.30436618463851
6.34908229171196	6.39844522263064	6.03617007368894
9.19675466895705	9.03186595973905	8.8698763226935
6.94953696858603	7.09788480552135	6.87494476719702
9.87188219385167	9.66877212103079	9.34823975734117
6.97625430696181	6.80124604939059	6.77313566785514
5.0872155873105	4.98773364875458	5.05160011425855
5.52483637195647	5.56403128834862	5.51196160404688
4.84365855597601	4.96158136089862	4.78241348144316
8.56687814277339	8.09387731671983	8.17179202555054
8.11839148319368	7.81104367645806	7.6535157482609
5.44510917948573	5.43057784357145	5.28708819320668
9.0204765234257	8.97635031114779	8.78395399951894
5.57564074262796	5.43691937044527	5.37965431194275
5.42862105669716	5.54654386161978	5.1215021274887
5.17550211972845	5.18899185700169	5.21582951003686
9.70478112325456	9.53513618930988	9.23960140594099
3.84365855597601	3.33194981084374	3.23397685674712
6.07314040209878	6.25148778273545	5.93441657488821
6.17220452962788	6.19648639354862	5.97274469354731
9.37727918354261	8.8067653995307	8.80535029272032
5.71812767389215	6.03029411098263	5.7946918112216
10.2458130211002	9.74836894752837	9.63015347498151
8.93696227581541	9.00384131560622	8.67276870932538
5.33145239769017	5.64842347563899	5.40390185818943
9.7922271828344	9.62014119450104	9.36429000229057
10.217098768602	9.73909730205835	9.58844664890452
8.86882994650538	8.67950850576855	8.25745400857755
8.50269073107651	8.62709060601587	8.28164610813843
10.5439388162511	10.1988204743698	9.91767331105363
8.67509321337364	8.6538779057311	8.52767839882785
5.58062415014221	5.74868759911242	5.68023308663668
6.89056302056657	7.01765728530471	6.7606717022891
4.74056506301191	5.26936527346571	4.78241348144316
9.27262029778647	9.05781441177669	8.60988511982213
5.94374688038252	5.79878621070278	5.70646462820986
5.63911979945236	5.63193535285042	5.26960076647784
6.26490120478156	6.63745235781798	6.37557313513093
8.96819586127032	9.06397320465547	8.67609097916634
8.3556383521576	8.29664485797512	7.92467330072482
8.5643647361431	8.29402732769998	7.79009967458829
9.29173925027678	9.0000989139204	8.48095491636184
9.62109338782251	9.29838724350199	8.9253714352852
9.57157901053921	9.3001275272364	8.93511001159509
9.38192554839897	9.10686116034728	8.69586552117993
9.19716031918913	9.21873920039574	8.80535029272032
4.33145239769016	4.7333123732255	3.86624507224663
9.68061577593004	9.60402935628053	9.23002658426687
6.06249315789927	6.18899185700169	5.76379780327581
9.99783648891684	9.84898774943167	9.49982627818796
8.10893679016563	7.44323314437748	7.37965431194275
9.76512334150711	9.75314134698742	9.28925929224831
9.54760189554316	9.575932102326	9.10249078064258
8.62471673432538	9.1202218341599	8.51752827992142
8.74000836030737	9.12808127499836	8.57560686607703
4.96295748434835	5.65931179178172	4.9454717633972
9.34542712117076	9.78424933845073	9.20494551726893
9.31622102235921	9.42620181775671	8.84130717049673
7.04637349253599	7.27645469825203	6.92885704954631
7.17220452962788	7.19648639354861	6.54140538193936
8.55299990243386	8.50489616426128	7.98082703984517
5.5040028685393	5.56403128834862	5.33831351656185
9.47485652287979	9.52102840536334	9.11417258569021
7.72264315501464	7.98232421219242	7.40390185818943
9.80319423234224	9.44716526739188	9.22889594546223
9.69562294108093	9.62535638890491	9.20953826302073
7.97151949785178	8.30186571424291	7.81743576687789
10.0546797033763	9.52921287571474	9.106805616282
6.13880731974777	5.83284804677641	5.4277486001438
8.74278972812642	8.99741981372452	8.42676281599824
9.08546368054891	8.93941971097446	8.30651145647007
10.0117398574346	9.61070607158952	9.21754055397044
5.72264315501464	6.00063413746239	5.32990127674565
4.86832061021028	5.00490879256272	4.61248848000085
7.25714058875281	7.60402935628053	7.30221771805993
8.43826201408946	8.73395628979093	8.4885331086566
8.51250279592829	8.67213583213931	8.30006604720489
5.33735299912985	5.43691937044527	5.15045350118483
9.57782310183097	9.05369389475673	8.89075922096611
9.70163955110358	9.74996150210105	9.33568995693561
9.93914652307728	9.82440768397576	9.35187964584115
9.51445722617647	9.0665316288778	8.69995132125119
10.29780418844	9.85195686972412	9.5586074720143
8.81169632717108	8.90037204097342	8.51660199093879
10.0015571745146	9.61839859851567	9.12028312019954
9.16517202374717	8.55531407124751	8.29898900718406
6.31360439635724	6.09186939010358	5.5486733824034
9.79490977014671	9.42938569775987	9.04775804796415
6.98379782763021	6.5669253616178	6.17883530255466
9.38228234203029	9.57557291023131	9.07883951257793
9.29059923043011	8.79385391516055	8.52122750000173
9.2044425866804	9.10686116034728	8.58181965038527
5.96295748434835	5.98773364875459	5.90073344863192
9.53482046052909	9.15429516314927	8.71294866178006
7.10634744748869	7.73202367725693	6.91486377746681
7.10979887267762	7.40816037746385	6.90640219871861
9.21529752603356	9.36724172309493	9.00414517685055
4.88453083739153	4.76390069305892	4.6535157482609
8.807451542819	8.61245797835111	8.47524503407649
6.13880731974777	6.0998843831677	5.64675838208559
7.87847332657117	7.91123016542135	7.52859760563874
9.71614769803266	9.0308182508761	8.73382274383032
9.49148911476803	9.03343609779452	9.05479403861128
10.3587239437842	9.90295109725029	9.3791447957655
9.77466771549747	9.81287334701515	9.40540388335466
8.69246134096122	8.33873897650637	8.02057321863792
7.78980858203175	7.12366560912375	6.59504334554144
8.676257616214	8.99527294570798	8.35395546640199
6.43688867268077	6.63469649252747	6.47429118608083
4.89256815645695	5.26936527346571	4.92327601728301
5.43963404941958	5.69149219753087	5.31292819814194
8.6907339070599	8.83884678739786	8.21582951003686
4.98567756084844	5.37221368105746	4.70646462820986
9.25869605525485	8.91577767128549	8.5675794850154
10.0122010033682	9.58059347969586	9.51984140377896
9.28793567559567	9.12169874441435	8.75988911749047
9.18084467975259	9.08128168021849	8.61335522381838
10.0429924386311	9.61315814581979	9.33148231256513
12.7496506421761	12.6764969645224	12.378507647391
7.87137393418783	7.81226371462032	7.47619825184549
8.32849302220962	8.01023436169939	7.68023308663668
9.79303248290604	9.65591801218591	9.20321946118161
10.1260813180229	9.37716856300023	9.11539676483952
8.27262029778647	8.34127669930827	8.04519097426036
10.1440768669932	9.84243409560561	9.57293603216232
5.12181424883447	5.18899185700169	5.13121728232192
5.61988358058944	5.34549634268168	5.23397685674712
5.84779828633693	6.12366560912375	5.4277486001438
8.21609835594082	8.26402524871051	7.8083811657697
6.65338049257753	6.56981364094262	6.16943660455241
8.65633380996688	8.59555120235623	8.28708819320668
9.40809279344855	9.27335736067644	8.8494225820519
7.91542911426576	8.43691937044527	7.76223559950553
4.52999807707225	5.07163490636353	4.70646462820986
9.73722161993753	10.0575572239623	9.50870442953442
6.23043779521334	6.45265229670987	6.07695568853544
6.03733968067093	6.27645469825203	5.86624507224663
10.4600595209517	10.0662759905249	9.80610860813378
5.21449625134432	4.99634677905929	5.03098983458326
5.5905396190073	5.96597313001578	5.54140538193936
10.5126657662804	9.92059374167748	9.8431555948891
5.56562198680297	5.63745235781798	5.26960076647784
9.51185073036199	9.21873920039574	8.69831838950822
5.62471673432539	5.80860050052974	5.29575305433381
9.97033336357391	9.68750868361237	9.4819043701907
6.79945875206548	6.85669478873078	6.4894775898955
9.31248153078683	9.1378457457139	8.69586552117993
8.67683946540152	9.10237996421013	8.67027197658648
4.81856757501318	5.21873920039574	4.70646462820986
4.58062415014221	5.24788554605526	4.55590495163448
9.49545256517537	9.8693513805154	9.34197850321303
4.5905396190073	5.25508104745946	4.33831351656185
4.66750160082218	4.30446907442163	4.52675860597496
4.46680425058505	4.77395435772284	4.4819043701907
5.40633960932116	5.43691937044527	5.33831351656185
10.336800841807	10.0913669714877	9.71092552999305
6.28335810948912	6.5669253616178	6.31292819814194
8.63133599325715	8.07874930280702	7.83982672394209
9.26412701906892	9.07621247247008	8.66442940841265
9.33882438634652	9.51617021257626	9.14866096207551
8.58806713332777	8.61874728614054	7.89075922096611
9.53834665836271	9.07010581767679	8.80231303888086
9.38442125278663	8.99204664162567	8.64336779288482
6.1918779486823	6.58987129328387	6.25634466977557
7.65219747074749	7.98015474555671	7.53775760492422
9.24109961083895	9.18852215325641	8.73461959280992
4.57064006156959	4.9259574511679	4.62629427952587
6.13880731974777	6.43691937044528	6.20666951075138
5.23360507429202	5.50489616426128	5.11172110669612
5.05176675130621	5.37881641588171	5.04133177880472
9.15142204635223	8.94332265646063	8.60553571935908
8.44715700813459	8.55531407124751	8.197450980722
8.93453144956065	9.25058806643508	8.72101293677902
5.05176675130621	5.33873897650637	4.58447410383125
5.0872155873105	5.53476669384342	5.20666951075138
5.12863551469048	5.71777152232972	5.28708819320668
7.64864257357086	8.08481955737635	7.63314795056694
4.74944321435836	5.26936527346571	4.93441657488821
9.56153190980083	9.35473634250548	8.95917267397378
9.56844680123053	9.5927140430527	9.24016265669341
9.98003099770729	9.83014045441292	9.47572172168727
10.10613145901	9.61070607158952	9.28980155688197
4.78441935260133	5.18899185700169	4.98886435891058
9.89507066366012	9.71222707881636	9.20839144655264
6.94953696858603	6.74358070867933	6.66359282094885
9.13711699144557	8.86023804480792	8.68518796857945
9.47385244323766	9.14318816738856	8.84130717049673
5.20806998218488	5.67549171883716	5.23397685674712
4.7316319382419	4.88943157514278	4.6535157482609
4.86832061021028	5.27645469825203	5.07192009863814
8.92084261045213	8.81591765082654	8.42478922466325
5.89657008701445	6.13150636234093	5.53410058131613
8.63313598730336	8.13638528156938	7.87060147729077
9.62048861102015	9.74517855471805	9.57960386890089
10.2332095444634	10.0805224336221	9.61162121514702
9.94302148270987	9.60120883721816	9.28110076886114
5.33145239769017	5.28350945578598	5.46663761353739
9.57688820923477	9.17672958276783	8.85895503631615
9.38762368482497	9.44165728945194	9.14925872261478
10.4265467284593	10.156458304807	9.77313566785515
5.56058639690567	5.74868759911242	5.46663761353739
7.62350996299539	7.99956349174284	7.45508058211499
6.31360439635724	6.22241485853914	6.03617007368894
5.40633960932116	5.60402935628053	5.30436618463851
8.73107177708522	8.54654386161977	8.01402443280898
4.56058639690567	4.65931179178173	4.43561071791676
9.43138219637422	9.2067282212985	8.70889955712691
9.57095311246393	9.84153810445319	9.39031279344147
8.86577122795846	9.2635793531604	8.77002975698733
4.5905396190073	5.04697285212926	4.92327601728301
9.02139310226269	9.16674878332985	8.67276870932538
5.24620511107166	5.43691937044527	5.11172110669612
9.83012180164126	9.51953531851247	9.43854800099632
8.89557064461848	8.81043327025438	8.5675794850154
9.15977099928745	9.05369389475673	8.60901628809404
8.68148583025788	9.07621247247008	8.65772308586189
7.60038740496365	8.02924525957992	7.7512525499567
8.83638532106383	8.87957191236726	8.45023769391217
8.26799379983694	8.93662541406975	8.38676870838624
7.72038718107428	7.6388283188578	7.30221771805993
5.07314040209877	5.26224083903233	4.84278609942264
8.41054367749539	9.10088313366857	8.49419074351853
7.71019141396838	8.1662717805016	7.72101293677901
5.74944321435836	5.84243409560561	5.31292819814194
8.05535108865525	7.60261978602587	7.10926545496981
9.39683542316033	9.16292833742724	8.70727672788843
9.90652661404687	9.86524280764658	9.47667462465513
10.301581868108	10.0086387541182	9.40440270701962
4.57064006156959	5.11972919456458	4.86624507224663
9.26683485343035	8.74102046836077	8.23397685674712
5.18207477365194	5.55822566666741	5.17883530255466
9.78819392596966	9.27954540036331	9.05670700469164
10.7348486509254	10.1473028947303	9.8541966822546
9.4761942096153	9.14076224611595	8.95644288121821
4.74944321435836	4.93494623439515	4.55590495163448
10.2414929837223	9.94109369496528	9.72221869952441
4.66750160082218	5.24788554605526	4.63996921642295
8.47953301008926	8.43929027490802	8.14686619297708
9.05311192160496	9.46782846000938	8.83834475664086
5.3076056557358	5.66472528796809	5.13121728232192
5.71359801541164	5.99204664162567	5.66693626402322
8.91345552293078	9.2210375839325	8.8129155698405
9.76840281639732	9.32640999144434	8.97004048461893
4.31957829740188	4.37221368105746	4.08197376330206
7.69303669292932	7.91691231156489	7.68023308663668
6.18207477365194	6.58987129328387	6.26960076647784
5.12863551469048	5.18145818431628	4.66693626402322
5.54026641252607	6.05111258249019	5.80079201075801
9.60864450563895	9.57449479706053	9.26574697090779
7.28793567559566	6.7333123732255	6.49324934378471
10.2355810984893	10.0396996172171	9.50917019064932
5.31360439635724	5.20394219846766	5.02057321863793
9.67392786998161	9.26045421955831	8.94684772443702
8.19269188102597	7.76137629164338	7.58270501097819
4.61016842575623	5.12759131233755	4.83091199913435
8.48019984395409	8.69149219753087	8.11539676483952
8.70049546298582	8.87432468275257	8.32673399766697
7.71132784178681	7.89635098908257	7.45701319464899
5.67683946540152	6.01765728530471	5.41984340205845
8.77358012023987	8.99741981372452	8.50169990837454
9.22328589107745	9.16483982500847	8.73621197160391
6.3076056557358	6.62083764396709	6.05670700469164
8.80425973832929	9.20440690938838	8.40390185818943
4.16889938490421	4.44951940722491	3.93441657488821
5.65810290281993	5.77395435772285	5.45894322174739
6.74722879329291	6.45265229670987	6.25634466977557
9.32106791554236	9.01977112457062	8.49042145322056
9.32701105490839	9.35306073832074	8.90640219871861
9.21409544705201	8.98935253245641	8.53318487513439
6.78009342719854	7.00917081941688	6.66693626402323
7.64982851284101	8.22791084629399	7.57560686607703
5.10115477826837	5.43691937044527	5.07192009863814
10.4367169130471	10.079509482876	9.73142955272435
7.94760952001492	8.17578199978408	7.7242260673742
5.23991884822422	5.71777152232972	5.39586453912401
10.5178711210433	9.83194608048202	9.68560010828826
9.17961353613566	9.17720314096702	8.69258852933172
9.74916659753441	9.51317240362043	9.08635030632739
4.95530391180492	5.41138427833814	4.57026024461155
8.54982705083417	8.4266001872307	8.17061479574969
9.55490026939258	9.27954540036331	8.75832267320966
9.57220463719294	9.71777152232972	9.18234408833179
8.93793346066588	9.06755372955172	8.71294866178006
7.69648399454779	8.18711212378346	7.49324934378471
9.71614769803266	9.76610592665485	9.29142712893102
4.57064006156959	5.02188187116643	4.73222772427494
9.82225396697556	10.0339590976338	9.70035926556067
4.90850970032597	4.79385391516055	4.57026024461155
5.38370863482159	5.29751631377986	4.97813795231753
5.21449625134432	5.80860050052974	5.54140538193936
10.5857453233086	10.2846086520608	10.1257605599654
10.2401157091157	9.64534627210998	9.26022362939531
6.03733968067093	6.37551882578113	5.96733119736094
9.59454839267383	9.63710816241115	9.25634466977557
5.27107977971068	5.5927140430527	5.10187332073977
5.23360507429202	5.55822566666741	5.24296563997437
8.93696227581541	9.26402524871051	8.79621928096819
5.39506849698614	5.81348272190948	5.15045350118483
9.35272822501677	9.11775695223297	8.59679738228138
7.28182902080237	7.68084495333137	7.11661990610896
5.27723200669228	5.27645469825203	5.04133177880472
9.18289425395849	9.10984091020013	8.56578954056632
10.2641270190689	9.71059229672542	9.4937201204379
9.20806998218488	9.08026926260438	8.77235981677923
5.43413806166473	5.71777152232972	5.26077691609083
5.5040028685393	5.52884185988631	5.24296563997437
9.50923951690545	9.3370446779665	8.90569482187635
9.62953375062316	9.58523984455223	9.3513602236786
9.40633960932116	8.87898982842114	8.52859760563874
6.67451065934154	6.67817081903304	6.45894322174739
5.20161496004758	5.64294834557284	5.63314795056694
5.56058639690567	6.0428212088588	5.66024161144921
9.28335810948912	9.10984091020013	8.71052056296137
9.97601793520067	9.78611328579126	9.4603890495359
8.4708360046041	7.82077521447584	7.56668479038772
5.94760952001492	6.21873920039574	5.93995475842964
10.0724772464719	9.74005920566609	9.48569594935307
6.07314040209878	5.99634677905929	5.67359999430423
5.00062790231441	5.18145818431628	4.77002975698732
5.96676909829837	6.29052988346375	5.78856570842475
7.899564266659	7.91464213794006	7.4608706703185
4.98567756084844	5.45577839769659	4.6535157482609
8.50923951690545	8.2586653848085	7.75910610795109
4.91641489841132	5.26936527346571	5.15045350118483
5.7316319382419	5.96597313001578	5.40390185818943
5.31360439635724	5.45577839769659	5.24296563997437
6.77140246693449	6.51091995188905	6.47046947512842
9.32032329873053	8.89692611168971	8.52583822633233
4.75826706474536	4.5927140430527	4.35499225770848
8.07137130924572	8.33365009983357	7.87494476719701
8.02093488563477	8.70928313598142	7.97274469354731
10.0163446970954	9.66168269624447	9.39132379210996
4.7670372743731	5.00490879256272	4.52675860597496
4.98567756084844	5.18899185700169	4.91204876185975
9.90404391675394	9.76263904449501	9.41338837992115
4.74944321435836	4.98773364875458	4.87783304652184
8.78873234547241	8.95662458741484	8.34250131352528
9.02505360544027	8.57269614947574	8.27179832218208
9.45022331118237	9.27733843184223	8.9961927724749
4.89256815645695	5.36558058872501	5.14086745235563
5.78441935260133	5.64294834557284	5.34667698949648
8.33219129401407	8.41540404979047	8.13242708955498
7.7724917044652	8.26580745405252	7.66693626402322
8.27646441154734	8.00810649252177	7.52307355916711
6.19837658598104	6.32854320940048	6.13605043605786
9.53770617220751	9.52958379615409	9.20264364994232
5.30158186810803	5.27645469825203	5.09195785187469
9.56279163050159	9.1904000513945	8.86697205389007
9.16226629257176	9.07061569399978	8.59942444529722
9.50498618906417	9.47014914958361	9.09133586650576
8.88755008169033	8.45499750726297	8.1939787888152
8.0942020176266	7.73845567650146	7.6568825993593
4.92427701618429	5.18145818431628	4.83091199913435
5.18861761951871	5.32512854498772	5.24296563997437
5.63433473688698	5.77895503878121	5.41189464894296
10.0064260575382	9.74198109099589	9.39384819352551
10.561059230812	10.2099717959059	10.031962547312
4.97814388816303	5.08784513354479	4.73222772427494
5.03007168020689	5.37221368105746	4.71940368391736
4.82697981482938	5.16627178050161	4.9454717633972
5.38370863482159	5.76893628295622	5.31292819814194
8.83898711625211	9.28086796275469	8.63058163792898
6.72038718107427	7.24065397682419	6.73222772427495
8.37656302813406	8.46976262713229	8.03487675666742
6.68611727898952	6.17767654377386	5.89504233655406
5.21449625134432	5.5927140430527	5.24296563997437
8.52289596138703	8.80308817993356	8.30221771805994
7.47886586786193	7.56837022407295	7.01533657027177
6.64388904360024	6.48667240564238	6.18351178976413
5.37225861407805	5.70206143924106	5.32990127674565
8.83482198873723	9.21597629810051	8.53410058131613
4.90850970032597	5.19648639354862	5.02057321863793
9.33919199879363	9.07316237611013	8.74730968048724
5.70449580830438	6.08784513354479	5.72582995307679
9.3650559279197	9.48399543594489	8.98552091583621
5.0872155873105	5.41781054749757	4.79469181122159
10.1419713572194	9.84332953064474	9.6250055835573
5.78009342719854	6.09186939010358	5.5915288613652
7.71473176402864	8.06243596951707	7.59328717363756
9.17302963404893	8.92257216598326	8.67443080057015
5.27107977971068	5.71777152232972	4.9995116031101
8.96438801995479	8.37386719990998	8.14566843861946
6.68380341315128	6.74613641358309	6.45508058211499
5.19513092647739	5.39844522263064	5.34667698949648
9.45090382772371	9.06602030686611	8.59854928904297
8.27799919365047	7.89750100511867	7.77932750156942
8.70335398391483	9.04956157530885	8.55770719426847
6.28641143346668	5.89404820321315	6.16943660455241
9.3947148519198	8.9698049916068	8.50357110843049
8.47418721410374	8.96871121214509	8.19860652346771
6.24620511107166	6.64294834557284	6.01008084482028
9.94616224180538	9.17008339445163	8.98418136602699
10.0497466412339	9.6582944959063	9.35187964584115
5.20806998218488	5.37221368105746	5.35499225770848
9.48917206361351	9.8617118369893	9.36429000229057
9.58373006101004	9.12562979600426	8.75675452627169
7.86423943339846	8.42898809680906	7.64845069317804
6.21128669486843	6.44637969969434	5.92885704954631
4.044571249902	4.93494623439515	3.81893935746828
8.85347108915977	8.49429363330164	8.29142712893102
6.86832061021027	6.74358070867933	6.197450980722
6.35491137051415	6.27291434054678	6.15045350118483
9.20605588854366	8.98935253245641	8.69340847538441
9.33514310075408	9.73170132331952	9.18642691510612
5.55553316917938	5.31138848836142	5.01008084482028
4.70449580830438	5.33873897650637	4.6535157482609
5.32552756373306	4.96158136089862	5.13121728232192
7.25714058875281	6.79632217075131	6.77002975698733
9.85783939166808	9.53513618930988	9.31506078543475
9.41787144651039	9.17246054944799	8.79316272253485
9.5957796238481	9.43018057108074	9.0081050010407
7.51315456690884	7.29751631377986	7.04133177880472
4.62953375062316	4.56981364094262	4.55590495163448
5.66750160082218	6.02609412245335	5.46663761353739
4.52999807707225	4.85195686972412	4.78241348144316
6.92819206618767	6.8037017011169	6.70971028771351
6.09768258636157	6.54654386161977	6.44732413848056
9.97601793520067	9.65115326839456	9.26132999067721
8.23597597875477	7.69546474260414	7.58270501097819
10.1328824857907	10.0469728521293	9.5972355584551
9.78117612521625	9.28570701149023	9.02318443209446
4.89256815645695	5.31138848836142	4.95644288121821
9.41333959899234	8.90781010445763	8.5586074720143
9.76211059329317	9.47862654868217	9.07758390323768
10.250120161075	9.66978205809751	9.33673995337271
9.55679813641596	9.89203024598811	9.4094016553368
8.43276078705809	8.88711770930454	8.22946137562462
9.03960344237954	9.39519224483555	8.8294208413366
5.03733968067093	5.55239658786521	5.04133177880472
5.14218204652843	5.39844522263064	5.1694366045524
8.64329374957862	9.11083279407618	8.69340847538441
9.73694264961067	9.91521001633389	9.50683987994902
9.37727918354261	9.70436317540708	9.30704727636143
5.95913577339594	6.08784513354479	5.67359999430423
9.50564136393506	8.78020250538802	8.66526551103871
9.08019515963273	8.98015474555671	8.47619825184549
5.20161496004758	5.28350945578598	5.21582951003686
7.13711699144557	7.41620666179498	7.12879462005506
10.0793151992267	9.59661370028634	9.29737193803563
4.52999807707225	4.8037017011169	4.57026024461155
9.04547265264354	9.0308182508761	8.62285519555911
6.0942020176266	6.34549634268168	5.71940368391736
8.33955951759345	8.56403128834861	8.10434157633052
5.78009342719854	5.96158136089862	5.41984340205845
9.49677129930823	9.1388185677608	8.78472364213036
6.01542490424249	6.02609412245335	5.78241348144316
6.74722879329291	6.38866420183806	5.99951160311009
9.94447191350317	9.33619678194392	9.11661990610896
4.88453083739153	5.51091995188905	5.1215021274887
9.15184064349455	8.68684369395281	8.52030358383766
10.1773537072009	9.62535638890491	9.261882853317
9.36035482449146	8.92708411662218	8.75361310959033
9.21409544705201	9.12759131233755	8.72582995307679
6.37512964993281	6.17767654377386	6.11172110669612
8.53962677827002	7.79014359582218	7.74018524605386
5.7316319382419	5.5169186925105	4.77002975698732
9.27223532245639	8.79570550263296	8.69586552117993
9.57657644369258	9.08784513354479	8.70158240683011
5.00804537387689	5.03865758391726	4.78241348144316
7.02276687958366	6.77395435772285	6.74493877602449
9.59177427465894	9.89145316796406	9.55770719426846
6.27107977971068	6.47439407586394	6.26519558735784
13.9850904072687	13.6739405914699	13.3834382028937
13.2072646821132	13.1584683191215	12.9252841869382
4.97057066845823	5.04697285212926	5.03098983458326
5.74944321435836	6.15477614166378	5.55590495163448
9.14554889762683	9.29271677950307	8.8083811657697
4.83534328776401	5.18899185700169	4.74493877602449
3.12863551469048	3.9259574511679	3.66693626402322
9.32626950000084	9.04178142860414	8.71133038338168
6.33735299912985	6.68084495333136	6.13121728232192
7.02459655014074	7.38374871142393	6.72582995307679
8.63133599325715	8.60824982259873	8.13846095464854
5.05176675130621	5.44951940722491	5.06179588136443
9.88955940658462	9.47554961860965	9.13000645972387
8.86882994650538	9.28306954267359	8.82792814069553
4.89256815645695	5.07163490636353	4.63996921642295
5.02276687958366	5.64294834557284	5.05160011425855
9.84262176466952	9.52735684169973	9.04647508208068
8.85244132820179	8.40169088213429	8.00480590277961
5.38370863482159	5.75377647578522	5.26077691609083
9.48153258773561	9.74549791167362	9.45797853094522
9.03915097411775	9.32299026826474	8.90357060793545
7.98661650981805	8.19648639354861	8.02839272309722
5.33735299912985	5.59838279313939	5.46663761353739
10.168071914253	9.78983397138899	9.55138947051199
6.78009342719854	7.06346097491783	6.67027197658648
5.56562198680297	5.82803103047864	5.30436618463851
8.86372847357697	8.83164529969476	8.44829597754788
6.12522891324723	6.75123428122277	5.95644288121821
7.7724917044652	7.62916891855904	7.67027197658648
9.37763712797836	9.06755372955172	8.74730968048724
9.38228234203029	9.09588245261021	8.6535157482609
9.03597971666679	9.33492400282221	9.14925872261478
9.77873891105277	9.9925848602631	9.50823851800416
9.73359079127995	9.31526612407432	8.90922824279738
6.62471673432538	6.74868759911242	6.40790378874692
8.81645682841737	9.04074089841775	8.58447410383125
9.27531225252891	8.59838279313939	8.46183342980762
8.76211059329317	8.83164529969476	8.4885331086566
9.64120828400408	9.24201266005839	9.00546632624772
4.86014667876458	4.95275751051161	4.78241348144316
7.82277982630009	8.27380024480605	7.69176811700316
7.15560256229075	7.09588245261021	6.83982672394209
7.52354305493495	7.10586654118284	7.03617007368894
8.76594390937882	8.43375209136659	8.29791116250122
7.18698468777575	7.03865758391726	6.91767331105363
9.60620288027784	9.41781054749757	8.93788043019178
10.2444398664264	9.61944440866722	9.32779053014985
7.32552756373306	7.21505415358789	6.77932750156941
9.4938024505715	9.09287370273787	8.73063093934061
5.95146184551052	6.30099688251482	5.96733119736094
9.36577781687191	9.39437785303245	8.90427902682564
5.14218204652843	5.64294834557284	5.37148038049705
8.64745565862042	8.95054308944617	8.54595217120827
5.0942020176266	5.69678649720039	5.02057321863793
6.03733968067093	6.65115326839456	5.71294866178006
8.16226629257176	8.41218912914891	7.85895503631615
5.5040028685393	5.71777152232972	5.57738467904493
9.87162808640216	9.71744596776648	9.27344429502564
9.37942551923364	8.9665211623266	8.7551846729711
5.03007168020689	5.44951940722491	5.11172110669612
9.06382836858308	9.27468560539897	8.83388969893424
8.63732726034303	8.41138427833814	8.04519097426036
5.55553316917938	5.60965390547441	5.25189876474438
9.96248032375499	9.53180731836288	9.22266154351928
10.2739669030294	9.91208391534717	9.69176811700316
4.93987387123531	5.24788554605526	4.83091199913435
5.15560256229075	5.46201035140811	5.06179588136443
6.12181424883446	6.00063413746239	5.7946918112216
8.44168965894459	8.83284804677642	8.38575451147917
7.95913577339594	8.20858258535957	7.90215272571726
8.69648399454779	8.58059347969586	8.2407236891877
8.09941972689763	7.80615318011099	7.53043426411836
4.84365855597601	5.39844522263064	5.14086745235563
8.04186365753851	8.09888494077173	7.7449387760245
5.58062415014221	5.8183484770813	5.17883530255466
5.29553282343522	5.56981364094262	4.96733119736094
4.5905396190073	4.86141719897318	4.71940368391736
5.23991884822422	5.59838279313939	4.84278609942264
9.67013398986838	9.51990873511631	9.1092654549698
4.94760952001492	5.22608117573691	4.62629427952587
5.40633960932116	5.77895503878121	5.50450579912783
6.47485652287979	6.77645686492601	6.37965431194275
9.42550844482983	9.01606987083218	8.67692035259584
9.92207012268554	9.52921287571474	9.07946690769149
10.0087388105838	9.72459125272344	9.46183342980761
9.26296496097879	9.67079128866744	9.19513711488375
