k4_temp26_1	k4_temp26_2	k4_temp26_3
4.79726803051422	5.07290977712835	5.17080543437201
9.16940757135535	8.91384927147929	9.12686208678441
8.42419382433907	9.07728969459869	8.72465740255313
9.74660841224769	9.6500527733902	9.5951901059101
4.66351664162539	5.15623816072724	5.1592174600968
9.89639663632216	9.90264965134682	9.88976977013155
9.24710449237033	9.09275592021032	9.09756396635847
4.96049837938252	5.38701836755641	5.18230107320984
8.8371009856533	8.74976267495182	8.85247957616484
4.84166214987267	5.42417136597388	5.12388438698452
4.84166214987267	5.08068712772006	5.562573154328
4.72010016999176	4.78945583005562	5.0505112006543
8.78831740399984	8.92307126779662	8.99943701606003
7.09800190313246	7.69634642566414	7.19086308671326
9.97198569700403	9.79212282380435	9.6873249320331
5.09494857915491	5.36170727902722	5.51790410499428
5.19529910448737	5.77034700710792	5.75961000138756
6.80476256706114	7.36648705714055	7.34712820701247
9.34319779959969	9.60492339790054	9.57843010993862
5.08267024937647	5.43634607991998	5.553749303941
7.60354911922051	8.02836333817508	7.81604594701727
4.86335722097199	5.19258000779096	5.14753565504916
4.72010016999176	5.08068712772006	5.34457250210871
5.54769588448699	5.11138392494298	5.28183674676075
8.64797579072962	7.87468366692265	8.21204841660389
5.82701537390827	6.26604216973198	6.28717019106379
5.43630720399117	5.82693053547428	5.59733857248868
5.01320542971337	5.00095993524933	4.86323263246171
4.59600982226712	4.82693053547428	4.83437776978953
8.96635789732199	8.93169727281222	8.86857925392719
8.19244510743222	8.30888517073772	8.17943573951545
9.18348980219774	9.01928658305592	8.91151716777111
9.62699076560028	9.39639669987227	9.24050760100207
6.30770255258562	6.39950931173961	6.3496793925418
4.98048985456999	5.58592243597049	5.30305323267045
9.1942295171104	9.61164926108886	9.49042336857217
4.56103368402414	5.42417136597388	5.40469349454629
4.72010016999176	5.38073210470898	4.99943701606003
7.81500439481103	8.36887102084615	8.17080543437201
8.06014588542377	8.38544936790107	8.37869828601334
4.72800536807711	5.06509027266905	5.0505112006543
4.77454795401414	5.11895714464778	5.31354560648809
6.44352671050425	6.57770192916552	6.67262669979292
4.7668943814707	5.56389612964049	5.53593802782454
9.25362244562251	8.96674421991142	9.15703431459941
4.81221837198019	5.28299530301318	5.18230107320984
4.74368699030937	4.89908032123012	4.99943701606003
4.7514643409011	5.36170727902722	5.562573154328
5.58299293660028	5.87691867130596	5.94648813611107
9.21968326311433	9.57391848547856	9.38306347857474
3.88473087176456	4.670811333557	4.22738896273838
8.8168587588721	9.22232735118502	9.0846043993227
8.39841976933471	8.61030659459745	8.54152770952018
5.05150931789001	5.60222424829959	5.47180769040482
8.69612130705732	8.19884676619332	8.20361157945525
4.78216113812401	4.98447181246076	5.08766419907176
6.0260867210101	5.54715286580591	5.9665723821544
4.70415862612274	5.05722815489608	5.13575848727281
5.12519486602303	5.15623816072724	5.46240899240257
9.06444485798031	9.04833175440768	8.9607433033522
9.61983886146439	9.25706138013862	9.16574714454898
4.50692627868469	4.56389612964049	5.06300214483749
9.14415106997674	9.1302429521943	9.2569098056153
4.96719303195653	5.19973979936383	5.33430416665488
5.92998195285946	5.96359308278485	5.91926666737604
8.44772146539559	8.74303966111218	8.45531956761625
4.93340471850025	5.72143740662697	5.51790410499428
9.18851161994166	9.60323702127266	9.3774486583554
9.74124794485796	10.0707148218629	10.1119117453184
9.4501130035162	9.54293651100484	9.49791790511909
8.93852368912526	9.43065197290627	9.20642934410273
4.4884299350673	4.91656774795896	4.69687424603959
9.64014213325158	9.62401004447514	9.45235532773865
2.2997683710434	3.2964158187755	3.33430416665489
5.23467334282152	5.80362316198221	5.52694924459728
7.7755018020098	7.90566297162009	7.63964937734665
5.05150931789001	4.63956039957256	5.39484570858994
6.03885401708398	5.73628517103428	5.9123802817908
9.47557473016573	9.36887102084615	9.52243376347479
5.33642684162225	5.88137831949666	5.6968742460396
8.44772146539559	8.01421915585481	7.96823351652432
9.80312646072359	9.89025647084311	9.90242315721263
9.0336809221656	9.03938015356315	9.21694721601673
4.79726803051422	5.73135287549205	5.22738896273838
5.14894346879563	5.9209066836833	5.68883692697418
9.62116596581782	9.75797105577253	9.74417996081795
4.7591999896807	4.97615654424876	5.14753565504916
8.99694037535058	9.35530950782907	9.36929958801109
5.7514643409011	5.9209066836833	5.97320547448685
9.90361285998418	9.67209887941746	9.8502292324846
10.2719879770407	9.768241541231	9.69336342724244
5.92655104745919	6.2728473476371	6.10588795769067
4.95377251619421	5.47816625561461	5.28183674676075
7.99120400580144	7.81299134451641	7.74417996081795
9.75025189016927	9.74273332391156	9.59948384432024
4.16650184017994	4.56389612964049	4.72858310576693
7.92740953902923	7.59137686606259	7.62076291800001
5.85255046601541	6.46930627869438	6.11191174531844
8.48376855769744	9.21218456573047	9.05207849580126
4.2997683710434	5.16358013606841	4.84887733948465
5.35696377262494	4.95091925274974	5.1592174600968
9.3610998512174	9.23239932590435	9.03870189836466
7.89266505330678	8.52808146636869	8.40591975474836
4.78973435782881	5.96359308278485	5.18230107320984
7.5599268983612	7.61164926108886	7.75769024722419
4.34158854673803	4.49572462699891	4.75961000138756
9.09533059823324	9.42187712476806	9.29711756470071
5.05779558073744	5.38073210470898	5.37494615115223
6.10104877869132	6.53870779754966	6.42418967017208
9.6867719939257	9.25362536769958	9.51506582935743
8.0444043758322	8.07971724866445	7.91582758340927
9.3797236756248	9.59816603172523	9.44223111046494
4.25669964915152	4.66046938933554	4.87744649168142
8.14304286735595	8.2376264875679	8.25758920051408
9.05779558073744	8.79360235940822	8.94648813611107
9.77192161560579	9.5763272791893	9.81973099382513
4.87051701254486	5.51307187056281	5.562573154328
9.60783966525537	9.91139825524691	9.82798809450043
4.51608627797017	5.26262750531922	5.02520011212511
5.16067276137774	5.670811333557	5.50880189788702
5.31033761275359	5.78470230008498	5.81973099382513
8.70716111428426	9.02484027161139	8.89589215900223
9.47645486951639	9.3432366755285	9.14533474685589
5.20099021656523	5.47816625561461	5.36489248648831
5.11919612540158	5.44841891222055	5.31354560648809
4.57862774403888	4.87244519472665	5.09983891301786
4.65524902564179	5.25577383427816	5.34457250210871
8.58081199130075	8.97719857754859	8.92012515894609
10.4577096807234	10.3571117504631	10.3655228972656
4.45071026911814	4.69127543611672	4.94648813611107
9.89200553556232	9.58694671364283	9.8470728426379
9.55576887346097	9.74395828262739	9.78904408996746
9.50864821448595	9.14839615398619	9.17152660161566
9.71637964431364	9.55868470299515	9.81096358933529
9.40027612177726	9.87859265529678	9.80260818929614
4.9470151500189	5.38073210470898	4.99943701606003
4.0451955439578	4.82693053547428	4.83437776978953
9.14783894274381	9.44503362703592	9.44521620368985
8.88384659650495	8.9880947256781	8.97485899333936
8.46497096224331	8.90511556313661	9.02360332719078
8.94022598435626	9.35771199804438	9.23154459222969
8.38598266609648	8.71957064547686	8.63338132241421
8.83801437285753	9.02735762531394	8.96157747223401
8.9821433734225	9.3343186109131	9.16936201750234
5.88826256273481	6.18538450638676	6.14165908871249
9.45309686195502	9.58489743056972	9.57951729540144
4.43147405025522	4.66046938933554	4.58006058105684
9.40429004315337	9.47041675600967	9.43864082646962
8.18456737852635	8.2289040000495	8.20502114970992
4.57862774403888	4.69127543611672	5.03791116387466
4.85616171956779	4.8634564114994	4.97320547448685
4.38223053123537	4.88137831949666	5.0505112006543
5.33642684162225	5.16358013606841	5.70486703679313
5.2997683710434	5.60222424829959	5.33430416665488
9.31231075421578	9.1381839842867	9.22252555081934
9.28410305207727	9.58387169640573	9.50651734469247
8.9478615537046	8.77274949732322	8.85696976043337
7.13860152457417	7.36011049409289	7.22738896273838
8.5046271625951	8.65266398684674	8.37369326784215
7.94870746111135	8.26689457450768	8.26030358521111
9.98462010371471	9.73073515120906	9.84752417849044
8.61371840850724	8.19705903976768	8.38493023972485
8.63647181861116	8.73135287549205	8.50308371742894
6.45547951326602	6.50731260127412	6.70087617659709
8.45250058377299	8.64350398756127	8.71083270362952
8.54490158758228	8.94507299481405	8.61547250121392
5.34673185001399	5.64481612502406	5.34457250210871
6.38223053123538	6.6578722778495	6.45768658216017
8.15335313613364	8.26091713755412	8.12239322918676
5.37217686657145	5.78470230008498	5.54487115259455
5.17230746186114	5.69634642566414	5.46240899240257
7.74271186689213	8.34161930423703	8.0692072943642
4.70415862612274	4.77993305593711	5.12388438698452
10.2471044923703	10.0119329936777	10.2197390795699
8.8338995688106	9.33309822873891	9.27849330368638
6.84166214987268	7.30141649983387	7.32655466704995
9.06171063074082	8.69824346083674	8.71182458750557
9.67378497707922	9.68491153060186	9.69336342724244
4.17808981445515	4.69127543611672	4.54487115259454
8.55715621373605	9.00556346880195	8.97485899333936
9.15738352490088	9.04237019616897	9.08919166881835
3.78216113812401	3.93384573939079	3.33430416665489
9.33221931524533	9.06509027266905	8.90805953869634
8.70516014996781	8.81474112646637	9.02599784233116
9.04638148322795	8.89246749815847	8.8169680915299
8.61371840850724	8.60222424829959	8.4529486631535
6.97219371301489	6.67851942869226	7.02838838975615
5.62169646593077	6.20686423379721	6.3799468322106
8.35441258709561	8.7558474374128	8.8169680915299
10.3834823274448	10.0994706033995	10.203964101153
5.2997683710434	5.73628517103428	5.78244997774567
5.10712329310101	5.43027156551029	5.4338398402058
5.92998195285946	6.30307954905651	6.45294866315351
5.40706238421531	5.78945583005562	5.81973099382513
8.24916597646611	8.73566955547517	8.43864082646962
4.90579248729239	5.39327735802809	5.51790410499428
5.27839472025084	5.64481612502406	5.49964189860155
3.34158854673803	4.09611716828967	3.78998365043108
5.54322240790768	5.72640365952032	5.57134336395574
4.7591999896807	5.04932295681073	5.13575848727281
8.54210186801376	9.00454173006173	8.97980820931109
9.62408130536959	9.44578659941255	9.62234626738984
7.77168262031974	7.89908032123012	7.84887733948465
5.05150931789001	5.50153024868012	5.40469349454629
5.21793007898694	5.78470230008498	5.27111034016769
4.82701537390827	5.24196803475313	5.553749303941
9.50950841228997	9.21704436069481	9.32978868553239
5.69208579382216	5.79891615930469	5.76726357393099
8.3090206842816	8.27793024793032	8.25758920051408
9.10332971994256	8.96306722346031	8.9839196257183
5.36205264929775	5.59681075211322	5.47180769040482
5.24572853133051	5.44239512459278	5.09983891301786
5.05779558073744	5.62367735796591	5.66445276834722
8.90142993470632	9.14051128764812	9.15557704675743
8.69964314500024	8.94932716683401	8.84164577025357
9.47322506345597	9.40803452883824	9.29513356937421
8.43630720399117	8.29558068414096	8.12983365331571
8.7036576033565	8.26944877117524	8.53145063683223
4.27839472025084	4.65005277339021	4.93294160427312
7.86604630849963	8.44088523953515	8.32525902705188
6.26487358059722	6.76794050940082	6.88097818265167
9.43871772258185	9.30183244189842	9.03077498259304
7.18384908374383	7.60357445433252	7.51563393136945
8.87408362756505	9.45067136395193	9.27312762556869
8.55382435303831	9.17633936678375	8.93803647139588
8.52971814355793	8.94932716683401	8.9490140107701
5.84530072693602	6.30639990734812	6.39484570858994
9.53169540579327	9.48404282195128	9.60269578265819
9.89354394157087	9.93357735597623	9.91324287974827
6.9470151500189	7.36807680390295	7.41934027051069
4.94022598435626	5.23501527411136	5.52694924459728
6.42905138798837	6.97823985874925	6.27648351226655
10.9488131646716	10.9426744987655	10.9201251589461
4.86335722097199	5.11895714464778	5.29248399096026
5.34158854673803	5.17815293715569	5.42418967017208
9.39034785865789	9.25147369684453	9.19370583648208
9.03407951176363	9.44314947495815	9.20220063064754
4.91274524793416	5.34242821653234	5.36489248648831
5.63015804467896	6.03338141294171	5.99292370910135
5.45547951326601	5.69634642566414	5.92612033841711
4.63015804467896	5.2964158187755	4.81973099382513
9.83618701980653	10.0527868121143	9.88494102822834
10.260962683519	9.75219966039766	9.8470728426379
6.04202826487912	5.86795780373434	6.11191174531844
5.92311196349242	6.52452189130635	6.165023081778
6.77454795401413	7.0373833434992	6.95656520879902
8.63015804467896	9.18086902526427	8.99862445898933
8.60837508743293	9.23021573983457	9.05755065911412
8.99325532854273	9.56770591350126	9.30765303856489
4.53423362468042	5.27623793683787	4.97320547448685
9.11543420660538	9.1672371596765	9.02759198066009
5.51608627797017	6.16358013606841	5.95990865187339
8.84802365012411	9.38112579963321	9.13649738359671
9.31559333820509	9.4088070563217	9.40591975474836
9.21230552979306	9.11233275433653	9.05520798735569
5.25122451908537	4.89908032123012	5.31354560648809
8.22073415186365	9.0527868121143	8.80586326409722
8.70014556361611	9.18853695505368	8.8361982054139
4.66351664162539	5.03338141294171	5.17080543437201
9.57589277631764	9.33635028994326	9.17296785552263
5.05150931789001	5.32943087600347	5.38493023972486
5.36205264929775	5.87244519472665	5.85607284088885
9.90339471602959	9.71020043474427	9.74466465594796
8.98379499929366	9.15070705475402	9.47765093468629
9.0507216055904	9.32452652553245	9.18587475608965
6.59384848097765	6.87691867130596	7.05988953297016
4.91274524793416	5.25577383427816	5.40469349454629
8.11618737552925	8.58523917995919	8.51336017984933
9.9558777187287	9.57219545285898	9.66137556481821
9.13600441308814	9.20464162506784	9.30568348871512
9.61558390526412	9.7017148932127	9.57516362920532
5.45071026911814	5.6500527733902	5.60590058599211
4.46969337248572	4.94240775289422	4.72858310576693
9.18277097057306	9.31878363180396	9.33494808322031
4.49770774865531	4.96779307131413	5.06300214483749
9.87586363401033	9.56216107826974	9.61706166426157
9.97531035937904	9.81123943775482	9.92612033841711
8.08958966331626	8.69000489879031	8.62918743852802
9.53056587350548	9.63857281593499	9.62708591588273
6.05779558073744	6.70139965339042	6.65210437591957
8.91880154785425	9.36966480080614	9.31092965828108
9.01077733089468	9.11801266340889	9.14313047592916
5.05150931789001	5.60222424829959	5.28183674676075
9.2997683710434	9.18898674306696	9.08307206243846
7.94362456081813	8.21483739217373	8.14460036402461
13.466965114459	13.2982670493035	13.3518682190033
12.0974298968972	12.2177057934446	12.3293848294592
5.11919612540158	5.51307187056281	5.61441208584762
5.84530072693602	5.7558474374128	5.87744649168142
9.99612228911324	9.93330892262519	9.82432410512561
9.11354956226044	8.53446665277785	8.86679924748191
10.1544534501879	9.82779727929181	9.93379199925258
9.1459961847453	9.04585076490392	9.00915217089324
9.44292646292293	9.51701807355779	9.60109070734979
5.0260867210101	5.17088493669165	5.52694924459728
6.91620910323773	7.19437328961402	7.07538586929333
9.70716111428426	9.57322951935234	9.52243376347479
9.46644837664881	9.13071128365139	9.27178308209683
4.42175889542201	4.81765272188627	5.03791116387466
8.75097948287573	9.19795317988981	9.18301651832288
8.61904201248479	9.05426877941553	8.90546086785101
9.95208613956632	9.58899308993045	9.51620180976327
6.82148426793505	7.33918984246579	7.25486969916048
5.21793007898694	5.51880824011195	5.53593802782454
9.99038265932842	10.0137114328016	9.96116044808285
9.13823079476592	9.01421915585482	9.14165908871249
5.03248449220825	5.32288803013669	5.31354560648809
9.78453204258675	9.38976001770585	9.55042639642772
9.81012531843858	9.71301789367769	9.71578531762781
8.92138934234341	9.119429153499	8.96407708887009
10.1502310146561	9.84273868791046	9.93294160427312
7.47557473016573	8.16997385674922	7.77677379321346
4.87051701254486	5.33594418296214	5.45294866315351
7.88561460535476	7.41650966426581	7.64173269184713
7.84893015033671	7.96988848931633	7.61441208584762
9.5951996986852	9.69032263803637	9.74901959984446
6.82333032710042	7.10758235478312	7.10890299544611
8.69460931211625	8.46708275648559	8.27782368425413
4.58734496113999	4.71145331805435	5.02520011212511
8.81175351132178	8.50442432194929	8.53705769807157
9.82102238381364	9.7282616057409	9.81050066777159
4.88473087176456	5.20686423379721	5.13575848727281
9.40058528175721	9.33513162589144	9.18872734236927
9.43419469126433	9.24023298338238	9.11865857775902
5.25669964915152	5.73135287549205	5.76726357393099
9.37375237731107	9.33309822873891	9.27983161087037
9.87274718000223	9.43255250676153	9.44103534161001
5.05779558073744	5.56943431318192	5.34457250210871
9.23917473505646	9.60526043680895	9.54987183365291
7.31296786879826	6.72640365952032	7.12090052854569
9.07494288735186	8.94507299481405	8.79654349628066
10.1042790488186	10.0040305892093	10.0171984552244
4.99366524331772	5.60222424829959	5.52694924459728
6.66557616380369	6.26604216973198	6.47648417761429
5.80102016537533	6.19258000779096	6.18230107320984
4.27839472025084	4.65005277339021	4.86323263246171
4.97385676223754	5.47226565417492	5.20502114970992
7.29711391759742	7.76190664430726	7.58006058105684
9.50548976055257	9.69634642566414	9.65003599557834
7.94277566697729	7.31631537621321	7.31615681994463
8.86873039307084	8.93599101122235	9.03553635668676
8.20524386595888	7.91982317252392	8.18658843161294
9.05386987752364	8.65917141800113	8.82156999348891
8.69460931211625	9.0802022696947	8.8270729691663
6.20665896665192	6.89467514211011	6.70486703679313
9.15372000073597	9.0802022696947	9.18230107320984
9.34833537917861	9.09611716828967	8.96157747223401
10.0350755042374	9.93518690806681	9.84662136554428
9.66016363474709	10.0431167395444	9.84752417849044
9.75485379212827	9.84787487030053	9.8361982054139
9.8136120559149	9.58626394266894	9.63651875396797
9.57123139894778	9.03137627705133	9.30041817250248
9.27367672245287	9.11564875162178	9.12313900074169
9.64118908180325	9.45404346141443	9.52638558174937
8.48376855769744	8.90182674323008	8.81512321270958
5.08882247635806	5.78470230008498	5.60590058599211
8.68803896075946	9.25319529017638	9.04737149312373
4.87764144697824	5.30307954905652	5.33430416665488
4.84166214987267	5.53588175347089	5.27111034016769
9.08958966331626	9.18628590912829	8.95237497918798
10.0254854728076	9.97980037273686	10.0548171719555
8.68905173373253	9.11470210129852	9.04343722550726
8.01077733089468	8.31466752333173	8.28450593353674
6.60676822440338	7.08262493196156	6.98965599526745
6.50692627868469	7.17452351375499	6.75191560959756
9.24985248375524	9.63230237125279	9.54431444989001
4.72010016999176	5.23501527411136	5.52694924459728
8.35760086472666	7.96464422675913	8.23844415124737
4.31033761275359	5.28972116620149	4.98638086323458
7.92138934234341	8.22100841611748	8.11940628186536
9.1963678994795	9.71176636894868	9.7167738034773
9.18205178060757	9.7448763195918	9.58223168009847
9.74636518624343	9.67980011678426	9.59733857248868
7.30506267071292	7.9209066836833	7.70287298666103
9.14156393843004	9.24586428779435	9.21414993924918
9.39407896860187	9.15669813045564	9.125374005125
5.53423362468043	5.74609946086124	5.58872544218397
9.14783894274381	9.32820635050269	9.36236808507276
8.8251740270841	9.13351808422716	9.16139730695959
4.96049837938252	5.36170727902722	5.39484570858994
9.02808907392125	9.04833175440768	8.86412511318358
4.70415862612274	5.07290977712835	5.13575848727281
4.37217686657146	5.10377074083311	4.93294160427312
5.42662465059383	5.6500527733902	5.67262669979292
4.98048985456999	5.62367735796591	5.62287366459582
8.78026160520853	9.1717954416388	9.06998106485252
8.96426794325392	9.2702991661547	9.1298336533157
6.50001790934252	6.62101310043885	6.33944746993085
8.81778504785473	8.57976145134382	8.8578661227119
10.08613410468	9.86936161336236	9.94395783138606
5.24021152636295	5.34888323866964	5.57134336395574
5.35696377262494	5.41804526317704	5.51790410499428
5.41687667404227	5.54152831661203	5.62287366459582
4.71215141687627	5.10377074083311	5.02520011212511
9.56985753441115	8.98395350994364	9.19866720972652
10.1387868537595	9.88360298461117	9.97733572363157
5.50692627868469	5.94240775289422	5.8270729691663
5.13116876706766	5.21395365858353	5.49042336857217
9.39314709535972	9.12272889853699	9.17656470366069
7.80663013371791	7.93599101122235	7.82524097521741
9.48755707326339	9.72640365952032	9.71281578990862
5.92311196349242	6.39015125704137	6.4338398402058
5.74758090641387	6.05722815489608	5.98638086323458
4.7591999896807	4.71145331805435	5.02520011212511
5.91966466187395	6.24888744869292	6.61441208584762
9.00143157621829	8.9818784358126	9.00672950862638
8.45845230442893	8.94134027593772	8.61970638551714
8.84029531410877	8.99119285508823	8.96574109717554
10.0428207367699	10.0341326209987	10.1212738485221
4.2891211268439	4.50731260127412	4.87744649168142
5.90230350121251	6.20330641438402	6.09376439860818
4.4884299350673	4.96779307131413	5.06300214483749
5.55660143770888	5.454417652842	5.8703570668951
4.00672139614317	4.71145331805435	4.93294160427312
4.46023304323665	4.77993305593711	5.32396222243343
9.09188877940585	9.62467518742878	9.57951729540144
9.61531755336806	9.54609993177969	9.44223111046494
4.35185688219185	4.670811333557	5.14753565504916
7.46969337248571	7.47374306858042	7.33944746993085
8.67480780239033	8.30722880426314	8.36992807638561
7.88826256273481	7.23152628803148	7.54931705762574
9.8056966525848	9.80038874802179	9.92012515894609
9.86021360407488	9.95118442967189	10.0559893006924
8.51836721922141	8.9073039519383	8.79934575363477
5.27839472025084	5.61299067916866	5.64796464555865
9.25840637482187	9.09323657823272	9.2134497717805
7.23328546869728	7.06704912570711	7.165023081778
6.16650184017994	5.77514799337174	5.97980820931109
7.48493531476943	7.32124767175543	7.36489248648831
8.58408217413099	8.94294119532621	8.64069141064647
9.35919236520895	9.33675628264071	9.30107738889087
9.98976634246285	9.73597739609106	9.79654349628066
5.45071026911814	5.76552999081014	5.72858310576693
8.89793036951942	9.17088493669164	9.15557704675743
9.69435715882698	9.32288803013669	9.42902282390803
6.25396468143028	6.72143740662697	6.58872544218397
9.64092741588417	9.68203858898026	9.49331049189089
7.17085824522407	7.49572462699891	7.20502114970992
9.24297266604001	9.14190586971988	9.1111601459053
8.8251740270841	8.94666977974838	8.66650059699608
6.17808981445515	6.39950931173961	6.4338398402058
5.59168389686433	5.43027156551029	5.13575848727281
9.97136146895323	9.84901376520151	9.78292198659689
8.72257520069124	8.74609946086124	8.80679193811763
8.27973989054958	8.23501527411136	7.97651061921052
7.98462010371472	8.27539103629058	8.00430277123184
8.97634774709965	8.54925643124429	8.74126836539805
9.97821316728168	10.0958773386755	10.1257461694611
9.23605988309248	9.02735762531394	9.15557704675743
7.0593628758844	6.70139965339042	6.78244997774567
9.98028303139697	9.65592137147934	9.68984404397207
9.35057732996528	9.39093341755979	9.2349984962995
8.795388297296	8.2813089263853	8.6059005859921
5.57862774403888	5.58044730590434	5.73640261022623
5.91620910323773	6.11895714464778	6.23292714627981
10.1137381375226	10.0381324711876	10.1983133911985
10.1800721575876	9.91873884700058	9.84436185836215
5.71215141687627	5.8589409303769	5.98638086323458
9.83847084969756	9.64841836170425	9.91711820079747
6.60247448599325	6.42111156622482	6.94985498720946
6.12219861356311	6.29307237570113	6.31876331575911
9.24538433592368	9.27708434052357	9.39360999541727
6.08574964230844	6.18898674306695	6.44819513318287
8.19030089840602	7.78826891510518	8.14460036402461
7.08882247635807	7.18898674306695	7.44103534161001
9.55410230218489	9.22144819513045	9.4671159950801
6.46497096224332	6.38701836755641	6.66445276834722
9.34544774219366	9.10472458882877	9.33494808322031
7.85796396220177	8.14515466159823	8.26571708139747
7.22213414716118	7.03338141294171	7.5951901059101
9.06989781549059	9.30016795363661	9.39977800413217
5.00672139614317	5.60761750706981	5.33430416665488
6.85796396220177	7.04336550151434	7.31876331575911
6.07649167444734	6.02936835043509	6.17080543437201
7.71015736674418	7.39950931173961	7.57134336395573
7.30241794945735	7.11138392494298	7.64381300228819
5.05150931789001	5.41804526317704	5.67262669979292
5.40213008867308	5.47226565417492	5.72072098799396
5.32604769584225	5.52452189130635	5.85607284088885
5.0002080891845	5.34242821653234	5.58006058105684
6.38223053123538	6.45142140038208	6.63547370137545
9.01683993278829	9.13164749071921	9.23982011228719
8.99489428928803	9.08986860428818	9.11716200600564
4.99366524331772	5.33594418296214	5.36489248648831
5.31033761275359	5.31631537621321	5.91926666737604
9.63752143309245	9.27708434052357	9.47414782885934
5.95377251619421	5.74609946086124	6.28717019106379
6.33124660251657	6.05722815489608	6.27648351226655
7.95545692390556	8.01117013385155	8.26436561053435
7.14747057939676	7.20863985868706	7.56696492344516
4.59600982226712	4.7606968370742	5.18230107320984
10.4696933724857	10.2884624529843	10.4984927985481
5.20099021656523	5.44239512459278	5.73640261022623
10.294953572146	10.0493229568107	10.1693620175023
6.89178562929851	6.9209066836833	6.9431134093304
7.74368699030938	7.67851942869227	8.12388438698452
6.13711803339884	6.37757867167011	6.5042291680972
6.52518848507743	6.82229908674263	6.81235146345953
6.94532085147902	6.98032016919029	7.23292714627981
6.22073415186364	6.2454318900567	6.57134336395574
7.16795543732144	6.94240775289421	7.28717019106379
6.84166214987268	6.82461666963604	7.00592104963023
9.88428880188493	9.71145331805435	9.81188898708407
5.90579248729239	6.18898674306695	6.14753565504916
6.0671739130533	6.21395365858353	6.36992807638561
5.29445457114694	5.55833660429859	5.74417996081795
5.47440037516324	5.62899115786237	5.9665723821544
8.00183917476342	7.89025647084311	8.11791048593988
6.72405818356044	6.80362316198221	7.01237607176753
5.90230350121251	6.04932295681073	6.27111034016769
5.04519554395781	5.42417136597388	5.59733857248868
6.16067276137774	6.33594418296214	6.32914246153911
9.00834513862283	8.96936492007055	9.16284871054366
6.76112743825181	7.03538376585285	7.16791715504719
9.68347266351746	9.60627108136229	9.64121214519134
6.78784477662759	6.73874500972209	7.06610805570531
4.89880605697628	4.92523260908608	5.34457250210871
5.33642684162225	5.50153024868012	5.80493399189705
4.65524902564179	4.89908032123012	5.07538586929333
8.37846861243917	8.03137627705133	8.4647644134007
7.92998195285946	7.74854263678956	7.94648813611107
5.25669964915152	5.36807680390295	5.58006058105684
8.83206699309149	8.91384927147929	9.07692638736911
5.38723121229374	5.37441833077678	5.67262669979292
5.24021152636295	5.48404282195128	5.41447451533887
4.98709258939424	5.12649081733319	5.50880189788702
9.51637159292035	9.47263514964138	9.53257379379116
3.65524902564179	3.26944877117524	3.52694924459728
5.88473087176456	6.18898674306695	6.22738896273838
5.98379499929366	6.13398535388012	6.26571708139747
9.18886965320839	8.7442643598622	9.09832268057048
5.52971814355793	5.96779307131413	6.08766419907176
10.057403490766	9.68586790785987	9.92312586283168
8.74855274548119	8.94134027593772	8.96574109717554
5.14304286735595	5.58592243597049	5.6968742460396
9.60381765250018	9.55764015483255	9.65726239014074
10.0286892382678	9.67659626238985	9.88141903675468
8.68042041617116	8.61700746610005	8.55042639642772
8.3142812007423	8.56458956634737	8.5746184959886
10.3555292859169	10.1363194347013	10.2106456989038
8.48668368303943	8.5913768660626	8.82065078667802
5.392214619808	5.68618655944392	5.97320547448685
6.70215349023236	6.95515624563621	7.05364409013926
4.55215553267769	5.20686423379721	5.07538586929333
9.08421076745225	8.99531337210819	8.9028575076723
5.7553373500483	5.73628517103428	5.99943701606003
5.45071026911814	5.56943431318192	5.562573154328
6.07649167444734	6.57495131814948	6.6685455229811
8.77978633093611	9.00147216498697	8.96906336701651
8.16722882182338	8.23414381830662	8.21764568857498
8.37595520580889	8.23152628803148	8.08307206243846
9.10332971994256	8.9375978742519	8.77392730421201
9.43268385748829	9.23588620383349	9.21834382313537
9.38316948020499	9.2376264875679	9.22808239944525
9.19351601806476	9.04436012067878	8.9888379090301
9.00875078885491	9.15623816072724	9.09832268057048
4.14304286735595	4.670811333557	4.1592174600968
9.49220624559583	9.54152831661203	9.52299897211704
5.87408362756505	6.12649081733319	6.05677019112598
9.80942695858263	9.78648670976317	9.79279866603813
7.92052725983142	7.38073210470898	7.67262669979292
9.5767138111729	9.69064030731892	9.58223168009847
9.35919236520895	9.5134310626575	9.39546316849274
8.43630720399117	9.0577207944914	8.81050066777159
8.55159882997316	9.06558023532986	8.86857925392719
4.77454795401414	5.59681075211322	5.23844415124737
9.15701759083655	9.72174829878223	9.49791790511909
9.12781149202499	9.36370077808821	9.1342795583469
6.85796396220177	7.21395365858353	7.22182943739647
6.98379499929366	7.13398535388011	6.83437776978953
8.36459037209964	8.44239512459278	8.27379942769533
5.31559333820508	5.50153024868012	5.63128590441202
9.28644699254557	9.45852736569484	9.40714497354038
7.53423362468043	7.91982317252392	7.69687424603959
9.61478470200803	9.38466422772338	9.52186833331239
9.50721341074672	9.56285534923641	9.5025106508709
7.78310996751756	8.23936467457441	8.11040815472805
9.86627017304207	9.46671183604624	9.39977800413217
5.95039778941355	5.77034700710792	5.72072098799396
8.5543801977922	8.93491877405602	8.71973520384841
8.89705415021469	8.87691867130596	8.59948384432024
9.82333032710042	9.54820503192102	9.51051294182061
5.53423362468043	5.93813309779389	5.62287366459582
4.67991107987606	4.94240775289422	4.90546086785101
7.06873105841859	7.54152831661203	7.5951901059101
8.24985248375524	8.67145525012243	8.78150549650677
8.32409326559408	8.60963479247081	8.59303843505506
5.14894346879563	5.37441833077678	5.443425889035
9.38941357149676	8.99119285508823	9.18373160881628
9.51323002076936	9.68746046243255	9.62866234478578
9.75073699274307	9.76190664430726	9.64485203369131
9.32604769584225	9.0040305892093	8.99292370910135
10.1093946581058	9.78945583005562	9.85157985986447
8.62328679683686	8.83787100130492	8.80957437878896
9.81314764418036	9.55589755884717	9.41325550804971
8.97676249341295	8.49281303157901	8.59196139503423
6.12519486602302	6.02936835043509	5.84164577025357
9.60650023981249	9.36688465809137	9.34073043581432
6.795388297296	6.5044243219493	6.47180769040482
9.19387281169608	9.51307187056281	9.3718119004281
9.10218970009589	8.73135287549205	8.8141998878519
9.01603305634618	9.04436012067878	8.87479203823544
5.77454795401414	5.92523260908609	6.19370583648209
9.34641093019487	9.09179412348077	9.00592104963023
6.91793791715448	7.66952263758843	7.20783616531698
6.9213893423434	7.34565933779535	7.19937458656877
9.02688799569934	9.30474068342644	9.29711756470071
4.69612130705732	4.70139965339042	4.94648813611107
8.61904201248479	8.54995693868261	8.76821742192666
5.95039778941355	6.03738334349921	5.93973076993576
7.69006379623695	7.84872912575285	7.82156999348891
9.52773816769844	8.9683172112076	9.02679513168049
9.30307958443381	8.97093505812602	9.34776642646145
10.17031441345	9.84045005758179	9.67211718361567
9.58625818516326	9.75037230734665	9.69837627120483
8.504051810627	8.27623793683787	8.31354560648809
7.60139905169754	7.06116456945525	6.8880157333916
8.48784808587979	8.93277190603948	8.64692785425216
6.24847914234655	6.57219545285897	6.76726357393099
4.70415862612274	5.20686423379721	5.21624840513317
5.25122451908537	5.62899115786237	5.60590058599211
8.50232437672568	8.77634574772936	8.50880189788703
4.79726803051422	5.30971264138896	4.99943701606003
9.07028652492064	8.85327663161699	8.86055187286556
9.82379147303398	9.51809244002736	9.81281379162913
9.09952614526145	9.05919770474585	9.05286150534063
8.99243514941837	9.01878064054999	8.90632761166855
9.85458290829692	9.55065710615129	9.6244547004153
12.5612411118418	12.6139959248539	12.6714800352412
7.68296440385362	7.74976267495182	7.76917063969566
8.14008349187541	7.94773332203089	7.97320547448685
9.60462295257182	9.59341697251741	9.49619184903178
9.93767178768871	9.31466752333172	9.40836915268968
8.08421076745225	8.27877565963977	8.33816336211052
9.95566733665893	9.77993305593711	9.86590842001249
4.93340471850025	5.12649081733319	5.42418967017208
5.43147405025523	5.28299530301318	5.52694924459728
5.65938875600271	6.06116456945525	5.72072098799396
8.0276888256066	8.20152420904201	8.10135355361986
6.46497096224332	6.50731260127412	6.46240899240257
8.46792427963266	8.53305016268773	8.58006058105684
9.21968326311433	9.21085632100794	9.14239496990207
7.72701958393155	8.37441833077678	8.0552079873557
4.34158854673803	5.00913386669503	4.99943701606003
9.54881208960332	9.99505618429382	9.80167681738458
6.04202826487912	6.39015125704137	6.36992807638561
5.84893015033671	6.21395365858353	6.1592174600968
10.2716499906175	10.0037749508564	10.0990809959839
5.0260867210101	4.93384573939079	5.32396222243343
5.40213008867308	5.90347209034728	5.83437776978953
10.3242562359462	9.85809270200898	10.1361279827393
5.37721245646875	5.57495131814948	5.562573154328
9.32344120002777	9.15623816072724	8.99129077735839
5.43630720399117	5.74609946086124	5.58872544218397
9.7819238332397	9.62500764394388	9.77487675804087
6.61104922173126	6.79419374906228	6.78244997774567
9.12407200045261	9.0753447060454	8.9888379090301
8.4884299350673	9.03987892454164	8.96324436443665
4.63015804467896	5.15623816072724	4.99943701606003
4.392214619808	5.18538450638676	4.84887733948465
9.30704303484116	9.8068503408469	9.63495089106319
4.40213008867308	5.19258000779096	4.63128590441202
4.47909207048797	4.24196803475313	4.81973099382513
4.27839472025084	4.71145331805435	4.77487675804087
5.21793007898694	5.37441833077678	5.63128590441202
10.1483913114727	10.0288659318192	10.0038979178432
6.0949485791549	6.5044243219493	6.60590058599211
8.44292646292293	8.01624826313852	8.13279911179226
9.0757174887347	9.01371143280157	8.95740179626281
9.1504148560123	9.45366917290776	9.44163334992567
8.39965760299356	8.55624624647204	8.18373160881628
9.34993712802849	9.00760477800829	9.09528542673103
9.19601172245241	8.92954560195717	8.93634018073498
6.00346841834808	6.52737025361538	6.54931705762574
7.46378794041328	7.91765370588821	7.83072999277438
9.05269008050473	9.12602111358791	9.02759198066009
4.38223053123537	4.8634564114994	4.91926666737604
5.95039778941355	6.37441833077678	6.49964189860155
5.04519554395781	5.44239512459278	5.40469349454629
4.86335722097199	5.31631537621321	5.33430416665488
8.96301251601801	8.88082161679213	8.89850810720925
8.25874747780037	8.49281303157901	8.49042336857217
8.74612191922643	9.18808702676658	9.01398532462918
4.86335722097199	5.27623793683787	4.87744649168142
4.89880605697628	5.47226565417492	5.49964189860155
4.94022598435626	5.65527048266122	5.58006058105684
7.46023304323665	8.02231851770785	7.9261203384171
4.56103368402414	5.20686423379721	5.22738896273838
9.37312237946661	9.29223530283698	9.25214506182395
9.38003727089631	9.5302130033842	9.53313504454358
9.79162146737307	9.76763941474442	9.76869410953743
9.91772192867576	9.54820503192102	9.58277394473214
4.59600982226712	5.12649081733319	5.28183674676075
9.70666113332591	9.64972603914786	9.50136383440281
6.76112743825181	6.68107966901083	6.95656520879902
8.94870746111135	8.79773700513942	8.97816035642961
9.28544291290345	9.08068712772006	9.1342795583469
5.01966045185067	5.61299067916866	5.52694924459728
4.54322240790768	4.82693053547428	4.94648813611107
4.67991107987606	5.21395365858353	5.36489248648831
8.73243308011792	8.75341661115804	8.71776161251342
5.70816055668023	6.06900532267243	5.8270729691663
8.44472645696914	8.07388424190088	8.16357386514093
9.43207908068594	9.68267751504955	9.87257625675105
10.0448000141292	10.0180213939536	9.90459360299719
9.75461195237565	9.53870779754966	9.57407315671131
5.14304286735595	5.22100841611748	5.75961000138756
9.38847867890055	9.11422854309933	9.15192742416632
9.19921415449076	9.37915624978344	9.44223111046494
10.2381371981251	10.0939572651385	10.0661080557053
5.37217686657145	5.68618655944392	5.75961000138756
7.43510043266118	7.93706245207434	7.74805296996516
6.12519486602302	6.15991381887064	6.32914246153911
5.21793007898694	5.54152831661203	5.59733857248868
8.54266224675101	8.48404282195127	8.30699682065915
4.37217686657146	4.59681075211323	4.72858310576693
9.24297266604001	9.14422718163	9.00187194497708
9.38254358212971	9.77903706478469	9.68328518129164
8.67736169762424	9.20107831349191	9.06300214483749
4.40213008867308	4.98447181246076	5.21624840513317
8.83298357192847	9.10424774366135	8.96574109717554
5.05779558073744	5.37441833077678	5.40469349454629
9.64171227130704	9.45703427884396	9.73152038884649
8.70716111428426	8.74793223058588	8.86055187286556
8.97136146895323	8.99119285508823	8.90198867594421
8.49307629992366	9.01371143280157	8.95069547371206
7.41197787462943	7.96674421991142	8.04422493780687
8.64797579072962	8.81707087269876	8.74321008176234
8.07958426950272	8.87412437440125	8.6797410962364
7.53197765074006	7.5763272791893	7.5951901059101
4.88473087176456	5.19973979936383	5.13575848727281
8.22213414716117	9.03838209400008	8.7871631313687
7.52178188363417	8.10377074083311	8.01398532462918
5.56103368402414	5.77993305593711	5.60590058599211
7.86694155832103	7.54011874635737	7.40223784281998
9.20842589282611	9.10042729775874	9.0002491157386
9.71811708371266	9.80274176797808	9.76964701250529
10.1131723377738	9.94613771444974	9.69737509486979
4.38223053123537	5.05722815489608	5.1592174600968
9.07842532309613	8.67851942869227	8.52694924459728
4.99366524331772	5.49572462699891	5.47180769040482
9.59978439563544	9.21704436069481	9.3496793925418
10.5464391205912	10.0848018550618	10.1471690701048
9.28778467928108	9.07826120644745	9.24941526906837
4.56103368402414	4.87244519472665	4.84887733948465
10.0530834533881	9.87859265529678	10.0151910873746
4.47909207048797	5.18538450638676	4.93294160427312
8.29112347975504	8.37678923523952	8.43983858082724
8.86470239127074	9.40532742034088	9.13131714449103
5.11919612540158	5.60222424829959	5.42418967017208
5.52518848507742	5.92954560195717	5.95990865187339
8.72504599259656	9.158536544264	9.10588795769067
9.57999328606311	9.26390895177584	9.2630128724691
4.13116876706766	4.30971264138896	4.37494615115223
7.5046271625951	7.85441127189639	7.97320547448685
5.99366524331772	6.52737025361538	6.562573154328
4.94022598435626	5.11895714464778	4.95990865187339
5.35185688219186	5.98861154282169	6.09376439860818
9.42023497530473	9.51199375739203	9.55871935875795
7.09952614526144	6.670811333557	6.78622173163488
10.0471715681551	9.97719857754858	9.80214257849949
5.12519486602303	5.14144115879916	5.31354560648809
9.4855183396474	9.19795317988981	9.23982011228719
8.00428235069175	7.69887525197488	7.87567739882836
4.42175889542201	5.06509027266905	5.12388438698452
8.29179031361988	8.62899115786237	8.40836915268968
8.5120859326516	8.81182364308407	8.61970638551714
7.5229183114526	7.83384994941407	7.74998558249916
5.4884299350673	5.95515624563621	5.71281578990862
8.58517058990565	8.93491877405602	8.79467229622471
9.03487636074323	9.10233878533997	9.02918435945408
6.11919612540158	6.55833660429859	6.3496793925418
8.61585020799508	9.14190586971988	8.69687424603959
3.98048985456999	4.38701836755641	4.22738896273838
5.46969337248572	5.71145331805435	5.75191560959756
6.55881926295869	6.39015125704137	6.54931705762574
9.13265838520815	8.95727008490212	8.78339384107072
9.13860152457418	9.29055969865224	9.19937458656878
9.02568591671779	8.92685149278791	8.82615726298456
6.59168389686432	6.94666977974838	6.95990865187339
7.4614189825068	8.16540980662549	7.8685792539272
4.91274524793416	5.37441833077678	5.36489248648831
10.2483073827129	10.0170084432075	10.0244019405745
7.7591999896807	8.11328096011558	8.01719845522437
5.05150931789001	5.65527048266122	5.68883692697418
10.3294615907091	9.76944504081352	9.97857249613842
8.99120400580144	9.11470210129852	8.98556091718188
9.56075706720019	9.45067136395193	9.37932269417755
4.7668943814707	5.34888323866964	4.86323263246171
8.36141752049995	8.3640991475622	8.46358718359985
9.36649073905836	9.21704436069481	9.05129506105983
9.38379510685872	9.65527048266122	9.47531647618196
8.74952393033166	9.00505268988321	9.00592104963023
7.50807446421357	8.12461108411497	7.78622173163488
9.52773816769844	9.70360488698635	9.58439951678118
4.38223053123537	4.95938083149793	5.02520011212511
9.63384443664134	9.97145805796531	9.99333165341084
4.72010016999176	4.73135287549205	4.86323263246171
5.19529910448737	5.23501527411136	5.27111034016769
5.0260867210101	5.74609946086124	5.83437776978953
10.3973357929743	10.2221076123923	10.4187329478156
10.0517061787815	9.58284523244148	9.55319601724548
5.84893015033671	6.31301778611263	6.26030358521111
9.40613886233961	9.57460712274265	9.54931705762574
5.08267024937647	5.5302130033842	5.39484570858994
5.04519554395781	5.49572462699891	5.53593802782454
8.74855274548119	9.20152420904201	9.08919166881835
5.20665896665192	5.75098168224098	5.443425889035
9.16431869468255	9.05525591256447	8.88976977013155
7.09341949046816	7.61834391366287	7.40959229395912
5.08882247635806	5.21395365858353	5.33430416665488
8.99448472362427	9.04733987053163	8.85876192841649
10.0757174887347	9.64809125705692	9.78669250828806
9.01966045185067	9.01776822293589	9.0653322046294
5.24572853133051	5.65527048266122	5.553749303941
5.31559333820508	5.46634082021782	5.53593802782454
9.32082998657123	9.274543638298	9.19866720972652
9.44112422028894	9.52273880488373	9.64433261152877
9.21793007898694	8.81648878875264	8.82156999348891
6.48610112900733	6.61566977936454	6.75191560959756
5.01320542971337	5.58044730590434	5.92612033841711
5.37217686657145	5.9803201691903	5.95321399929938
9.09494857915491	9.04733987053163	9.00349295081154
9.78760840486646	9.72361224612276	9.75336143738607
8.28242647426988	7.75827417480734	7.85965717823788
5.7591999896807	6.15623816072724	6.23292714627981
9.88406771613767	9.67755816599759	9.77866833720324
5.88473087176456	5.93384573939079	5.9665723821544
4.81221837198019	5.11895714464778	5.06300214483749
5.77835956796415	6.22802884379525	6.08153809627492
7.71115473632479	7.85214109827156	7.75384305816867
4.79726803051422	5.39327735802809	4.94648813611107
8.32082998657123	8.19616434514	8.05207849580126
4.72800536807711	5.20686423379721	5.443425889035
5.54322240790768	5.90347209034728	5.6968742460396
5.12519486602303	5.39327735802809	5.53593802782454
6.58299293660028	6.44841891222055	6.76344186297858
9.13191376839632	8.83442507202121	8.8188106141825
4.56985753441115	4.5302130033842	4.64796464555865
7.8829617789115	8.27114906016507	8.16791715504718
7.83252535530055	8.64678209631292	8.26571708139747
9.82793516676115	9.59918165657597	9.68429617996012
4.57862774403888	4.94240775289422	4.81973099382513
4.79726803051422	5.12649081733319	5.20502114970992
9.71563438641972	9.70013800482651	9.70636076777132
4.56103368402414	4.92523260908608	5.17080543437201
8.6003228151382	8.89412354774634	8.63547370137545
8.83664407510605	8.51019510980724	8.56477071003225
9.26181378084816	9.21483739217373	9.28916516032506
4.70415862612274	5.30307954905652	5.4338398402058
5.59600982226712	5.58044730590434	5.63964937734665
8.14378176367985	8.35290301012198	8.42539947740515
7.58408217413099	8.20330641438402	7.95990865187339
8.08805488121312	7.94560545285327	7.81604594701727
6.00996705564682	6.26604216973198	6.42902282390803
9.34929664187329	9.46708275648559	9.49561603779249
5.11317233777381	5.21395365858353	5.38493023972486
9.37438210016738	9.127899011726	9.15994444174024
8.97385676223754	9.00811465433128	8.89239683314739
9.31657665872996	9.4076481099151	9.38430825435592
8.69914055135611	8.39249646759447	8.48695117666536
7.90579248729239	7.67595463683296	7.94985498720947
4.73586748585008	5.11895714464778	5.12388438698452
5.0002080891845	5.26262750531922	5.53593802782454
5.44592520655277	5.71645399911271	5.70486703679313
9.81801652720394	9.67948005132739	9.68682058137567
10.3726497004778	10.1474707562374	10.3249349351622
4.78973435782881	5.02534409387629	5.02520011212511
4.84166214987267	5.30971264138896	5.01237607176753
4.63857028449516	5.10377074083311	5.23844415124737
5.19529910448737	5.70643524328772	5.60590058599211
8.65057758591789	9.21836692308619	8.92355402577914
6.53197765074005	7.17815293715569	7.02520011212511
8.18815349779985	8.40726158746379	8.32784914451759
6.49770774865531	6.11517550410536	6.18801472440423
5.0260867210101	5.5302130033842	5.53593802782454
8.33448643105281	8.74058714026506	8.59519010591011
7.29045633752772	7.50586918440445	7.30830895812194
6.45547951326602	6.42417136597388	6.47648417761429
5.18384908374384	5.63956039957256	5.62287366459582
8.64641245840302	9.15347525843202	8.8270729691663
4.72010016999176	5.13398535388012	5.31354560648809
9.15078246845941	9.01066133644163	9.04028206833741
5.51608627797017	6.02534409387629	6.01880234092696
9.17664639758548	9.42149439627639	9.27849330368638
4.89880605697628	5.35530950782907	5.08766419907176
9.9535618268852	9.78082849097624	9.91797797140747
5.59168389686433	6.02936835043509	5.88450124921537
7.52632223369442	7.99993492984857	7.88625956148772
8.98462010371471	8.86007112631476	8.96740318842031
5.08267024937647	5.65527048266122	5.29248399096026
8.77597848962058	8.31136616024148	8.43864082646962
6.49539388281706	6.68363537391459	6.74805296996516
5.00672139614317	5.33594418296214	5.63964937734665
9.2624942973895	9.00351926719761	8.89152167689314
8.08958966331626	7.83499996545017	8.07229988941959
8.51494445358061	8.98706053564035	8.85067958211863
6.09800190313246	5.83154716354465	6.46240899240257
9.20630532158559	8.9073039519383	8.79654349628066
8.28577768376953	8.90621017247659	8.49157891131788
6.05779558073744	6.58044730590434	6.30305323267045
9.75775271147116	9.10758235478313	9.27715375387715
9.86133711089973	9.5957934562378	9.64485203369131
5.01966045185067	5.30971264138896	5.64796464555865
9.30076253327929	9.7992107973208	9.65726239014074
9.39532053067582	9.06312875633576	9.04972691412186
7.67582990306424	8.36648705714056	7.94142308102821
6.02287716453421	6.38387866002584	6.22182943739647
3.85616171956778	4.87244519472665	4.11191174531844
8.66506155882556	8.43179259363314	8.58439951678118
6.67991107987605	6.68107966901083	6.49042336857217
6.16650184017994	6.21041330087828	6.443425889035
9.01764635820945	8.92685149278791	8.98638086323458
9.14673357041987	9.66920028365102	9.47939930295628
5.36712363884517	5.24888744869292	5.30305323267045
4.51608627797017	5.27623793683787	4.94648813611107
5.13711803339884	4.89908032123012	5.42418967017208
7.06873105841859	6.73382113108281	7.06300214483749
9.66942986133387	9.47263514964138	9.60803317328492
9.22946191617618	9.10995950977949	9.08613511038502
9.40737009351388	9.36767953141224	9.30107738889087
7.32474503657462	7.23501527411136	7.33430416665489
4.44112422028894	4.50731260127412	4.84887733948465
5.47909207048796	5.96359308278485	5.75961000138756
4.34158854673803	4.78945583005562	5.07538586929333
6.73978253585345	6.7412006614484	7.00268267556367
5.90927305602735	6.48404282195127	6.74029652633072
9.78760840486646	9.58865222872606	9.55430237852737
8.04756644842055	7.63296370293564	7.87567739882836
9.94447295545645	9.98447181246077	9.89020794630527
9.59276659488204	9.22320597182173	9.31615681994463
4.70415862612274	5.24888744869292	5.24941526906838
9.22493006865812	8.84530906478914	8.85157985986447
9.57370106295895	9.41612550901367	9.37055629108785
10.0617106307408	9.60728101842901	9.62971234122287
9.36838860608174	9.82952920631961	9.70237404318697
8.24435125672387	8.82461666963603	8.52243376347479
8.85119391204532	9.33269120516705	9.12239322918676
4.84893015033671	5.48989554819671	5.33430416665488
4.95377251619421	5.33594418296214	5.46240899240257
8.45488421924441	9.04833175440768	8.98638086323458
9.54853311927645	9.85270897666539	9.79981226779919
9.18886965320839	9.64186213573858	9.60001966421159
5.77072624306173	6.02534409387629	5.9665723821544
9.31723183360084	8.71770146571953	8.95823789888888
8.89178562929851	8.91765370588821	8.76917063969565
5.01320542971337	5.22100841611748	5.50880189788702
6.94870746111136	7.35370562212648	7.42176700790522
9.89090566889252	9.53411266061784	9.59034432588579
4.34158854673803	4.7412006614484	4.86323263246171
8.85706312230932	8.9683172112076	8.91582758340927
5.90579248729239	6.28299530301318	6.01237607176752
8.15114998725923	8.50153024868012	8.39731396418069
5.59168389686433	5.89908032123012	5.71281578990862
9.30836176897401	9.0763175280923	9.07769602998052
5.82701537390827	5.96359308278485	6.07538586929333
6.55881926295869	6.32616316216956	6.29248399096026
9.75606238316896	9.27369574227542	9.40959229395913
4.69612130705732	5.44841891222055	5.41447451533887
8.96343111316033	8.62434265428431	8.81327597168783
9.98894417686665	9.56285534923641	9.55485524116717
9.17194529415725	8.86458307695368	9.04658549744049
9.02568591671779	9.06509027266905	9.01880234092696
6.18672011959859	6.11517550410536	6.40469349454628
8.35121724793581	7.72764255615368	8.03315763390403
5.54322240790768	5.454417652842	5.06300214483749
9.08382579212218	8.73320446296446	8.9888379090301
9.38816691335836	9.02534409387629	8.99455479468028
4.81963584354268	4.97615654424876	5.07538586929333
6.83435734924944	6.71145331805435	7.03791116387466
9.40336474432472	9.82895212829556	9.85067958211863
6.08267024937647	6.41189303619544	6.558167975208
13.7966808769345	13.6114395518014	13.6764105907439
13.018855151779	13.095967279453	13.2182565747884
4.78216113812401	4.98447181246076	5.32396222243343
5.56103368402414	6.09227510199528	5.84887733948465
8.95713936729261	9.23021573983457	9.10135355361986
4.64693375742979	5.12649081733319	5.03791116387466
2.94022598435626	3.8634564114994	3.95990865187339
9.13785996966662	8.97928038893564	9.00430277123184
6.14894346879563	6.61834391366286	6.42418967017208
6.83618701980652	7.32124767175543	7.01880234092696
8.44292646292293	8.54574878293023	8.43143334249871
4.86335722097199	5.38701836755641	5.3547682692146
9.7011498762504	9.41304857894115	9.42297884757403
8.68042041617116	9.2205685030051	9.12090052854569
4.70415862612274	5.00913386669503	4.93294160427312
4.83435734924944	5.58044730590434	5.34457250210871
9.6542122343353	9.46485580203123	9.33944746993085
8.66403179786757	8.33918984246579	8.29777829062977
5.19529910448737	5.69127543611672	5.553749303941
9.29312305740139	9.68299687200512	9.75095091879539
8.85074144378354	9.26048922859625	9.19654299578561
7.79820697948384	8.13398535388011	8.32136511094739
5.14894346879563	5.53588175347089	5.75961000138756
9.97966238391875	9.72733293172049	9.84436185836215
6.59168389686432	7.00095993524933	6.96324436443664
5.37721245646875	5.76552999081014	5.59733857248868
8.67531894324276	8.76914426002626	8.74126836539805
5.93681938291301	6.68873324155427	6.24941526906837
7.58408217413099	7.56666787889054	7.96324436443664
9.18922759764414	9.00505268988321	9.04028206833741
9.19387281169608	9.03338141294171	8.94648813611107
8.84757018633258	9.27242296315371	9.44223111046494
9.59032938071855	9.9300838205946	9.80121090585433
9.54518126094574	9.25276508440582	9.20220063064754
6.43630720399117	6.68618655944392	6.70087617659709
8.62804729808316	8.97823985874925	8.87744649168142
9.0869027221947	8.53588175347089	8.75480581765778
8.57370106295895	8.76914426002626	8.78150549650677
9.45279875366986	9.17951162038989	9.29843871409788
4.67173714843036	4.89025647084311	5.07538586929333
7.63437029596587	8.21129920513755	7.98474050485332
6.96719303195654	7.03338141294171	7.13279911179226
7.33513352460073	7.04336550151434	7.32914246153911
8.57753437904461	8.37125105169809	8.59088355035138
6.99857515744153	6.97615654424876	7.2106456989038
9.41779334994363	9.35530950782907	9.23085281804195
10.0560303360922	9.55694336899872	9.62076291800001
7.13711803339884	7.15255311391939	7.07229988941958
9.30539292023728	9.03037266306937	9.02360332719078
5.76305231517631	6.23849584284632	6.26030358521111
9.17736828653769	9.33187681336395	9.19725141467581
4.95377251619421	5.58044730590434	5.66445276834722
8.45904612828621	8.88804204977767	8.83892455905844
4.90579248729239	5.63428545753189	5.31354560648809
5.84893015033671	6.58865222872606	6.00592104963023
7.97385676223754	8.34968808948041	8.15192742416632
5.31559333820508	5.65527048266122	5.8703570668951
9.68321855606794	9.65494492809798	9.56641668287581
9.19101598889942	8.9040201226581	9.04815706082127
4.84166214987267	5.38701836755641	5.40469349454629
8.87541883824887	9.21218456573047	9.12686208678441
8.44891773000882	8.34888323866964	8.33816336211052
5.36712363884517	5.54715286580591	5.54487115259455
9.77407079342077	9.46930627869438	9.51563393136945
10.0855573726952	9.84958287567867	9.98474050485332
4.7514643409011	5.18538450638676	5.12388438698452
4.96719303195653	5.39950931173961	5.3547682692146
5.93340471850025	5.93813309779389	6.08766419907176
8.25328012861037	8.77034700710792	8.67872689932934
7.77072624306173	8.14608154569107	8.19512511356742
8.50807446421357	8.51809244002736	8.53369607703787
7.91101019656341	7.74365214044249	7.82340665196853
4.65524902564179	5.33594418296214	5.4338398402058
7.8534541272043	8.03638390110324	8.03791116387466
5.392214619808	5.7558474374128	5.47180769040482
5.10712329310101	5.50731260127412	5.26030358521111
4.40213008867308	4.79891615930469	5.01237607176753
5.05150931789001	5.53588175347089	5.13575848727281
9.48172445953416	9.45740769544781	9.40223784281997
4.7591999896807	5.16358013606841	4.91926666737604
5.21793007898694	5.71645399911271	5.797478186978
6.28644699254557	6.71395582525751	6.67262669979292
9.23709891449561	8.95356883116369	8.96989274044601
9.73366059235132	9.46671183604624	9.37243929554166
9.82032928024956	9.66209021305494	9.75480581765778
9.07455543064458	9.60829024899894	9.48810950273392
