k4_temp26_1	k4_temp26_2	k4_temp26_3
4.89195470900154	4.99973422186683	5.13924372636211
9.26409424984266	8.84067371621778	9.09530037877451
8.51888050282638	9.00411413933717	8.69309569454323
9.84129509073501	9.57687721812869	9.5636283979002
4.75820332011271	5.08306260546572	5.12765575208689
9.99108331480947	9.82947409608531	9.85820806212165
9.34179117085765	9.01958036494881	9.06600225834857
5.05518505786984	5.31384281229489	5.15073936519994
8.93178766414062	8.67658711969031	8.82091786815494
4.93634882835999	5.35099581071236	5.09232267897462
4.93634882835999	5.00751157245855	5.5310114463181
4.81478684847907	4.71628027479411	5.0189494926444
8.88300408248716	8.8498957125351	8.96787530805013
7.19268858161977	7.62317087040262	7.15930137870336
10.0666723754913	9.71894726854283	9.6557632240232
5.18963525764222	5.28853172376571	5.48634239698437
5.28998578297469	5.6971714518464	5.72804829337766
6.89944924554846	7.29331150187904	7.31556649900257
9.437884478087	9.53174784263903	9.54686840192872
5.17735692786378	5.36317052465846	5.5221875959311
7.69823579770782	7.95518778291357	7.78448423900737
4.95804389945931	5.11940445252945	5.11597394703926
4.81478684847907	5.00751157245855	5.31301079409881
5.6423825629743	5.03820836968146	5.25027503875085
8.74266246921693	7.80150811166113	8.18048670859399
5.92170205239559	6.19286661447047	6.25560848305389
5.53099388247849	5.75375498021276	5.56577686447878
5.10789210820068	4.92778437998781	4.83167092445181
4.69069650075443	4.75375498021277	4.80281606177963
9.0610445758093	8.8585217175507	8.83701754591729
8.28713178591954	8.2357096154762	8.14787403150555
9.27817648068506	8.94611102779441	8.87995545976121
9.72167744408759	9.32322114461075	9.20894589299217
6.40238923107294	6.32633375647809	6.3181176845319
5.0751765330573	5.51274688070897	5.27149152466055
9.28891619559772	9.53847370582734	9.45886166056227
4.65572036251145	5.35099581071236	5.37313178653639
4.81478684847907	5.30755654944746	4.96787530805013
7.90969107329835	8.29569546558463	8.13924372636211
8.15483256391109	8.31227381263955	8.34713657800344
4.82269204656442	4.99191471740753	5.0189494926444
4.86923463250145	5.04578158938627	5.28198389847819
6.53821338899156	6.504526373904	6.64106499178302
4.86158105995802	5.49072057437897	5.50437631981464
9.34830912410982	8.8935686646499	9.12547260658951
4.90690505046751	5.20981974775166	5.15073936519994
4.83837366879669	4.8259047659686	4.96787530805013
4.84615101938841	5.28853172376571	5.5310114463181
5.6776796150876	5.80374311604444	5.91492642810117
9.31436994160165	9.50074293021704	9.35150177056484
3.97941755025188	4.59763577829548	4.19582725472848
8.91154543735941	9.1491517959235	9.0530426913128
8.49310644782202	8.53713103933593	8.50996600151028
5.14619599637732	5.52904869303807	5.44024598239492
8.79080798554463	8.12567121093181	8.17204987144535
4.87684781661132	4.91129625719925	5.05610249106186
6.12077339949742	5.4739773105444	5.9350106741445
4.79884530461005	4.98405259963456	5.10419677926291
5.21988154451034	5.08306260546572	5.43084728439267
9.15913153646762	8.97515619914616	8.9291815953423
9.7145255399517	9.1838858248771	9.13418543653908
4.60161295717201	4.49072057437897	5.03144043682759
9.23883774846405	9.05706739693278	9.2253480976054
5.06187971044385	5.12656424410231	5.30274245864499
6.02466863134678	5.89041752752333	5.88770495936614
8.54240814388291	8.66986410585066	8.42375785960635
5.02809139698757	5.64826185136545	5.48634239698437
9.28319829842898	9.53006146601114	9.3458869503455
9.83593462334527	9.99753926660141	10.0803500373085
9.54479968200351	9.46976095574333	9.46635619710919
9.03321036761258	9.35747641764475	9.17486763609283
4.58311661355461	4.84339219269744	4.66531253802969
9.7348288117389	9.55083448921362	9.42079361972875
2.39445504953072	3.22324026351398	3.30274245864499
5.32936002130883	5.7304476067207	5.49538753658738
7.87018848049712	7.83248741635857	7.60808766933675
5.14619599637732	4.56638484431105	5.36328400058004
6.13354069557129	5.66310961577276	5.8808185737809
9.57026140865304	9.29569546558463	9.49087205546489
5.43111352010957	5.80820276423514	5.6653125380297
8.54240814388291	7.94104360059329	7.93667180851442
9.89781313921091	9.8170809155816	9.87086144920273
9.12836760065292	8.96620459830164	9.18538550800683
4.89195470900154	5.65817732023054	5.19582725472848
5.24363014728295	5.84773112842178	5.65727521896428
9.71585264430514	9.68479550051101	9.71261825280805
4.85388666816802	4.90298098898724	5.11597394703926
9.0916270538379	9.28213395256755	9.33773788000119
5.84615101938841	5.84773112842178	5.94164376647695
9.99829953847149	9.59892332415595	9.81866752447471
10.366674655528	9.69506598596948	9.66180171923254
6.0212377259465	6.19967179237558	6.07432624968077
5.04845919468153	5.40499070035309	5.25027503875085
8.08589068428876	7.73981578925489	7.71261825280805
9.84493856865658	9.66955776865005	9.56792213631034
4.26118851866726	4.49072057437897	4.69702139775703
8.02209621751655	7.51820131080108	7.58920120999011
5.94723714450272	6.39613072343286	6.08035003730854
8.57845523618475	9.13900901046896	9.02051678779136
4.39445504953072	5.09040458080689	4.81731563147474
5.45165045111226	4.87774369748822	5.12765575208689
9.45578652970471	9.15922377064283	9.00714019035476
7.98735173179409	8.45490591110718	8.37435804673846
4.88442103631613	5.89041752752333	5.15073936519994
7.65461357684851	7.53847370582734	7.72612853921429
4.43627522522535	4.4225490717374	4.72804829337766
9.19001727672055	9.34870156950655	9.26555585669081
5.15248225922475	5.30755654944746	5.34338444314233
6.19573545717864	6.46553224228814	6.39262796216218
9.78145867241301	9.18044981243806	9.48350412134752
8.13909105431951	8.00654169340294	7.88426587539937
9.47441035411212	9.52499047646372	9.41066940245504
4.35138632763883	4.58729383407402	4.84588478367152
8.23772954584326	8.16445093230638	8.22602749250418
9.15248225922475	8.7204268041467	8.91492642810117
9.8666082940931	9.50315172392778	9.78816928581523
4.96520369103217	5.43989631530129	5.5310114463181
9.70252634374268	9.83822269998539	9.79642638649053
4.61077295645748	5.1894519500577	4.99363840411521
5.25535943986506	5.59763577829548	5.47724018987712
5.40502429124091	5.71152674482347	5.78816928581523
8.80184779277158	8.95166471634987	8.86433045099233
9.57114154800371	9.27006112026698	9.11377303884599
5.29567689505255	5.40499070035309	5.33333077847841
5.2138828038889	5.37524335695904	5.28198389847819
4.6733144225262	4.79926963946514	5.06827720500796
4.74993570412911	5.18259827901664	5.31301079409881
8.67549866978807	8.90402302228707	8.88856345093619
10.5523963592107	10.2839361952015	10.3339611892557
4.54539694760546	4.6180998808552	4.91492642810117
9.98669221404963	9.51377115838131	9.815511134628
9.65045555194828	9.67078272736587	9.75748238195756
9.60333489297327	9.07522059872467	9.13996489360576
9.81106632280096	9.48550914773363	9.77940188132539
9.49496280026458	9.80541710003526	9.77104648128624
5.04170182850622	5.30755654944746	4.96787530805013
4.13988222244512	4.75375498021277	4.80281606177963
9.24252562123113	9.3718580717744	9.41365449567995
8.97853327499226	8.91491917041659	8.94329728532946
8.55965764073063	8.8319400078751	8.99204161918088
9.03491266284358	9.28453644278286	9.19998288421978
8.4806693445838	8.64639509021534	8.60181961440431
8.93270105134484	8.95418207005242	8.93001576422411
9.07683005190982	9.26114305565158	9.13780030949244
5.98294924122213	6.11220895112524	6.11009738070259
9.54778354044234	9.51172187530821	9.54795558739154
4.52616072874254	4.58729383407402	4.54849887304694
9.49897672164069	9.39724120074815	9.40707911845972
8.27925405701367	8.15572844478798	8.17345944170002
4.6733144225262	4.6180998808552	5.00634945586476
4.95084839805511	4.79028085623788	4.94164376647695
4.47691720972269	4.80820276423514	5.0189494926444
5.43111352010957	5.09040458080689	5.67330532878322
5.39445504953072	5.52904869303807	5.30274245864499
9.4069974327031	9.06500842902518	9.19096384280944
9.37878973056459	9.51069614114421	9.47495563668257
9.04254823219191	8.6995739420617	8.82540805242347
7.23328820306149	7.28693493883137	7.19582725472848
8.59931384108242	8.57948843158522	8.34213155983225
8.04339413959867	8.19371901924616	8.22874187720121
10.079306782202	9.65755959594754	9.81596247048054
8.70840508699456	8.12388348450616	8.35336853171495
8.73115849709848	8.65817732023054	8.47152200941904
6.55016619175334	6.4341370460126	6.66931446858719
8.5471872622603	8.57032843229975	8.67927099561962
8.63958826606959	8.87189743955253	8.58391079320401
5.4414185285013	5.57164056976254	5.31301079409881
6.47691720972269	6.58469672258798	6.42612487415027
8.24803981462096	8.1877415822926	8.09083152117686
5.46686354505877	5.71152674482347	5.51330944458465
5.26699414034846	5.62317087040262	5.43084728439267
7.83739854537945	8.26844374897551	8.0376455863543
4.79884530461005	4.7067575006756	5.09232267897462
10.3417911708576	9.93875743841616	10.18817737156
8.92858624729792	9.25992267347739	9.24693159567648
6.93634882835999	7.22824094457235	7.29499295904005
9.15639730922814	8.62506790557522	8.68026287949567
9.76847165556654	9.61173597534034	9.66180171923254
4.27277649294246	4.6180998808552	4.51330944458464
8.65184289222337	8.93238791354043	8.94329728532946
9.2520702033882	8.96919464090745	9.05762996080846
3.87684781661132	3.86067018412928	3.30274245864499
9.42690599373265	8.99191471740753	8.87649783068644
8.79984682845513	8.74156557120485	8.99443613432126
9.14106816171526	8.81929194289695	8.78540638352
8.70840508699456	8.52904869303807	8.4213869551436
7.06688039150221	6.60534387343074	6.99682668174625
5.71638314441808	6.13368867853569	6.3483851242007
8.44909926558293	8.68267188215128	8.78540638352
10.4781690059322	10.026295048138	10.1724023931431
5.39445504953072	5.66310961577276	5.75088826973577
5.20180997158832	5.35709601024878	5.4022781321959
6.02466863134678	6.229903993795	6.42138695514361
5.50174906270263	5.7162802747941	5.78816928581523
8.34385265495342	8.66249400021365	8.40707911845972
5.0004791657797	5.32010180276658	5.48634239698437
5.37308139873815	5.57164056976254	5.46808019059165
3.43627522522534	4.02294161302816	3.75842194242118
5.637909086395	5.6532281042588	5.53978165594584
4.85388666816802	4.97614740154921	5.10419677926291
8.63678854650108	8.93136617480021	8.94824650130119
9.7187679838569	9.37261104415104	9.59078455937994
7.86636929880706	7.8259047659686	7.81731563147475
5.14619599637732	5.4283546934186	5.37313178653639
5.31261675747426	5.71152674482347	5.23954863215779
4.92170205239559	5.16879247949161	5.5221875959311
9.60419509077728	9.1438688054333	9.29822697752249
5.78677247230948	5.72574060404317	5.73570186592109
8.40370736276892	8.20475469266881	8.22602749250418
9.19801639842987	8.88989166819879	8.9523579177084
5.45673932778506	5.52363519685171	5.44024598239492
5.34041520981783	5.36921956933127	5.06827720500796
5.15248225922475	5.55050180270439	5.63289106033732
8.99611661319364	9.06733573238661	9.12401533874753
8.79432982348756	8.87615161157249	8.81008406224367
9.56791174194328	9.33485897357672	9.26357186136431
8.53099388247848	8.22240512887944	8.0982719453058
8.79834428184381	8.19627321591372	8.49988892882232
4.37308139873815	4.57687721812869	4.90137989626322
7.96073298698695	8.36770968427363	8.29369731904198
6.35956025908453	6.6947649541393	6.84941647464177
9.53340440106916	9.2286568866369	8.99921327458313
7.27853576223115	7.53039889907101	7.48407222335955
8.96877030605236	9.37749580869042	9.24156591755879
8.64851103152562	9.10316381152223	8.90647476338598
8.62440482204525	8.87615161157249	8.91745230276019
5.93998740542334	6.23322435208661	6.36328400058004
9.62638208428059	9.41086726668976	9.57113407464829
9.98823062005819	9.86040180071471	9.88168117173837
7.04170182850621	7.29490124864143	7.38777856250079
5.03491266284358	5.16183971884984	5.49538753658738
6.52373806647568	6.90506430348774	6.24492180425665
11.0434998431589	10.869498943504	10.8885634509362
4.95804389945931	5.04578158938627	5.26092228295036
5.43627522522534	5.10497738189417	5.39262796216218
9.4850345371452	9.17829814158302	9.16214412847219
9.12876619025095	9.36997391969663	9.17063892263764
5.00743192642147	5.26925266127082	5.33333077847841
5.72484472316628	5.96020585768019	5.96136200109145
5.55016619175333	5.62317087040262	5.8945586304072
4.72484472316627	5.22324026351399	4.78816928581523
9.93087369829384	9.97961125685279	9.85337932021844
10.3556493620063	9.67902410513614	9.815511134628
6.13671494336644	5.79478224847282	6.08035003730854
6.01779864197973	6.45134633604483	6.1334613737681
6.86923463250145	6.96420778823769	6.92500350078912
8.72484472316628	9.10769347000275	8.96706275097943
8.70306176592025	9.15704018457305	9.02598895110422
9.08794200703004	9.49453035823974	9.27609133055499
4.62892030316774	5.20306238157636	4.94164376647695
9.2101208850927	9.09406160441498	8.99603027265019
5.61077295645748	6.09040458080689	5.92834694386349
8.94271032861143	9.30795024437169	9.10493567558681
9.4102800166924	9.33563150106018	9.37435804673846
9.30699220828038	9.03915719907502	9.02364627934579
5.34591119757268	4.8259047659686	5.28198389847819
8.31542083035096	8.97961125685279	8.77430155608732
8.79483224210343	9.11536139979216	8.804636497404
4.75820332011271	4.96020585768019	5.13924372636211
9.67057945480496	9.26317473468174	9.14140614751273
5.14619599637732	5.25625532074195	5.35336853171496
5.45673932778506	5.79926963946513	5.82451113287895
9.99808139451691	9.63702487948275	9.71310294793806
9.07848167778098	9.0775314994925	9.44608922667639
9.14540828407772	9.25135097027093	9.15431304807975
6.68853515946497	6.80374311604444	7.02832782496026
5.00743192642147	5.18259827901664	5.37313178653639
8.21087405401656	8.51206362469767	8.48179847183943
10.050564397216	9.49901989759746	9.62981385680831
9.23069109157545	9.13146606980632	9.27412178070522
9.71027058375143	9.62853933795118	9.54360192119542
5.54539694760546	5.57687721812869	5.57433887798221
4.56438005097303	4.8692321976327	4.69702139775703
9.27745764906037	9.24560807654244	9.30338637521042
4.59239442714263	4.89461751605261	5.03144043682759
9.97055031249764	9.48898552300822	9.58549995625167
10.0699970378664	9.7380638824933	9.89455863040721
8.18427634180357	8.6168293435288	8.59762573051812
9.62525255199279	9.56539726067347	9.59552420787283
6.15248225922475	6.6282240981289	6.62054266790967
9.01348822634157	9.29648924554462	9.27936795027118
9.105464009382	9.04483710814737	9.11156876791926
5.14619599637732	5.52904869303807	5.25027503875085
9.39445504953072	9.11581118780544	9.05151035442856
8.03831123930544	8.14166183691222	8.11303865601471
13.5616517929463	13.2250914940419	13.3203065109934
12.1921165753845	12.1445302381831	12.2978231214493
5.2138828038889	5.43989631530129	5.58285037783772
5.93998740542334	5.68267188215128	5.84588478367152
10.0908089676006	9.86013336736368	9.79276239711571
9.20823624074776	8.46129109751633	8.83523753947201
10.2491401286752	9.7546217240303	9.90223029124268
9.24068286323261	8.97267520964241	8.97759046288334
9.53761314141025	9.44384251829627	9.56952899933989
5.12077339949742	5.09770938143013	5.49538753658738
7.01089578172505	7.1211977343525	7.04382416128343
9.80184779277158	9.50005396409082	9.49087205546489
9.56113505513613	9.05753572838987	9.24022137408693
4.51644557390933	4.74447716662476	5.00634945586476
8.84566616136305	9.1247776246283	9.15145481031298
8.7137286909721	8.98109322415402	8.87389915984111
10.0467728180536	9.51581753466894	9.48464010175337
6.91617094642236	7.26601428720428	7.22330799115058
5.31261675747426	5.44563268485043	5.50437631981464
10.0850693378157	9.94053587754005	9.92959874007295
9.23291747325323	8.9410436005933	9.11009738070259
5.12717117069557	5.24971247487518	5.28198389847819
9.87921872107407	9.31658446244434	9.51886468841782
9.90481199692589	9.63984233841617	9.68422360961791
9.01607602083072	9.04625359823749	8.93251538086019
10.2449176931434	9.76956313264894	9.90137989626322
7.57026140865304	8.0967983014877	7.74521208520356
4.96520369103217	5.26276862770063	5.42138695514361
7.98030128384207	7.34333410900429	7.61017098383723
7.94361682882403	7.89671293405481	7.58285037783772
9.68988637717251	9.61714708277485	9.71745789183456
6.91801700558773	7.03440679952161	7.07734128743621
8.78929599060356	8.39390720122407	8.24626197624423
4.6820316396273	4.63827776279283	4.99363840411521
8.9064401898091	8.43124876668778	8.50549599006167
9.91570906230096	9.65508605047938	9.77893895976169
4.97941755025187	5.13368867853569	5.10419677926291
9.49527196024452	9.26195607062992	9.15716563435937
9.52888136975164	9.16705742812086	9.08709686974912
5.35138632763883	5.65817732023054	5.73570186592109
9.46843905579839	9.25992267347739	9.24826990286047
9.96743385848955	9.35937695150001	9.40947363360011
5.15248225922475	5.4962587579204	5.31301079409881
9.33386141354377	9.53208488154744	9.51831012564301
7.40765454728558	6.6532281042588	7.08933882053579
9.16962956583917	8.87189743955253	8.76498178827075
10.1989657273059	9.93085503394778	9.98563674721447
5.08835192180504	5.52904869303807	5.49538753658738
6.76026284229101	6.19286661447047	6.44492246960439
5.89570684386264	6.11940445252945	6.15073936519994
4.37308139873815	4.57687721812869	4.83167092445181
5.06854344072486	5.3990900989134	5.17345944170002
7.39180059608474	7.68873108904575	7.54849887304694
9.60017643903989	9.62317087040262	9.61847428756844
8.0374623454646	7.24313982095169	7.28459511193473
8.96341707155816	8.86281545596083	9.00397464867686
8.29993054444619	7.84664761726241	8.15502672360303
9.14855655601096	8.58599586273961	8.79000828547901
8.78929599060356	9.00702671443319	8.7955112611564
6.30134564513924	6.8214995868486	6.67330532878323
9.24840667922329	9.00702671443319	9.15073936519994
9.44302205766593	9.02294161302815	8.93001576422411
10.1297621827247	9.86201135280529	9.81505965753438
9.75485031323441	9.96994118428291	9.81596247048054
9.84954047061559	9.77469931503902	9.804636497404
9.90829873440221	9.51308838740743	9.60495704595807
9.66591807743509	8.95820072178981	9.26885646449258
9.36836340094019	9.04247319636027	9.09157729273179
9.73587576029057	9.38086790615291	9.49482387373947
8.57845523618475	8.82865118796856	8.78356150469968
5.18350915484538	5.71152674482347	5.57433887798221
8.78272563924678	9.18001973491486	9.01580978511383
4.97232812546556	5.229903993795	5.30274245864499
4.93634882835999	5.46270619820938	5.23954863215779
9.18427634180357	9.11311035386677	8.92081327117808
10.120172151295	9.90662481747535	10.0232554639456
8.78373841221985	9.041526546037	9.01187551749736
8.105464009382	8.24149196807021	8.25294422552684
6.70145490289069	7.00944937670004	6.95809428725754
6.601612957172	7.10134795849347	6.72035390158766
9.34453916224256	9.55912681599127	9.51275274188012
4.81478684847907	5.16183971884984	5.49538753658738
8.45228754321398	7.89146867149762	8.20688244323747
4.40502429124091	5.21654561093998	4.95481915522468
8.01607602083072	8.14783286085596	8.08784457385546
9.29105457796681	9.63859081368717	9.6852120954674
9.27673845909489	9.67170076433028	9.55066997208857
9.84105186473074	9.60662456152274	9.56577686447878
7.39974934920023	7.84773112842178	7.67131127865113
9.23625061691735	9.17268873253284	9.18258823123928
9.48876564708919	9.08352257519412	9.0938122971151
5.62892030316774	5.67292390559972	5.55716373417407
9.24252562123113	9.25503079524117	9.33080637706286
8.91986070557142	9.06034252896564	9.12983559894969
5.05518505786984	5.28853172376571	5.36328400058004
9.12277575240856	8.97515619914616	8.83256340517368
4.79884530461005	4.99973422186683	5.10419677926291
4.46686354505877	5.03059518557159	4.90137989626322
5.52131132908114	5.57687721812869	5.64106499178302
5.0751765330573	5.55050180270439	5.59131195658592
8.87494828369585	9.09861988637729	9.03841935684262
9.05895462174123	9.19712361089318	9.0982719453058
6.59470458782983	6.54783754517733	6.30788576192095
8.91247172634205	8.5065858960823	8.826304414702
10.1808207831674	9.79618605810084	9.91239612337616
5.33489820485026	5.27570768340812	5.53978165594584
5.45165045111226	5.34486970791552	5.48634239698437
5.51156335252958	5.46835276135052	5.59131195658592
4.80683809536359	5.03059518557159	4.99363840411521
9.66454421289846	8.91077795468212	9.16710550171662
10.2334735322468	9.81042742934966	9.94577401562167
5.60161295717201	5.8692321976327	5.7955112611564
5.22585544555497	5.14077810332201	5.45886166056227
9.48783377384704	9.04955334327548	9.14500299565079
7.90131681220523	7.86281545596083	7.79367926720751
9.58224375175071	9.6532281042588	9.68125408189872
6.01779864197973	6.31697570177986	6.4022781321959
5.84226758490118	5.98405259963456	5.95481915522468
4.85388666816802	4.63827776279283	4.99363840411521
6.01435134036126	6.1757118934314	6.58285037783772
9.09611825470561	8.90870288055108	8.97516780061648
8.55313898291624	8.8681647206762	8.58814467750724
8.93498199259608	8.91801729982671	8.93417938916564
10.1375074152572	9.9609570657372	10.0897121405122
4.38380780533121	4.4341370460126	4.84588478367152
5.99699017969983	6.1301308591225	6.06220269059828
4.58311661355461	4.89461751605261	5.03144043682759
5.6512881161962	5.38124209758048	5.8387953588852
4.10140807463048	4.63827776279283	4.90137989626322
4.55491972172396	4.7067575006756	5.29240051442353
9.18657545789316	9.55149963216726	9.54795558739154
9.71000423185538	9.47292437651817	9.41066940245504
4.44654356067917	4.59763577829548	5.11597394703926
7.56438005097303	7.40056751331891	7.30788576192095
8.76949448087764	8.23405324900162	8.33836636837571
7.98294924122213	7.15835073276996	7.51775534961584
9.90038333107212	9.72721319276027	9.88856345093619
9.95490028256219	9.87800887441037	10.0244275926825
8.61305389770872	8.83412839667679	8.76778404562487
5.37308139873815	5.53981512390714	5.61640293754875
9.35309305330918	9.02006102297121	9.1818880637706
7.32797214718459	6.99387357044559	7.1334613737681
6.26118851866725	5.70197243811022	5.94824650130119
7.57962199325675	7.24807211649392	7.33333077847841
8.6787688526183	8.86976564006469	8.60912970263657
9.45387904369626	9.26358072737919	9.26951568088097
10.0844530209502	9.66280184082954	9.76498178827075
5.54539694760546	5.69235443554862	5.69702139775703
8.99261704800674	9.09770938143013	9.12401533874753
9.78904383731429	9.24971247487518	9.39746111589812
6.34865135991759	6.64826185136546	6.55716373417407
9.73561409437149	9.60886303371874	9.46174878388099
7.26554492371139	7.42254907173739	7.17345944170002
9.33765934452732	9.06873031445836	9.0795984378954
8.91986070557142	8.87349422448686	8.63493888898618
6.27277649294247	6.32633375647809	6.4022781321959
5.68637057535164	5.35709601024878	5.10419677926291
10.0660481474405	9.77583820993999	9.75136027858699
8.81726187917856	8.67292390559972	8.77523023010773
8.3744265690369	8.16183971884984	7.94494891120062
8.07930678220203	8.20221548102906	7.97274106322194
9.07103442558697	8.47608087598277	8.70970665738815
10.072899845769	10.022701783414	10.0941844614512
9.3307465615798	8.95418207005242	9.12401533874753
7.15404955437172	6.6282240981289	6.75088826973577
10.0749697098843	9.58274581621782	9.65828233596216
9.4452640084526	9.31775786229828	9.2034367882896
8.89007497578331	8.20813337112378	8.57433887798221
5.67331442252619	5.50727175064282	5.70484090221633
6.01089578172504	6.04578158938627	6.2013654382699
10.2084248160099	9.96495691592612	10.1667516831886
10.2747588360749	9.84556329173907	9.81280015035225
5.80683809536359	5.78576537511539	5.95481915522468
9.93315752818488	9.57524280644274	9.88555649278756
6.69716116448057	6.3479360109633	6.91829327919956
6.21688529205042	6.21989682043962	6.28720160774921
9.340071014411	9.20390878526205	9.36204828740737
6.18043632079575	6.11581118780544	6.41663342517297
8.28498757689334	7.71509335984366	8.11303865601471
7.18350915484538	7.11581118780543	7.40947363360011
9.64878898067221	9.14827263986894	9.4355542870702
6.55965764073063	6.31384281229489	6.63289106033732
9.44013442068098	9.03154903356725	9.30338637521042
7.95265064068909	8.07197910633671	8.23415537338757
7.31682082564849	6.9602058576802	7.5636283979002
9.16458449397791	9.22699239837509	9.36821629612227
5.10140807463049	5.53444195180829	5.30274245864499
6.95265064068909	6.97018994625282	7.28720160774921
6.17117835293466	5.95619279517357	6.13924372636211
7.8048440452315	7.32633375647809	7.53978165594583
7.39710462794467	7.03820836968147	7.61225129427828
5.14619599637732	5.34486970791552	5.64106499178302
5.4968167671604	5.3990900989134	5.68915927998406
5.42073437432957	5.45134633604483	5.82451113287895
5.09489476767181	5.26925266127082	5.54849887304694
6.47691720972269	6.37824584512056	6.60391199336555
9.1115266112756	9.05847193545769	9.20825840427729
9.08958096777534	9.01669304902667	9.08560029799574
5.08835192180504	5.26276862770063	5.33333077847841
5.40502429124091	5.24313982095169	5.88770495936614
9.73220811157976	9.20390878526205	9.44258612084944
6.04845919468153	5.67292390559972	6.25560848305389
6.42593328100389	5.98405259963456	6.24492180425665
8.05014360239288	7.93799457859003	8.23280390252445
7.24215725788408	7.13546430342554	7.53540321543526
4.69069650075443	4.68752128181268	5.15073936519994
10.564380050973	10.2152868977228	10.4669310905382
5.29567689505255	5.36921956933127	5.70484090221633
10.3896402506334	9.97614740154921	10.1378003094924
6.98647230778583	6.84773112842178	6.9115517013205
7.83837366879669	7.60534387343075	8.09232267897462
6.23180471188616	6.30440311640859	6.4726674600873
6.61987516356474	6.74912353148112	6.78078975544963
7.04000752996634	6.90714461392877	7.20136543826991
6.31542083035096	6.17225633479518	6.53978165594584
7.26264211580876	6.8692321976327	7.25560848305389
6.93634882835999	6.75144111437452	6.97435934162033
9.97897548037224	9.63827776279283	9.78032727907417
6.0004791657797	6.11581118780544	6.11597394703926
6.16186059154062	6.14077810332201	6.33836636837571
5.38914124963425	5.48516104903707	5.71261825280805
5.56908705365056	5.55581560260086	5.9350106741445
8.09652585325074	7.81708091558159	8.08634877792998
6.81874486204776	6.7304476067207	6.98081436375763
5.99699017969983	5.97614740154921	6.23954863215779
5.13988222244512	5.35099581071236	5.56577686447878
6.25535943986506	6.26276862770062	6.29758075352921
9.10303181711015	8.89618936480904	9.13128700253376
6.85581411673913	6.96220821059134	7.13635544703729
9.77815934200477	9.53309552610077	9.60965043718144
6.88253145511491	6.66556945446057	7.03454634769541
4.9934927354636	4.85205705382457	5.31301079409881
5.43111352010957	5.4283546934186	5.77337228388715
4.74993570412911	4.8259047659686	5.04382416128343
8.47315529092649	7.95820072178982	8.4332027053908
8.02466863134678	7.67536708152805	7.91492642810117
5.35138632763883	5.29490124864143	5.54849887304694
8.9267536715788	8.84067371621778	9.04536467935921
5.48191789078106	5.30124277551526	5.64106499178302
5.33489820485026	5.41086726668976	5.38291280732897
5.08177926788155	5.05331526207167	5.47724018987712
9.61105827140766	9.39945959437986	9.50101208578126
3.74993570412911	3.19627321591372	3.49538753658738
5.97941755025187	6.11581118780544	6.19582725472848
6.07848167778098	6.0608097986186	6.23415537338757
9.28355633169571	8.67108880460068	9.06676097256058
5.62440482204525	5.89461751605262	6.05610249106186
10.1520901692533	9.61269235259836	9.89156415482178
8.84323942396851	8.8681647206762	8.93417938916564
5.23772954584327	5.51274688070897	5.6653125380297
9.6985043309875	9.48446459957103	9.62570068213084
10.1233759167551	9.60342070712833	9.84985732874478
8.77510709465848	8.54383191083853	8.51886468841781
8.40896787922961	8.49141401108585	8.5430567879787
10.4502159644042	10.0631438794398	10.1790839908939
8.58137036152674	8.51820131080108	8.78908907866812
5.48690129829531	5.6130110041824	5.94164376647695
6.79684016871967	6.88198069037469	7.02208238212936
4.646842211165	5.13368867853569	5.04382416128343
9.17889744593957	8.92213781684667	8.8712957996624
5.85002402853562	5.66310961577276	5.96787530805013
5.54539694760546	5.4962587579204	5.5310114463181
6.17117835293466	6.50177576288797	6.6369838149712
8.87447300942342	8.92829660972545	8.93750165900661
8.2619155003107	8.1609682630451	8.18608398056508
8.4706418842962	8.15835073276996	8.05151035442856
9.19801639842987	8.86442231899039	8.74236559620211
9.52737053597561	9.16271064857197	9.18678211512547
9.47785615869231	9.16445093230638	9.19652069143535
9.28820269655207	8.97118456541726	8.9572762010202
9.10343746734223	9.08306260546573	9.06676097256058
4.23772954584326	4.59763577829548	4.1276557520869
9.58689292408314	9.46835276135052	9.49143726410714
5.96877030605237	6.05331526207167	6.02520848311608
9.90411363706994	9.71331115450165	9.76123695802823
8.01521393831873	7.30755654944746	7.64106499178302
9.67140048966021	9.61746475205741	9.55066997208857
9.45387904369626	9.44025550739599	9.36390146048284
8.53099388247848	8.98454523922988	8.77893895976169
8.64628550846047	8.99240468006834	8.83701754591729
4.86923463250145	5.52363519685171	5.20688244323747
9.25170426932386	9.64857274352071	9.46635619710919
9.22249817051231	9.2905252228267	9.10271785033699
6.95265064068909	7.14077810332201	7.19026772938657
7.07848167778098	7.0608097986186	6.80281606177963
8.45927705058696	8.36921956933127	8.24223771968543
5.4102800166924	5.4283546934186	5.59972419640212
9.38113367103288	9.38535181043332	9.37558326553048
7.62892030316774	7.84664761726241	7.66531253802969
9.70947138049534	9.31148867246187	9.49030662530249
9.60190008923403	9.48967979397489	9.470948942861
7.87779664600488	8.16618911931289	8.07884644671815
9.96095685152939	9.39353628078472	9.36821629612227
6.04508446790087	5.6971714518464	5.68915927998406
8.64906687627952	8.8617432187945	8.68817349583851
8.991740828702	8.80374311604444	8.56792213631034
9.91801700558773	9.47502947665951	9.4789512338107
5.62892030316774	5.86495754253238	5.59131195658592
4.77459775836338	4.8692321976327	4.87389915984111
7.16341773690591	7.46835276135052	7.5636283979002
8.34453916224256	8.59827969486091	8.74994378849687
8.41877994408139	8.53645923720929	8.56147672704516
5.24363014728295	5.30124277551526	5.4118641810251
9.48410024998407	8.91801729982671	9.15216990080638
9.60791669925668	9.61428490717103	9.59710063677588
9.84542367123038	9.68873108904575	9.61329032568141
9.42073437432957	8.93085503394778	8.96136200109145
10.2040813365931	9.7162802747941	9.82001815185457
8.71797347532417	8.76469544604341	8.77801267077906
9.90783432266768	9.48272200358565	9.38169380003981
9.07144917190027	8.41963747631749	8.56039968702433
6.21988154451034	5.95619279517357	5.81008406224367
9.70118691829981	9.29370910282985	9.30916872780442
6.89007497578331	6.43124876668778	6.44024598239492
9.28855949018339	9.43989631530129	9.3402501924182
9.19687637858321	8.65817732023054	8.782638179842
9.11071973483349	8.97118456541726	8.84323033022554
5.86923463250145	5.85205705382457	6.16214412847219
9.44109760868219	9.01861856821926	8.97435934162033
7.01262459564179	7.59634708232691	7.17627445730708
7.01607602083072	7.27248378253383	7.16781287855887
9.12157467418666	9.23156512816492	9.26555585669081
4.79080798554463	4.6282240981289	4.91492642810117
8.7137286909721	8.4767813834211	8.73665571391676
6.04508446790087	5.96420778823769	5.90816906192586
7.78475047472427	7.77555357049133	7.79000828547901
9.62242484618576	8.89514165594608	8.99523342367059
9.39776626292113	8.8977595028645	9.31620471845155
10.2650010919373	9.76727450232027	9.64055547560577
9.68094486365057	9.67719675208513	9.66681456319493
8.59873848911432	8.20306238157636	8.28198389847819
7.69608573018485	6.98798901419373	6.8564540253817
8.5825347643671	8.85959635077796	8.61536614624226
6.34316582083386	6.49901989759746	6.73570186592109
4.79884530461005	5.13368867853569	5.18468669712327
5.34591119757268	5.55581560260086	5.57433887798221
8.597011055213	8.70317019246784	8.47724018987712
4.89195470900154	5.23653708612745	4.96787530805013
9.16497320340795	8.78010107635547	8.82899016485566
9.9184781515213	9.44491688476585	9.78125208361923
9.19421282374877	8.98602214948433	9.02129979733073
9.08712182790569	8.94560508528847	8.87476590365865
9.94926958678423	9.47748155088977	9.5928929924054
12.6559277903292	12.5408203695924	12.6399183272313
7.77765108234093	7.6765871196903	7.73760893168576
8.23477017036272	7.87455776676937	7.94164376647695
9.69930963105914	9.52024141725589	9.46463014102188
10.032358466176	9.24149196807021	9.37680744467978
8.17889744593957	8.20560010437825	8.30660165410062
10.0503540151462	9.7067575006756	9.83434671200258
5.02809139698757	5.05331526207167	5.39262796216218
5.52616072874254	5.20981974775166	5.49538753658738
5.75407543449003	5.98798901419373	5.68915927998406
8.12237550409392	8.1283486537805	8.06979184560996
6.55965764073063	6.4341370460126	6.43084728439267
8.56261095811998	8.45987460742621	8.54849887304694
9.31436994160165	9.13768076574642	9.11083326189217
7.82170626241886	8.30124277551526	8.0236462793458
4.43627522522535	4.93595831143351	4.96787530805013
9.64349876809063	9.92188062903231	9.77011510937468
6.13671494336644	6.31697570177986	6.33836636837571
5.94361682882403	6.14077810332201	6.12765575208689
10.3663366691048	9.93059939559486	10.067519287974
5.12077339949742	4.86067018412928	5.29240051442353
5.4968167671604	5.83029653508576	5.80281606177963
10.4189429144335	9.78491714674746	10.1045662747294
5.47189913495607	5.50177576288797	5.5310114463181
9.41812787851508	9.08306260546573	8.95972906934849
5.53099388247849	5.67292390559972	5.55716373417407
9.87661051172701	9.55183208868236	9.74331505003097
6.70573590021858	6.72101819380077	6.75088826973577
9.21875867893993	9.00216915078388	8.9572762010202
8.58311661355462	8.96670336928012	8.93168265642675
4.72484472316627	5.08306260546572	4.96787530805013
4.48690129829531	5.11220895112524	4.81731563147474
9.40172971332847	9.73367478558539	9.6033891830533
4.4968167671604	5.11940445252945	4.59972419640212
4.57377874897528	4.16879247949161	4.78816928581523
4.37308139873815	4.63827776279283	4.74331505003097
5.31261675747426	5.30124277551526	5.59972419640212
10.2430779899601	9.9556903765577	9.97233620983332
6.18963525764222	6.43124876668778	6.57433887798221
8.53761314141025	7.943072707877	8.10123740378236
9.17040416722202	8.94053587754006	8.92584008825291
9.24510153449962	9.38049361764624	9.41007164191577
8.49434428148087	8.48307069121053	8.15216990080638
9.44462380651581	8.93442922274677	9.06372371872113
9.29069840093973	8.85637004669565	8.90477847272508
6.0981550968354	6.45419469835386	6.51775534961584
7.55847461890059	7.84447815062669	7.79916828476448
9.14737675899205	9.05284555832639	8.99603027265019
4.47691720972269	4.79028085623788	4.88770495936614
6.04508446790087	6.30124277551526	6.46808019059165
5.13988222244512	5.36921956933127	5.37313178653639
4.95804389945931	5.24313982095169	5.30274245864499
9.05769919450533	8.80764606153061	8.86694639919935
8.35343415628769	8.41963747631749	8.45886166056227
8.84080859771375	9.11491147150507	8.98242361661928
4.95804389945931	5.20306238157636	4.84588478367152
4.9934927354636	5.3990900989134	5.46808019059165
5.03491266284358	5.58209492739971	5.54849887304694
7.55491972172396	7.94914296244634	7.8945586304072
4.65572036251145	5.13368867853569	5.19582725472848
9.46780905795393	9.21905974757547	9.22058335381405
9.47472394938362	9.45703744812268	9.50157333653368
9.88630814586039	9.69446385948291	9.73713240152753
10.0124086071631	9.47502947665951	9.55121223672224
4.69069650075443	5.05331526207167	5.25027503875085
9.80134781181322	9.57655048388635	9.46980212639291
6.85581411673913	6.60790411374931	6.92500350078912
9.04339413959867	8.72456144987791	8.94659864841971
9.38012959139076	9.00751157245855	9.10271785033699
5.11434713033798	5.53981512390714	5.49538753658738
4.637909086395	4.75375498021277	4.91492642810117
4.77459775836338	5.14077810332201	5.33333077847841
8.82711975860523	8.68024105589652	8.68619990450352
5.80284723516755	5.99582976741091	5.7955112611564
8.53941313545646	8.00070868663936	8.13201215713103
9.52676575917325	9.60950195978803	9.84101454874115
10.1394866926165	9.94484583869211	9.87303189498729
9.84929863086297	9.46553224228814	9.54251144870141
5.23772954584327	5.14783286085596	5.72804829337766
9.48316535738787	9.04105298783781	9.12036571615642
9.29390083297807	9.30598069452192	9.41066940245504
10.3328238766124	10.020781709877	10.0345463476954
5.46686354505877	5.6130110041824	5.72804829337766
7.52978711114849	7.86388689681282	7.71649126195526
6.21988154451034	6.08673826360912	6.29758075352921
5.31261675747426	5.46835276135052	5.56577686447878
8.63734892523832	8.41086726668976	8.27543511264925
4.46686354505877	4.52363519685171	4.69702139775703
9.33765934452732	9.07105162636848	8.97031023696718
9.47723026061703	9.70586150952317	9.65172347328174
8.77204837611156	9.12790275823039	9.03144043682759
4.4968167671604	4.91129625719925	5.18468669712327
8.92767025041579	9.03107218839984	8.93417938916564
5.15248225922475	5.30124277551526	5.37313178653639
9.73639894979436	9.38385872358245	9.69995868083659
8.80184779277158	8.67475667532436	8.82899016485566
9.06604814744055	8.91801729982671	8.87042696793431
8.58776297841098	8.94053587754006	8.91913376570215
7.50666455311675	7.8935686646499	8.01266322979697
8.74266246921693	8.74389531743724	8.71164837375244
8.17427094799004	8.80094881913973	8.6481793882265
7.62666432922738	7.50315172392779	7.5636283979002
4.97941755025187	5.12656424410231	5.10419677926291
8.31682082564849	8.96520653873856	8.7556014233588
7.61646856212148	8.03059518557159	7.98242361661928
5.65572036251146	5.7067575006756	5.57433887798221
7.96162823680835	7.46694319109585	7.37067613481007
9.30311257131343	9.02725174249722	8.9686874077287
9.81280376219997	9.72956621271656	9.73808530449539
10.2078590162611	9.87296215918823	9.66581338685989
4.47691720972269	4.98405259963456	5.12765575208689
9.17311200158345	8.60534387343075	8.49538753658738
5.08835192180504	5.42254907173739	5.44024598239492
9.69447107412276	9.1438688054333	9.3181176845319
10.6411257990785	10.0116262998003	10.1156073620949
9.3824713577684	9.00508565118593	9.21785356105847
4.65572036251145	4.79926963946514	4.81731563147474
10.1477701318754	9.80541710003526	9.98362937936468
4.57377874897528	5.11220895112524	4.90137989626322
8.38581015824236	8.30361367997801	8.40827687281734
8.95938906975806	9.33215186507937	9.09975543648113
5.2138828038889	5.52904869303807	5.39262796216218
5.61987516356474	5.85637004669565	5.92834694386349
8.81973267108388	9.08536098900248	9.07432624968077
9.67467996455042	9.19073339651432	9.2314511644592
4.22585544555498	4.23653708612745	4.34338444314233
7.59931384108242	7.78123571663487	7.94164376647695
6.08835192180504	6.45419469835386	6.5310114463181
5.03491266284358	5.04578158938627	4.92834694386349
5.44654356067917	5.91543598756017	6.06220269059828
9.51492165379205	9.43881820213051	9.52715765074806
7.19421282374876	6.59763577829548	6.75466002362498
10.1418582466424	9.90402302228706	9.77058087048959
5.21988154451034	5.06826560353765	5.28198389847819
9.58020501813471	9.1247776246283	9.20825840427729
8.09896902917907	7.62569969671336	7.84411569081846
4.51644557390933	4.99191471740753	5.09232267897462
8.38647699210719	8.55581560260086	8.37680744467978
8.60677261113892	8.73864808782256	8.58814467750724
7.61760498993991	7.76067439415255	7.71842387448926
5.58311661355461	5.88198069037469	5.68125408189872
8.67985726839297	8.8617432187945	8.7631105882148
9.12956303923055	9.02916323007846	8.99762265144418
6.2138828038889	6.48516104903707	6.3181176845319
8.71053688648239	9.06873031445836	8.66531253802969
4.0751765330573	4.31384281229489	4.19582725472848
5.56438005097303	5.63827776279283	5.72035390158766
6.65350594144601	6.31697570177986	6.51775534961584
9.22734506369546	8.88409452964061	8.75183213306082
9.23328820306149	9.21738414339072	9.16781287855888
9.12037259520511	8.85367593752639	8.79459555497466
6.68637057535164	6.87349422448686	6.92834694386349
7.55610566099411	8.09223425136398	7.8370175459173
5.00743192642147	5.30124277551526	5.33333077847841
10.3429940612002	9.94383288794599	9.99284023256462
7.85388666816802	8.04010540485406	7.98563674721447
5.14619599637732	5.58209492739971	5.65727521896428
10.4241482691964	9.696269485552	9.94701078812852
9.08589068428876	9.041526546037	8.95399920917198
9.65544374568751	9.37749580869042	9.34776098616765
4.86158105995802	5.27570768340812	4.83167092445181
8.45610419898727	8.29092359230068	8.43202547558995
9.46117741754568	9.1438688054333	9.01973335304993
9.47848178534604	9.58209492739971	9.44375476817206
8.84421060881898	8.9318771346217	8.97435934162033
7.60276114270089	8.05143552885345	7.75466002362498
9.62242484618576	9.63042933172483	9.55283780877128
4.47691720972269	4.88620527623642	4.99363840411521
9.72853111512866	9.8982825027038	9.96176994540094
4.81478684847907	4.65817732023054	4.83167092445181
5.28998578297469	5.16183971884984	5.23954863215779
5.12077339949742	5.67292390559972	5.80281606177963
10.4920224714617	10.1489320571308	10.3871712398057
10.1463928572688	9.50966967717996	9.52163430923558
5.94361682882403	6.23984223085112	6.22874187720121
9.50082554082693	9.50143156748114	9.51775534961584
5.17735692786378	5.45703744812268	5.36328400058004
5.13988222244512	5.42254907173739	5.50437631981464
8.84323942396851	9.1283486537805	9.05762996080846
5.30134564513924	5.67780612697947	5.4118641810251
9.25900537316987	8.98208035730296	8.85820806212165
7.18810616895547	7.54516835840135	7.37803058594922
5.18350915484538	5.14077810332201	5.30274245864499
9.08917140211159	8.97416431527011	8.82720022040659
10.170404167222	9.5749157017954	9.75513080027816
9.11434713033798	8.94459266767437	9.0337704966195
5.34041520981783	5.58209492739971	5.5221875959311
5.4102800166924	5.3931652649563	5.50437631981464
9.41551666505855	9.20136808303648	9.16710550171662
9.53581089877626	9.44956324962221	9.61277090351887
9.31261675747426	8.74331323349112	8.79000828547901
6.58078780749464	6.54249422410303	6.72035390158766
5.10789210820068	5.50727175064282	5.8945586304072
5.46686354505877	5.90714461392878	5.92165229128948
9.18963525764222	8.97416431527011	8.97193124280164
9.88229508335377	9.65043669086124	9.72179972937617
8.3771131527572	7.68509861954583	7.82809547022798
5.85388666816802	6.08306260546572	6.2013654382699
9.97875439462498	9.60438261073607	9.74710662919334
5.97941755025187	5.86067018412928	5.9350106741445
4.90690505046751	5.04578158938627	5.03144043682759
5.87304624645147	6.15485328853374	6.04997638826502
7.8058414148121	7.77896554301005	7.72228135015877
4.89195470900154	5.32010180276658	4.91492642810117
8.41551666505855	8.12298878987848	8.02051678779136
4.82269204656442	5.13368867853569	5.4118641810251
5.637909086395	5.83029653508576	5.6653125380297
5.21988154451034	5.32010180276658	5.50437631981464
6.67767961508759	6.37524335695904	6.73188015496868
9.22660044688363	8.76124951675969	8.7872489061726
4.66454421289846	4.45703744812268	4.61640293754875
7.97764845739882	8.19797350490355	8.13635544703728
7.92721203378787	8.5736065410514	8.23415537338757
9.92262184524847	9.52600610131445	9.65273447195023
4.6733144225262	4.8692321976327	4.78816928581523
4.89195470900154	5.05331526207167	5.17345944170002
9.81032106490704	9.626962449565	9.67479905976142
4.65572036251145	4.85205705382457	5.13924372636211
8.69500949362551	8.82094799248482	8.60391199336555
8.93133075359336	8.43701955454572	8.53320900202235
9.35650045933547	9.14166183691221	9.25760345231516
4.79884530461005	5.229903993795	5.4022781321959
5.69069650075443	5.50727175064282	5.60808766933675
8.23846844216717	8.27972745486046	8.39383776939525
7.6787688526183	8.1301308591225	7.92834694386349
8.18274155970044	7.87242989759175	7.78448423900737
6.10465373413414	6.19286661447047	6.39746111589813
9.44398332036061	9.39390720122407	9.46405432978259
5.20785901626113	5.14077810332201	5.35336853171496
9.46906877865469	9.05472345646448	9.12838273373034
9.06854344072486	8.93493909906976	8.86083512513749
9.41126333721727	9.33447255465359	9.35274654634602
8.79382722984343	8.31932091233296	8.45538946865546
8.0004791657797	7.60277908157144	7.91829327919957
4.83055416433739	5.04578158938627	5.09232267897462
5.09489476767181	5.1894519500577	5.50437631981464
5.54061188504008	5.6432784438512	5.67330532878322
9.91270320569126	9.60630449606588	9.65525887336577
10.4673363789651	10.0742952009759	10.2933732271523
4.88442103631613	4.95216853861478	4.99363840411521
4.93634882835999	5.23653708612745	4.98081436375763
4.73325696298248	5.03059518557159	5.20688244323747
5.28998578297469	5.63325968802621	5.57433887798221
8.74526426440521	9.14519136782467	8.89199231776924
6.62666432922737	7.10497738189417	6.99363840411521
8.28284017628716	8.33408603220228	8.29628743650769
6.59239442714262	6.04199994884384	6.15645301639433
5.12077339949742	5.45703744812268	5.50437631981464
8.42917310954013	8.66741158500354	8.56362839790021
7.38514301601503	7.43269362914294	7.27674725011204
6.55016619175334	6.35099581071236	6.44492246960439
5.27853576223115	5.56638484431105	5.59131195658592
8.74109913689033	9.0802997031705	8.7955112611564
4.81478684847907	5.0608097986186	5.28198389847819
9.24546914694673	8.93748578118011	9.00872036032751
5.61077295645748	5.95216853861478	5.98724063291706
9.2713330760728	9.34831884101487	9.24693159567648
4.9934927354636	5.28213395256755	5.05610249106186
10.0482485053725	9.70765293571472	9.88641626339757
5.68637057535164	5.95619279517357	5.85293954120547
7.62100891218173	7.92675937458705	7.85469785347782
9.07930678220203	8.78689557105324	8.93584148041041
5.17735692786378	5.58209492739971	5.26092228295036
8.87066516810789	8.23819060497996	8.40707911845972
6.59008056130438	6.61045981865307	6.71649126195526
5.10140807463049	5.26276862770063	5.60808766933675
9.35718097587681	8.93034371193609	8.85995996888324
8.18427634180357	7.76182441018865	8.04073818140968
8.60963113206793	8.91388498037883	8.81911787410873
6.19268858161977	5.75837160828314	6.43084728439267
9.3009920000729	8.83412839667679	8.76498178827075
8.38046436225684	8.83303461721508	8.46001720330798
6.15248225922475	6.50727175064282	6.27149152466055
9.85243938995847	9.03440679952161	9.24559204586725
9.95602378938704	9.52261790097628	9.61329032568141
5.11434713033798	5.23653708612745	5.61640293754875
9.39544921176661	9.72603524205928	9.62570068213084
9.49000720916314	8.98995320107424	9.01816520611196
7.77051658155156	8.29331150187904	7.90986137301831
6.11756384302153	6.31070310476433	6.19026772938657
3.9508483980551	4.79926963946514	4.08035003730854
8.75974823731287	8.35861703837163	8.55283780877128
6.77459775836337	6.60790411374931	6.45886166056227
6.26118851866725	6.13723774561676	6.4118641810251
9.11233303669676	8.85367593752639	8.95481915522468
9.24142024890718	9.5960247283895	9.44783759494638
5.46181031733248	5.1757118934314	5.27149152466055
4.61077295645748	5.20306238157636	4.91492642810117
5.23180471188616	4.8259047659686	5.39262796216218
7.16341773690591	6.66064557582129	7.03144043682759
9.76411653982118	9.39945959437986	9.57647146527502
9.32414859466349	9.03678395451798	9.05457340237512
9.5020567720012	9.29450397615072	9.26951568088097
7.41943171506193	7.16183971884985	7.30274245864499
4.53581089877626	4.4341370460126	4.81731563147474
5.57377874897528	5.89041752752333	5.72804829337766
4.43627522522535	4.71628027479411	5.04382416128343
6.83446921434077	6.66802510618688	6.97112096755377
6.00395973451467	6.41086726668976	6.70873481832082
9.88229508335377	9.51547667346454	9.52274067051747
8.14225312690787	7.55978814767413	7.84411569081846
10.0391596339438	9.91129625719925	9.85864623829537
9.68745327336935	9.15003041656021	9.28459511193473
4.79884530461005	5.1757118934314	5.21785356105847
9.31961674714544	8.77213350952762	8.82001815185457
9.66838774144627	9.34294995375215	9.33899458307794
10.1563973092281	9.53410546316749	9.59815063321297
9.46307528456906	9.75635365105809	9.67081233517707
8.33903793521119	8.75144111437452	8.49087205546489
8.94588059053264	9.25951564990554	9.09083152117686
4.94361682882403	5.41671999293519	5.30274245864499
5.04845919468153	5.26276862770063	5.43084728439267
8.54957089773172	8.97515619914616	8.95481915522468
9.64321979776377	9.77953342140387	9.76825055978929
9.28355633169571	9.56868658047706	9.56845795620169
5.86541292154904	5.95216853861478	5.9350106741445
9.41191851208815	8.64452591045801	8.92667619087898
8.98647230778582	8.84447815062669	8.73760893168575
5.10789210820068	5.14783286085596	5.47724018987712
7.04339413959867	7.28053006686496	7.39020529989532
9.98559234737984	9.46093710535632	9.55878261787589
4.43627522522535	4.66802510618688	4.83167092445181
8.95174980079664	8.89514165594608	8.88426587539937
6.0004791657797	6.20981974775167	5.98081436375762
8.24583666574655	8.4283546934186	8.36575225617079
5.68637057535164	5.8259047659686	5.68125408189872
9.40304844746132	9.00314197283078	9.04613432197062
5.92170205239559	5.89041752752333	6.04382416128343
6.65350594144601	6.25298760690804	6.26092228295036
9.85074906165627	9.2005201870139	9.37803058594922
4.79080798554463	5.37524335695904	5.38291280732897
9.05811779164765	8.55116709902279	8.78171426367793
10.083630855354	9.48967979397489	9.52329353315727
9.26663197264456	8.79140752169216	9.01502378943059
9.12037259520511	8.99191471740753	8.98724063291706
6.28140679808591	6.04199994884384	6.37313178653638
8.44590392642312	7.65446700089216	8.00159592589412
5.637909086395	5.38124209758048	5.03144043682759
9.17851247060949	8.66002890770294	8.9572762010202
9.48285359184568	8.95216853861477	8.96299308667038
4.91432252202999	4.90298098898724	5.04382416128343
6.92904402773676	6.63827776279284	7.00634945586476
9.49805142281204	9.75577657303404	9.81911787410873
6.17735692786378	6.33871748093392	6.5266062671981
13.8913675554218	13.5382639965398	13.644848882734
13.1135418302663	13.0227917241914	13.1866948667785
4.87684781661132	4.91129625719925	5.29240051442353
5.65572036251146	6.01909954673376	5.81731563147474
9.05182604577992	9.15704018457305	9.06979184560996
4.74162043591711	5.05331526207167	5.00634945586476
3.03491266284358	3.79028085623788	3.92834694386349
9.23254664815393	8.90610483367412	8.97274106322194
6.24363014728295	6.54516835840134	6.39262796216218
6.93087369829384	7.24807211649392	6.98724063291706
8.53761314141025	8.47257322766871	8.3998716344888
4.95804389945931	5.31384281229489	5.3232065612047
9.79583655473771	9.33987302367963	9.39141713956413
8.77510709465848	9.14739294774358	9.08933882053579
4.79884530461005	4.93595831143351	4.90137989626322
4.92904402773676	5.50727175064282	5.31301079409881
9.74889891282262	9.39168024676971	9.30788576192095
8.75871847635489	8.26601428720428	8.26621658261987
5.28998578297469	5.6180998808552	5.5221875959311
9.38780973588871	9.6098213167436	9.71938921078549
8.94542812227085	9.18731367333473	9.16498128777572
7.89289365797115	8.0608097986186	8.28980340293749
5.24363014728295	5.46270619820938	5.72804829337766
10.0743490624061	9.65415737645898	9.81280015035225
6.68637057535164	6.92778437998781	6.93168265642674
5.47189913495607	5.69235443554862	5.56577686447878
8.77000562173007	8.69596870476474	8.70970665738815
6.03150606140033	6.61555768629275	6.21785356105847
7.6787688526183	7.49349232362902	7.93168265642674
9.28391427613146	8.9318771346217	9.00872036032751
9.28855949018339	8.96020585768019	8.91492642810117
8.94225686481989	9.19924740789219	9.41066940245504
9.68501605920586	9.85690826533309	9.76964919784443
9.63986793943305	9.1795895291443	9.17063892263764
6.53099388247848	6.6130110041824	6.66931446858719
8.72273397657047	8.90506430348773	8.84588478367152
9.18158940068201	8.46270619820937	8.72324410964788
8.66838774144627	8.69596870476474	8.74994378849687
9.54748543215718	9.10633606512837	9.26687700608798
4.76642382691768	4.81708091558159	5.04382416128343
7.72905697445319	8.13812364987603	7.95317879684342
7.06187971044385	6.9602058576802	7.10123740378236
7.42982020308805	6.97018994625282	7.29758075352921
8.67222105753192	8.29807549643658	8.55932184234148
7.09326183592885	6.90298098898724	7.1790839908939
9.51248002843094	9.28213395256755	9.19929111003205
10.1507170145795	9.48376781373721	9.58920120999011
7.23180471188616	7.07937755865787	7.04073818140968
9.4000795987246	8.95719710780785	8.99204161918088
5.85773899366362	6.16532028758481	6.22874187720121
9.27205496502501	9.25870125810243	9.16568970666591
5.04845919468153	5.50727175064282	5.63289106033732
8.55373280677352	8.81486649451615	8.80736285104854
5.0004791657797	5.56110990227037	5.28198389847819
5.94361682882403	6.51547667346454	5.97435934162033
8.06854344072486	8.27651253421889	8.12036571615642
5.4102800166924	5.58209492739971	5.8387953588852
9.77790523455526	9.58176937283646	9.53485497486591
9.28570266738674	8.83084456739658	9.01659535281137
4.93634882835999	5.31384281229489	5.37313178653639
8.97010551673618	9.13900901046896	9.09530037877451
8.54360440849613	8.27570768340812	8.30660165410062
5.46181031733248	5.4739773105444	5.51330944458465
9.86875747190809	9.39613072343286	9.48407222335955
10.1802440511825	9.77640732041715	9.95317879684342
4.84615101938841	5.11220895112524	5.09232267897462
5.06187971044385	5.32633375647809	5.3232065612047
6.02809139698756	5.86495754253238	6.05610249106186
8.34796680709769	8.6971714518464	8.64716519131943
7.86541292154904	8.07290599042955	8.16356340555752
8.60276114270089	8.44491688476585	8.50213436902797
8.00569687505073	7.67047658518098	7.79184494395863
4.74993570412911	5.26276862770063	5.4022781321959
7.94814080569161	7.96320834584172	8.00634945586476
5.48690129829531	5.68267188215128	5.44024598239492
5.20180997158832	5.43413704601261	5.22874187720121
4.4968167671604	4.72574060404317	4.98081436375763
5.14619599637732	5.46270619820938	5.10419677926291
9.57641113802148	9.38423214018629	9.37067613481007
4.85388666816802	5.09040458080689	4.88770495936614
5.31261675747426	5.6432784438512	5.7659164789681
6.38113367103288	6.640780269996	6.64106499178302
9.33178559298293	8.88039327590217	8.93833103243611
9.82834727083864	9.39353628078472	9.34087758753176
9.91501595873688	9.58891465779342	9.72324410964788
9.16924210913189	9.53511469373743	9.45654779472402
