12 290970 292310
12 298150 298486
12 358915 358997
13 214244 216257
19 16143 16333
19 152590 152723
2 20292 20400
2 65917 66152
2 66154 66537
2 137505 137673
2 154734 154845
2 239823 240032
2 240017 240898
2 250337 250555
2 259338 260023
2 273630 274228
2 274230 274463
2 285597 285646
2 285885 286042
2 304641 306654
2 306817 308830
2 319937 320834
2 332075 332298
2 355258 356300
2 434592 434700
2 480306 480570
2 481005 482581
2 506913 508871
2 525328 525413
2 551478 551628
2 981629 981835
2 981834 982181
4 440041 440192
6 143238 143317
6 722066 722518
