10 101909 102012
15 221504 221661
15 221647 221830
16 175683 175866
16 175867 177658
16 177626 177673
16 177659 177842
19 38336 38641
19 51667 51919
19 51931 52311
19 52279 52325
19 52326 52426
19 61164 61346
19 61332 61346
19 61347 62504
19 62483 62544
19 62541 62701
19 62693 63212
19 63213 63395
19 166081 166300
19 166468 166758
19 166773 167010
2 53375 54026
2 53994 54041
2 54027 54210
2 58706 58795
2 59041 59140
2 59126 59172
2 64653 64845
2 86640 86825
2 117678 117779
2 122816 122892
2 129034 129214
2 130771 130956
2 142749 142968
2 142936 142976
2 154446 154612
2 289758 289805
2 329615 329646
2 356703 356888
2 382906 383091
2 389169 389352
2 427423 427493
2 431377 431470
2 449295 449546
2 449572 449694
2 449738 449911
2 454251 454296
2 454297 454349
2 522288 522461
2 523961 524148
2 527535 527714
2 527714 527816
2 551805 551989
2 554358 554468
5 71759 71935
7 303058 303241
7 303242 303584
8 59684 59867
8 59853 61340
8 61341 62403
8 62404 63475
8 63467 63535
8 63527 64601
8 64602 65036
8 65037 65204
8 305535 305718
8 305719 306832
8 306824 307165
