k4_temp24_1	k4_temp24_2	k4_temp24_3
4.38955732815246	4.58159610958426	5.18235590208662
8.2142734108715	8.44224925780191	7.95996348075017
8.10434613147399	8.21985683646546	7.77113001675779
8.77993277319704	9.05959368485934	8.64386783116496
4.58728769525464	4.54228318555943	5.08771902794854
9.03764573026648	9.18836944429674	8.66655542587286
8.29916230845801	8.47654422708618	7.96329919331342
4.4611105891775	4.46870205317832	5.2050759785867
8.01074001678637	8.29687544674348	7.84893216836142
4.33980429295536	4.46028981336212	4.72863793464371
4.68350301051394	4.92508034783807	5.22744379161516
4.28827399231528	4.31856170375046	4.45300349203029
8.08245352562515	8.25554151811813	7.66040319889126
6.76272970166452	6.92660781758465	6.99949184493681
9.01635941115067	9.20199332653499	8.75389788704545
4.96634589742792	4.8039885309207	5.08771902794854
5.05123479501443	4.93118054737448	5.54492598147132
6.5348202753605	6.63862705462063	6.4718625192816
8.74173170990794	8.93535952210681	8.6292422674048
4.74213074048465	4.70064878122802	5.11196657419522
6.87177848882858	7.09636318000733	6.89157650576992
4.63619729573558	4.42614159095027	4.56262798320479
4.50691427879062	4.64235014066335	5.11196657419522
5.15557145482916	5.25189066410517	5.35482309809139
7.83334376591292	7.88242836901611	7.78250480662245
5.52186462025659	5.59702615015386	5.80498882077383
5.16512576154241	5.06480511150468	5.56262798320479
4.24387987295682	4.6644891179326	4.81978582270191
4.24387987295682	4.23226185735624	4.72863793464371
8.01998386102999	8.1594309760232	7.95996348075017
7.33557970709364	7.44757876161257	7.31360043536487
8.19865779796189	8.35588723943928	8.10594278656745
8.47989406485691	8.75539412017377	8.41209029876423
5.76744182901384	5.60849133664732	5.83443259866631
4.76115556616641	4.83685316482633	5.15927228897358
8.68059141509404	8.87453614451536	8.51113766801504
4.71636764441957	4.34621804665332	5.06305697371427
4.4765406297471	4.47706552611294	4.56262798320479
7.50972929439768	7.52927232003927	7.22188426627326
7.52000427823106	7.65346209578357	7.13581331614958
4.30565607054352	4.34621804665332	4.75966483026434
4.62931091015034	4.61229290680717	4.75966483026434
5.99609324082197	6.09500534928038	6.13581331614959
4.63619729573558	4.51817072944262	5.06305697371427
8.29100378507085	8.49364841030855	8.17374277178191
4.52186462025659	4.34621804665332	4.59739340136546
4.45333323858578	4.21236229991854	4.72863793464371
4.62931091015034	4.84979222053383	5.03796599275144
5.09187677951178	5.22234638849116	5.6313407332888
8.56985985235127	8.79732480063969	8.40964712283591
3.8167695413774	3.59702615015386	4.52700407347406
8.28553902459404	8.46870205317832	7.91243511066758
7.85121018670644	7.91125985325122	7.53599285670131
4.91063646484163	4.85621848969326	5.18235590208662
7.58817578087265	7.80232548169805	7.33435899553166
4.53666162218467	4.43475472125498	4.72863793464371
5.4688462379571	5.45182823461393	5.5088567267638
4.37316288990179	4.55023193867492	5.03796599275144
4.77370081948552	4.84979222053383	5.06305697371427
8.1380913344946	8.29451134127241	8.12095535742247
8.47893673566393	8.56795810757129	8.27116516904447
4.25286865618408	4.29036481191981	4.59739340136546
8.37676512658199	8.53529191865097	8.20789099419376
4.67014462765892	4.67906191901987	5.01243090064431
5.3099690634146	5.22731264138451	5.29253881983704
7.74053395555032	7.95233038224627	7.63970420622343
4.82281858605021	4.67906191901987	4.95996348075017
8.75484179223421	8.85822084260441	8.31098448715786
9.38087098503706	9.49802138605483	9.14465519290139
8.74133256893406	8.81310119139298	8.72077581687074
8.51394154568459	8.60849133664732	8.10895782432288
4.16035651739455	4.09771973397742	4.90551569672779
8.87941662487467	8.91741864613	8.49047819744895
2.53666162218467	2.46870205317832	3.45300349203029
5.0094146193198	4.97317463603911	5.6144669147244
7.05252234087489	7.17686361869715	6.96662721103118
4.84081501534406	4.54228318555943	4.84893216836142
5.24387987295682	5.20734422515191	5.59739340136546
8.6629973550793	8.82379701200088	8.38000166108738
5.16987929151305	5.10852648893399	5.2050759785867
7.5134741246402	7.50391674576238	7.30310806154723
9.1811065469363	9.30188634476191	8.96163230111079
8.37984561538416	8.47810755941278	8.0815929251517
4.74213074048465	4.7077732156614	4.6313407332888
5.01998386102999	5.01398085242699	5.13581331614959
8.88376318615663	9.07172452544447	8.68283424503059
4.36489527391819	4.49364841030855	4.59739340136546
8.37625107168936	8.53879178704084	8.19376066535887
5.63962820113586	5.67179391855583	5.90551569672779
9.00443350593257	9.21455223100936	8.89332628771988
9.17992883663344	9.32841740440444	8.81610077589405
5.47269856345271	5.41312470528344	5.58011540993363
4.55130839814907	4.72893782565944	5.06305697371427
7.2154234269076	7.22855153801787	6.72863793464371
8.92687445663851	9.1011055488168	8.40964712283591
4.11177633694948	4.108526488934	4.29253881983704
6.90066223717583	7.00099001390724	6.97326030336363
5.58372987584145	5.55813713676026	5.83443259866631
8.34664296958242	8.51258773375058	8.22188426627326
4.33134271420717	4.22234638849116	4.75966483026434
4.55130839814907	4.67179391855583	5.01243090064431
8.2033022930505	8.45447781302788	7.88455607809215
7.59967141971047	7.80896620707508	7.60595541486888
4.69013610284639	4.57381875899254	5.03796599275144
7.02916885366085	7.15226795275502	7.11796531481666
4.05123479501443	3.92508034783806	4.15927228897358
8.59879038454362	8.71397836518811	8.21070052778058
4.58016326082126	4.64235014066335	5.27116516904447
5.68350301051394	5.56207355131943	5.69692907491638
8.7098543374609	8.85140147339548	8.41452934421565
7.30565607054352	7.34621804665333	6.70492186566991
8.76744182901384	8.97058551464526	8.56262798320478
4.06150313046826	3.71486264044772	5.03796599275144
7.34611806688756	7.54228318555943	7.18235590208661
8.07803485435814	8.35134510254016	8.03162446587762
8.98635773996051	9.11222269345953	8.58661892977129
4.89923170156938	5.14572510688825	5.45300349203029
9.25090713985079	9.29628478346363	8.58878027106076
4.36489527391819	4.29982514116887	4.56262798320479
4.91063646484163	4.55813713676027	4.98643569211136
5.21657252696109	5.26643897267433	5.54492598147132
8.03634483293677	8.25128128921084	7.93978559881254
8.52000427823106	8.68223019175553	7.75966483026434
4.78613792272374	4.92508034783807	5.08771902794854
4.53666162218467	4.58933175836386	4.664507597224
4.30565607054352	4.54228318555943	4.45300349203029
4.53666162218467	4.64235014066335	5.2050759785867
8.05958337630489	8.17493702810473	7.80870232357289
9.47797877079414	9.72213730424547	9.29651136491031
4.11177633694948	4.30922383917112	4.41452934421565
8.94327881069384	9.12724568628058	8.66860035185788
8.95192912465904	9.19630595369946	8.9482273726992
8.53113051621144	8.57430607365377	8.15636069355368
9.06724711300306	9.05785235086291	8.80126573473111
9.06947472242021	9.18390585386931	8.69893142782753
4.57300346924839	4.32783951733847	4.79003847930786
3.95537477960692	4.29036481191981	4.11196657419522
8.6818399612913	8.85421335380288	8.53375090591465
8.07042836024774	8.27365847918741	8.12691691566119
8.1899088624723	8.27185698670664	8.07852009110208
8.29154912434814	8.51360443220061	7.91588241228605
8.09312857572124	8.22172440312223	8.04112633364477
8.00676016587383	8.28501598792757	7.9329964331499
8.49654530540707	8.62410865705437	8.15051981496461
5.79539589058484	5.78052955809671	5.89157650576992
8.7524669850463	8.97760234807992	8.61021744172304
4.45333323858578	4.22234638849116	4.2050759785867
8.63189715830196	8.75754130771239	8.45774141103695
7.30133014514072	7.53228525891552	7.33435899553166
4.13140514369841	4.22234638849116	4.69692907491637
4.38955732815246	4.32783951733847	4.37500098002901
4.21657252696109	4.08683141783468	5.2050759785867
5.05123479501443	5.08135628776852	5.08771902794854
4.79846872463446	4.83033985786765	5.03796599275144
8.30457580464438	8.49981817754876	8.13285394066905
8.74412423954564	8.89145137217104	8.31360043536487
8.17520835785062	8.37671058378341	8.28722501994057
6.56038769205994	6.66082280073484	6.38498506860164
7.78381411812862	7.93952642678898	7.47653900649108
7.31748591353177	7.57381875899254	7.27116516904447
9.09874825621706	9.24578530145599	8.93978559881254
7.87396494295895	7.89808446450349	7.80126573473111
7.91063646484163	8.04595521058483	7.90204350482099
5.95812539062295	6.06480511150468	5.75966483026434
7.91701224510219	8.01685188828175	7.7128706187854
7.92617224438766	8.03820444935402	7.64801947443543
5.08685870474515	5.08683141783468	5.27116516904447
5.86739561444738	5.958316677312	5.79003847930786
7.32283121435164	7.55616489442866	7.0815929251517
5.29699120941639	5.13519443939608	5.24947009794516
5.01998386102999	5.08135628776852	5.24947009794516
7.40475973479613	7.49570793248685	6.98643569211136
4.56580796784419	4.68629348825095	5.22744379161516
9.39819168439332	9.57917018831164	9.1723022374227
8.55857639861311	8.70198729535609	8.30836378699872
6.64646563118942	6.5059616717474	6.84893216836143
7.97111965044163	8.12658130909137	7.74810779884194
8.90886040276716	9.03502164248203	8.78250480662245
4.23483473335382	4.25189066410517	4.52700407347406
8.14233010576469	8.32030584465306	8.01564761332785
8.32496380164446	8.47602273962672	8.09685968180501
3.97723421357066	3.70064878122802	4.75966483026434
8.10496677895222	8.36380173051567	8.01243090064431
8.30727495424534	8.31972469860658	8.09381922748496
8.1811065469363	8.36942847337704	8.1239392158613
7.64390539087085	7.78979112795428	7.48584674871731
6.45722715469027	6.45182823461393	6.42424449904886
5.70658662362699	5.72191739798167	5.77493158691765
8.04736524855278	8.15030821275584	8.04742632200051
9.41530689956437	9.54352806875074	9.21490459595481
4.97723421357065	4.95532663470619	5.5088567267638
4.88773606273155	4.94330410645697	5.41452934421565
6.01470891898932	6.06757686075473	6.37500098002901
5.22115979645674	5.29510273092647	5.33435899553167
7.64134059901155	7.88714306288816	7.59309326393184
4.57300346924839	4.69348898965515	4.72863793464371
4.80459482743131	4.6046797226973	4.95996348075017
3.20735399693171	3.55023193867492	4.0124309006443
5.16035651739454	5.03679073533508	5.39490053746672
4.53666162218467	4.46028981336212	4.8775013205582
8.06405883537201	8.27904949869197	8.03162446587762
8.6553908609689	8.80232548169806	8.67471779582622
6.99743092755748	7.03537563464204	6.89856293608602
4.66341876447061	4.81722435807739	5.15927228897358
4.92195177806946	4.91280201805963	4.8775013205582
4.77370081948552	4.91895424504122	4.81978582270191
8.6536950687773	8.72103743757568	8.59309326393184
5.27509860356755	5.4560652275004	5.39490053746672
7.5153429008612	7.63955872726579	7.4290776527848
8.11239379685229	8.33763225435688	8.03796599275144
4.94431959109792	5.02543087317053	5.08771902794854
4.67683928023293	4.6348943357443	4.52700407347406
4.8644662834087	4.96130053575082	5.39490053746672
8.25734213276339	8.45500714528143	8.21909644890163
8.08811486071557	8.26462843693255	8.03162446587762
8.52418667941053	8.66357341175086	8.34206709066693
7.42677076570231	7.46765320177561	7.4718625192816
7.67433242462236	7.84171891999815	7.6848562426158
4.18873831876436	4.34621804665332	4.45300349203029
7.61456727976404	7.74460998384177	7.59309326393184
6.27509860356755	6.108526488934	6.41452934421565
8.43912903075901	8.54725628610906	7.85971200711467
7.01206419773375	7.14572510688824	7.05056602953107
8.61238633446452	8.7639637624837	8.37500098002902
8.04413267932922	8.31506708345259	8.13285394066905
8.1597592517926	8.32378781345726	8.02205960184208
5.61891930430375	5.79732480063969	5.75966483026434
8.80230058622549	8.96502170118989	8.7325529846471
9.10899449240936	9.34906866018872	8.87396096285295
6.61020208720264	6.66814614154069	6.22744379161516
4.33980429295536	4.42614159095027	5.39490053746672
5.80764815140886	6.07310443472317	5.24947009794516
10.1237693947374	10.3440763840686	9.90291233654908
4.53666162218467	4.52625307574048	4.75966483026434
4.85858971707203	4.97907523747879	5.15927228897358
8.42925090219223	8.59125920693497	8.23574311483365
8.34926462220443	8.55517776127972	8.33950229880763
4.6566613982953	4.86898578576714	5.2050759785867
5.18404662343964	5.17686361869715	5.39490053746672
5.38547615134064	5.24700844272543	5.8632874613385
4.20735399693171	4.29036481191981	4.75966483026434
9.15347298894517	9.37363417562925	8.84532091480905
9.12254391575872	9.23934674101736	8.64386783116496
5.61194974948891	5.36886678559852	5.6144669147244
5.51440881533755	5.64976761222583	5.64801947443543
6.42577751606521	6.46239747632411	6.33435899553167
8.10558715954268	8.31331659380501	8.01885716980374
8.35292695065753	8.42560155911133	8.30047300137926
8.70249154554143	8.81062162325315	8.36242291394955
4.60845230525268	4.51817072944262	5.03796599275144
8.07676988712157	8.28799000473191	7.89856293608602
5.36903500427912	5.33245614540884	5.41452934421565
8.38138339670676	8.47654422708618	8.31360043536487
8.56219671429181	8.73983930597893	8.46951857881331
8.2263030997327	8.40163778360986	8.05056602953108
4.70331149159412	4.86261626089141	5.03796599275144
7.99542393204593	8.17557951087683	7.5088567267638
8.08685870474515	8.29687544674348	7.74810779884194
4.28827399231528	4.15096175525439	4.75966483026434
8.63705578730563	8.78769144043348	7.95996348075017
4.69013610284639	4.78390428487737	4.72863793464371
5.18873831876436	5.18198865087502	5.18235590208662
8.88737534387959	9.08204181642998	8.65215920479635
8.47510105366801	8.61324173620072	8.60168075976856
8.38547615134064	8.59654645105023	8.2050759785867
6.33557970709364	6.20734422515191	6.55380413281778
4.51440881533754	4.55023193867492	5.24947009794516
7.6793417874361	7.86421128044679	7.79753301585478
8.89349533202024	9.04560380514139	8.65628709041903
8.45625466052409	8.68268223469857	8.48352543680718
8.81297596821896	8.99116953829584	8.21070052778058
4.87031900965414	4.91280201805963	5.11196657419522
4.30565607054352	4.34621804665332	4.84893216836142
8.3818956264444	8.60801543526055	8.14171391758927
4.21657252696109	4.11925289552706	4.52700407347406
8.83484111429943	9.05924558616278	8.87041189577188
9.11824652309773	9.28143905624181	9.03638322238875
7.72204276569446	7.91818664989628	7.55380413281778
8.80764815140886	9.04278947595652	8.59953867319702
6.07423662037604	6.00533330381348	6.32401705131021
8.54033728032807	8.624579280135	8.45774141103695
8.43715880847821	8.53378937203966	8.15636069355368
4.79231649765287	4.72191739798167	5.35482309809139
8.30835320171024	8.43368088790366	8.22466670694458
7.16155030731858	7.44864230389508	7.19376066535887
12.5500840015462	12.7285547777979	12.3037660752603
11.5167428961587	11.6807600732249	11.1453895757327
5.20735399693171	5.08683141783468	5.22744379161516
5.48419420229054	5.52625307574048	6.02525494100189
9.2739952038649	9.45394828648829	9.11046298360483
8.03699542823117	8.18006889671165	7.87396096285295
9.05477278484904	9.25128128921084	8.86507187101668
8.08434310682637	8.31097929877634	7.97326030336363
8.72123339959139	8.92431600607667	8.42424449904886
4.90494535276377	4.79063014806568	5.22744379161516
6.29481683818205	6.44544932205122	6.51795893387106
8.66972517859625	8.91164554902705	8.59309326393184
8.50456422933648	8.6948341599539	8.0815929251517
4.12162412290583	4.08683141783468	4.69692907491637
8.40778108677137	8.50238114685115	8.47653900649108
8.27344318738948	8.32726139870085	7.74423478969473
8.82508045488178	9.04278947595652	8.64801947443543
6.36696662393789	6.5541899522436	6.32401705131021
4.8644662834087	4.93725506178417	5.52700407347406
9.1320142613097	9.3333201209058	8.81425471672868
8.23936439183433	8.47027390193474	8.17374277178191
4.53666162218467	4.4433167347584	5.03796599275144
8.69797349332228	8.78811162247836	8.51568876024623
8.96634589742792	9.12425357658542	8.6808094095531
8.20098191451911	8.3473589680579	7.59739340136546
9.04283762085725	9.21954534017992	8.91760297902652
6.99073005605488	7.1870955413081	7.34462733098549
4.92757632726334	4.84979222053383	4.9329964331499
7.0906238962017	7.15748094863794	6.95326882817616
6.89349533202024	6.9746520504446	6.79753301585478
8.91630521492832	9.0943259543816	8.81240629233631
6.48800581624056	6.64606364346242	6.51795893387106
7.64219603635703	7.73940482471051	7.34973422141858
4.44551373412648	4.20230863525461	5.01243090064431
7.83184486183951	8.02400458037924	7.5088567267638
8.92476679367652	9.14670842741311	8.63552853025223
4.39768520903586	4.61986612651197	5.18235590208662
8.50550470853595	8.62222462800322	8.31098448715786
8.44502360500986	8.6269300954521	7.82712779804308
5.08182311484785	5.3416453168635	5.22744379161516
8.44011313382642	8.58546911873146	8.13581331614959
8.7690091241608	8.93952642678898	8.4858467487173
4.62931091015034	4.81722435807739	5.03796599275144
8.78729842288624	8.92240337814058	8.71682863235408
6.77837730669499	6.68087321246669	6.72077581687075
8.01800801725041	8.21236229991854	7.90204350482099
9.23851616346641	9.41067090985717	9.29915366425861
4.74850026536038	4.74287701661731	5.27116516904447
5.9077937150728	5.94330410645697	5.8775013205582
5.48800581624056	5.5342903948059	5.9329964331499
4.08182311484785	3.8879273494206	4.41452934421565
4.79846872463446	4.40875951272204	4.45300349203029
6.85858971707204	6.93725506178417	6.99297853797813
8.98904996381785	9.12558416929297	8.52925652520544
6.74372576004003	6.75496429891604	6.36494731536509
8.25118751980326	8.345647247421	8.26577191027425
7.27509860356755	7.5630559790325	7.63552853025223
8.04477977287713	8.18134901661897	7.99297853797813
7.96839372607678	8.14046938143675	8.22744379161515
5.94431959109792	5.94330410645697	6.13581331614959
8.2142734108715	8.41421394281415	8.06926212324098
8.32496380164446	8.48900370754229	7.66860035185788
9.02949581004545	9.26553398882392	8.76158203325863
9.00210308768355	9.18230836168871	8.78439191616672
8.93387784437627	9.12956860001675	8.62081774687679
8.80076906268369	9.00569465510927	8.58011540993363
8.45479468903075	8.6993090240902	8.36494731536509
8.32549645627148	8.56501882973105	8.21070052778058
8.71636764441957	8.87017694728318	8.41452934421565
8.03699542823117	8.27964725923125	8.04427976668364
4.92757632726334	5.13519443939608	5.5088567267638
8.29100378507085	8.44224925780191	8.16217802014899
4.67683928023293	4.55023193867492	5.06305697371427
4.60845230525268	4.52625307574048	4.90551569672779
8.26624768598528	8.39503252961053	7.91588241228605
9.23341629351791	9.46975014261119	9.08771902794854
8.15736771367199	8.32668304830589	8.16217802014899
7.52928209181907	7.58546911873146	7.29253881983704
6.4861012680552	6.32783951733847	6.28189157563753
6.31855655925132	6.302180562167	6.54492598147133
8.87614808845634	9.00858221182183	8.39983283300895
4.79231649765287	4.78390428487737	4.45300349203029
7.45040588883425	7.43904207965808	7.31881814463589
4.39768520903586	4.4433167347584	4.15927228897358
7.41580722731029	7.62552006597916	7.5088567267638
8.92195177806946	9.08169909281728	8.66245685765924
8.94709134034797	9.03785115070137	8.46010454840543
8.77409110625671	8.96650748406157	8.63761787897496
6.81221605509058	6.967249802082	6.55380413281778
8.34033149743442	8.55764432888497	8.40719980241716
8.462564186319	8.66219876177465	8.05682502000276
4.81069502696772	4.92508034783807	4.79003847930786
8.61107618298272	8.69975574805751	8.32660949592673
8.36593132067072	8.4502361486982	8.18521555622586
4.68350301051394	4.46028981336212	4.8775013205582
8.15736771367199	8.27425847713363	7.49969672747833
4.74850026536038	4.57381875899254	4.79003847930786
4.24387987295682	4.43475472125498	4.98643569211136
5.09687746057014	5.19218441798091	5.08771902794854
4.79231649765287	4.83033985786765	5.24947009794516
8.31695029257114	8.50698304881016	8.13581331614959
8.38138339670676	8.52474108079941	8.30047300137926
5.71311466662448	5.81392676797682	5.54492598147132
8.00076972803144	8.19662250774152	7.97326030336363
9.12008983047058	9.30423840567153	9.03003471911522
5.14595345226757	4.97907523747879	5.5088567267638
4.85268911563235	4.75668281614234	5.29253881983704
5.16987929151305	5.0024392305443	5.13581331614959
4.50691427879062	4.46028981336212	4.69692907491637
8.37625107168936	8.52221756250532	8.40229267169675
9.15946052624212	9.3578699363816	8.88455607809215
5.14595345226757	5.10313323016378	5.4718625192816
4.52186462025659	4.65714714259143	4.84893216836142
8.35762203900602	8.54576615510288	8.21070052778058
7.13384007261547	7.2748582256523	7.09989374189464
8.92967989270172	9.06619165177564	8.61234374283143
5.84379271514395	5.80730888921231	5.69692907491638
5.4765406297471	5.53829232536339	5.64801947443543
4.22573252624656	4.29036481191981	4.56262798320479
5.90209135570862	5.71132228274247	6.05056602953108
8.09750132870565	8.32899506008418	7.93639500961176
7.93038040014005	8.11389966103285	7.63552853025223
8.05701972384728	8.29036481191981	8.15636069355368
9.39362699246151	9.5395406554931	9.3407852646911
4.13140514369841	4.108526488934	4.29253881983704
5.40576755533372	5.37335417659084	5.29253881983704
4.21657252696109	4.49364841030855	4.49047819744895
5.25734213276339	5.24700844272543	5.52700407347406
3.91063646484163	3.94932789408474	4.15927228897358
4.32283121435165	4.40875951272204	4.8775013205582
8.72809858138999	8.87848765353429	8.5247480995337
8.78342645319523	8.89613671877644	8.55822280408479
4.63619729573558	4.34621804665332	4.72863793464371
6.64987223263267	6.96576478389541	6.36494731536509
7.61718006956521	7.79899362100031	7.33950229880763
6.78768504892123	6.78052955809672	6.99949184493681
9.17491281446315	9.24272290370052	9.12691691566119
9.29861983992713	9.41394171051956	8.77113001675779
8.01272583271022	8.2041990417809	7.84170059913035
4.94985777463935	4.86261626089141	4.90551569672779
8.41980361502058	8.67042708279193	8.08771902794854
6.69673883767064	6.74806968583763	6.58878027106075
5.25286865618408	5.3045321438464	5.56262798320479
6.72608279925279	6.81392676797682	6.49047819744895
7.83558920611856	8.06826896680825	7.70492186566991
8.54125473348515	8.66723275433646	8.35228090352893
8.9816342253171	9.13221878683022	8.75004041137594
5.40576755533372	5.21236229991854	5.52700407347406
8.19341480597384	8.45606522750039	8.35482309809139
8.70494998698988	8.85220542718664	8.694923939026
6.14836397085825	6.08409645011344	6.03796599275144
8.80115209601685	8.94217184083373	8.22744379161515
6.70002890760482	6.77035775303943	6.02525494100189
8.35762203900602	8.49158594385166	8.07852009110208
8.05380873867826	8.18900597421701	7.77113001675779
5.64987223263266	5.90041829360379	5.8775013205582
4.15077046856535	4.26160581893838	4.06305697371427
8.93771526543934	9.15585390996217	8.70890171658245
8.06597264733636	8.22047962734104	7.58878027106076
7.23710134032577	7.31972469860658	6.93978559881254
7.27289095961589	7.21985683646546	6.78250480662244
7.97723421357065	8.08135628776852	7.72863793464371
9.44477847799527	9.5546839413054	9.20366640833203
8.25622506337665	8.37838586367852	8.35482309809139
6.08685870474515	6.40218685879855	6.07544069817011
8.94049971994111	9.13288057355783	8.71880357453914
8.55993508184732	8.69124424820199	8.18235590208662
7.73653424397574	7.84495366359745	7.75582276396994
5.03047623484763	4.89418633989228	5.29253881983704
5.41780680495663	5.69707332700419	5.6144669147244
9.32042827951872	9.47654422708618	9.1965978246624
9.1188612206106	9.31448382286616	8.85073441099541
5.50691427879062	5.63862705462063	5.4718625192816
9.03634483293677	9.20167794888789	8.8775013205582
6.45138233221561	6.49981817754876	6.37500098002901
5.92757632726334	5.86261626089141	6.23849898012415
8.47941547966729	8.6562267629488	8.45774141103695
5.85858971707203	6.00822158313831	5.99949184493681
7.66257582255887	7.61797654531075	7.82346148084531
7.09312857572123	6.88949464456755	7.09989374189464
8.94258453972717	9.00099001390723	8.85253440504162
6.07676988712157	6.35305008013575	6.48120038386094
8.71920799557925	8.90855709177929	8.57576338539392
7.69509098478915	7.76097017454544	7.94316823820719
6.95261891431641	6.98201651279092	7.02525494100189
8.49938060610521	8.75022779400505	8.38747033199123
4.72285167798977	5.00822158313831	5.18235590208662
6.90494535276377	6.81062162325315	7.0124309006443
5.4765406297471	5.77035775303942	5.7128706187854
7.04736524855278	7.21985683646546	7.0815929251517
7.09187677951177	6.98495180381546	6.9055156967278
4.93317903349272	4.98495180381546	5.31360043536487
5.21197062500208	5.24700844272543	5.5088567267638
5.15077046856534	5.15096175525439	5.6313407332888
4.64987223263266	4.77035775303942	5.41452934421565
6.1722501959758	6.3416453168635	6.33435899553167
8.36074363064773	8.58643574861076	8.20225545952432
8.26901943523533	8.4433167347584	8.26035841408789
4.74850026536038	4.87532731264097	5.13581331614959
4.87614808845634	4.93118054737448	5.2050759785867
8.61848469214777	8.80813778612732	8.59309326393184
5.53297657537682	5.82379701200088	5.24947009794516
5.57658780659743	5.72543188215791	5.69692907491638
7.5172092595185	7.61039337389169	7.42424449904886
6.57120795558678	6.63676190240107	6.65628709041903
4.38955732815246	4.45182823461392	4.6313407332888
9.69344124757006	9.93668666134045	9.63970420622343
4.81676954137741	4.83033985786765	5.2050759785867
9.30376507405778	9.4964794959463	9.04270391175811
6.43370443183684	6.65346209578358	6.85612766976563
7.51066641365172	7.52019556492011	7.61021744172305
5.96634589742792	5.9066234431305	6.37500098002901
6.34821653277156	6.29273571638255	6.82712779804308
6.71148542303983	6.68629348825095	7.00597587850701
6.21886798494875	6.108526488934	6.28189157563753
7.00276930567779	6.93118054737448	7.26035841408789
6.44942878412986	6.40657195348427	6.68889175585096
8.96668740412637	9.21267535081287	8.7403513552075
5.61543873556879	5.6046797226973	5.84893216836143
5.71311466662448	5.74287701661731	6.08771902794854
5.14112029853163	5.09771973397741	5.37500098002901
5.15077046856534	5.22234638849116	5.39490053746672
7.24049458777219	7.43797143393852	7.49047819744895
6.39768520903586	6.48538079432495	6.41452934421565
5.58372987584145	5.46870205317832	5.75966483026434
4.72285167798977	4.67179391855583	5.01243090064431
5.69013610284639	5.73592425597555	5.45300349203029
8.53066863209004	8.6736143541802	8.70292781553782
6.8045948274313	6.79732480063969	6.81978582270191
8.80879148395388	9.00171480419672	8.61021744172304
6.61543873556879	6.76524482964577	6.75197043847434
4.67683928023293	4.6644891179326	5.15927228897358
4.88773606273155	5.12458633983009	5.08771902794854
4.04089285079297	4.32783951733847	4.9329964331499
7.61282278736178	7.80896620707508	7.77113001675779
7.25957368006197	7.48018937079982	7.32401705131021
4.7098543374609	4.92508034783807	5.03796599275144
8.20966415761891	8.44171522298519	8.19091791559004
4.82281858605021	4.83033985786765	4.90551569672779
4.7548417922342	4.87532731264097	5.01243090064431
4.26180178095409	4.61986612651197	4.84893216836142
8.73533216499419	8.94254936145368	8.40719980241716
3.24387987295683	3.50186891711352	3.29253881983704
5.79539589058484	5.85621848969326	5.90551569672779
5.82583362380564	5.73940482471051	6.2050759785867
8.36489527391819	8.57576703078206	8.32141993982417
5.40173204209856	5.39558412397431	5.7128706187854
9.05894289014969	9.22948001281612	8.8632874613385
8.43814425594883	8.54377691653762	8.48120038386094
4.82884237367798	5.01398085242699	4.8775013205582
8.83109482540936	9.06515187152098	8.66245685765924
9.04024401109645	9.28263235245615	8.90724866395225
7.82432689255549	7.99153445420543	7.66040319889126
7.77915524957763	7.92355125915132	7.66860035185788
9.37702208535743	9.59198133677781	9.11496906235674
8.1501692203629	8.33245614540884	8.0815929251517
4.76115556616641	5.35532025376058	5.01243090064431
6.34401654424228	6.30922383917112	6.3446273309855
4.36489527391819	4.3999893030943	5.13581331614959
8.18228329662706	8.44651443471746	8.12988848219248
5.45333323858578	5.16655861030541	5.43389466908258
5.09687746057014	4.97907523747879	5.56262798320479
6.25734213276339	6.17429425908502	5.77493158691765
8.22915258721028	8.35077632861563	8.01243090064431
7.57030936007913	7.58836706756169	7.26035841408789
7.5467472339297	7.58546911873146	7.43389466908259
8.09750132870565	8.24639700171569	7.84893216836142
8.38445405066673	8.6070631612716	8.28456076241352
8.54948566254225	8.71618803791429	8.27385425657212
8.25006567290312	8.41421394281415	8.03479871367276
8.32229757460416	8.5074934663074	8.24673513022392
3.95537477960692	4.20230863525461	4.45300349203029
8.79501132573093	8.99481455044421	8.57794103869929
5.48419420229054	5.46028981336212	5.75966483026434
9.00609578868461	9.14834580704738	8.89332628771988
6.94985777463935	7.11925289552705	6.85612766976563
8.89815786821806	9.00099001390723	8.531505465709
8.71596142309043	8.82010357935698	8.46951857881331
7.99005825392823	8.27425847713363	7.94316823820719
8.09187677951178	8.31856170375046	8.11796531481666
4.68350301051394	4.72191739798167	5.15927228897358
8.84416449585491	8.95495244327862	8.69893142782753
8.39515016174699	8.6516160366182	8.41939509938747
6.58194767049944	6.74460998384177	6.6229284934726
6.32709324120581	6.35077632861563	5.80498882077383
7.70494998698988	7.79146868051643	7.63970420622343
4.99341414062609	4.86261626089141	4.75966483026434
8.66678561556901	8.7350528001708	8.15344321017138
7.13627089887023	7.29273571638255	7.22744379161515
8.739734899844	8.88988620245865	8.51113766801504
8.77370081948552	8.88242836901611	8.38995132149499
7.36696662393789	7.47706552611295	7.1239392158613
8.88195371013754	9.03537563464204	8.64594514619757
5.17461721051971	5.34621804665332	5.5088567267638
8.01668928311756	8.19978423383907	7.70093100547387
7.8556424330217	8.09636318000733	7.6726815286697
8.7098543374609	8.93801258085691	8.49509482551932
5.06661002090134	5.20734422515191	5.35482309809139
4.4765406297471	4.46870205317832	5.01243090064431
6.58372987584145	6.85140147339548	6.77493158691765
8.02851471851434	8.11188706590401	7.80126573473111
7.83783115690524	7.967249802082	7.52248859235157
4.13140514369841	4.75668281614234	5.43389466908258
8.44404284695653	8.47706552611295	8.30310806154723
8.76508768918081	8.94707192014437	8.69692907491638
8.98399791578995	9.17461567939177	8.54269788057921
8.31319536749691	8.40766614772777	8.27385425657212
8.99809930609197	9.17461567939177	8.77682862209025
8.12468782131963	8.30570649884888	7.73645743910302
8.82394996373796	9.02614349113557	8.27116516904447
8.02261411707466	8.07517182706294	7.6848562426158
5.21657252696109	5.22234638849116	5.11196657419522
8.67683928023293	8.83928809374338	8.28988436639106
5.86153099238416	5.93725506178417	5.95996348075017
8.54766062113393	8.76865545780842	8.28988436639106
8.08056146628394	8.25371724595823	8.01885716980374
8.12285038310791	8.20041574842165	7.62714074475951
5.41380487439914	5.56599925453324	5.41452934421565
8.25454783585868	8.45129773450098	8.15927228897358
6.56761021047817	6.77205804202926	6.52700407347406
6.60670039849109	6.72367571025403	6.84893216836143
8.51300655210624	8.61371591699082	8.38995132149499
4.63619729573558	4.56599925453324	4.75966483026434
7.99140154549725	8.15487680525777	7.96662721103118
5.24838126519177	5.31856170375046	5.08771902794854
6.909215790142	7.15878125971369	7.31881814463589
8.32921954231419	8.50545071192592	8.10895782432288
8.47125514658304	8.67951495561989	8.51795893387106
9.11455282778142	9.22917058760509	8.37500098002902
8.85858971707203	9.06861489536545	8.82895746860016
7.7658728293585	7.76097017454544	7.22744379161515
6.56941020452438	6.74634087192089	6.01243090064431
7.84006962910124	8.15683035334353	7.67675119297874
5.86739561444738	5.87216003356228	5.91932149625282
4.38955732815246	4.41747672982315	4.79003847930786
4.82281858605021	4.86898578576714	5.27116516904447
7.74133256893406	7.93725506178417	7.27116516904447
4.36489527391819	4.48538079432495	5.13581331614959
8.11916847117952	8.24149612212924	7.80870232357289
9.03732061588969	9.10347090015734	8.78627656051166
8.2739952038649	8.4438501771904	8.27116516904447
8.128966098247	8.29746586829495	7.6726815286697
8.83745774030139	9.01721036636557	8.40474832342307
11.899723608195	12.0761183926899	11.7111355674147
7.03829573930693	7.01828526648301	6.98643569211136
7.22344797305201	7.13915245296476	7.23298197515659
8.61804994902533	8.85862097990856	8.37249412441844
8.75008826226357	8.90507465603502	8.38000166108738
7.66173238784273	7.60372524364106	7.6808094095531
8.95846884855598	9.18102909311374	8.84170059913035
4.74850026536038	4.64976761222583	4.84893216836142
4.96087076736176	5.06480511150468	5.08771902794854
5.23936439183433	5.38228730136085	5.77493158691765
7.31641447267978	7.35418561348118	7.1239392158613
5.84972974015181	5.66082280073483	5.69692907491638
7.84824777285058	7.91818664989628	7.58445434565796
8.23199645771697	8.4315308203807	8.12095535742247
7.3260289143107	7.37671058378341	7.11196657419522
4.38138339670676	4.5342903948059	4.8775013205582
9.15946052624212	9.23934674101736	8.55601516013313
5.81979723407498	5.68629348825095	6.02525494100189
5.48037249133813	5.48122915105448	5.84893216836143
9.30835320171024	9.52801506937941	9.05838553399038
4.71636764441957	4.79732480063969	5.08771902794854
5.07169889757414	5.24210964331259	5.58011540993363
9.26624768598528	9.40108849936911	9.05526281623248
4.79231649765287	4.9004182936038	5.33435899553167
8.27012664560502	8.38784254519402	7.84170059913035
4.79231649765287	4.96130053575082	4.72863793464371
8.89851590148479	9.11490490671808	8.76349669185536
6.05894289014969	6.1921844179809	5.89157650576992
8.16155030731859	8.37559264878684	7.97986303818788
8.02589520796102	8.25006176670298	7.95326882817616
4.6566613982953	4.75668281614234	5.01243090064431
4.33134271420717	4.43475472125498	4.72863793464371
8.89994714668242	9.03679073533508	8.62503615643459
4.30565607054352	4.55023193867492	4.69692907491637
4.30565607054352	4.58159610958426	4.6313407332888
4.14112029853163	3.91280201805962	4.56262798320479
4.84081501534406	4.84333719839652	5.54492598147132
9.21571078773733	9.42262776522606	8.98315310812206
5.86739561444738	5.98201651279092	5.97326030336363
7.45722715469026	7.46975014261118	7.17661953253747
8.1173239854722	8.29923568455561	8.22744379161515
8.61500307346646	8.78811162247836	8.51795893387106
7.56761021047817	7.6952822714782	7.26035841408789
8.35083533007965	8.52474108079941	8.38995132149499
8.12957624629622	8.36098010817895	8.07544069817011
5.79231649765287	5.9463191442124	6.27116516904447
6.87905381963175	7.12325482608455	6.95996348075017
8.18580779766554	8.37391412033584	8.11196657419522
4.14112029853163	4.22234638849116	4.24947009794515
6.02523958648149	5.97317463603911	6.40474832342307
4.81676954137741	4.89418633989228	5.43389466908258
4.55857639861311	4.46028981336212	5.2050759785867
8.14836397085825	8.36661784509496	7.84170059913035
7.72042357917108	7.83278579522814	7.58011540993363
8.24781935864488	8.29687544674348	8.00597587850701
4.14112029853163	4.22234638849116	4.45300349203029
4.87031900965414	4.76353648718341	5.31360043536487
5.06661002090134	4.94932789408474	5.33435899553167
7.09687746057014	7.24700844272542	7.00597587850701
4.48419420229054	4.61986612651197	5.18235590208662
8.50597471832701	8.61086849164368	8.24399496787901
8.72406419665553	8.85742023490301	8.4718625192816
9.15167187130688	9.27035402267771	8.96496416180854
8.8493593910185	9.00858221182183	8.47420265773612
4.27950378268755	4.50186891711352	4.6313407332888
8.70454053756443	8.84737497052813	8.49047819744895
6.7098543374609	6.84333719839653	6.664507597224
8.26291454232116	8.24517334172639	8.11196657419522
8.37573683356562	8.51207911571574	8.31360043536487
4.68350301051394	4.65714714259143	5.41452934421565
3.77993277319704	4.45182823461392	5.11196657419522
4.83484111429943	4.67179391855583	4.98643569211136
8.06022357824168	8.18900597421701	7.52700407347407
5.23936439183433	5.15617946452541	5.49047819744895
7.53297657537682	7.47393490273427	7.14759048392594
8.90101964954997	9.13321135311697	8.98150901103143
9.17992883663344	9.36549205881787	8.95494540598355
8.82017524928502	9.0193593663273	8.50428399697398
4.89923170156938	4.94932789408474	5.31360043536487
8.45917017860806	8.62833874816699	8.53375090591465
8.65793081768287	8.79146868051643	8.6080880021617
9.25873725427322	9.43126183649982	9.24947009794516
4.87031900965414	4.8879273494206	5.54492598147132
6.92897904496343	7.00822158313831	7.16507791065478
5.70985433746089	5.84333719839653	5.91932149625282
4.83484111429943	4.79732480063969	4.95996348075017
7.57927022765075	7.68177800712846	7.49047819744895
4.13140514369841	4.35532025376058	4.98643569211136
8.42329139613086	8.51563568215375	7.48584674871731
8.97418017141687	9.07068872663902	8.44109017048678
8.29970457309168	8.48434400301846	7.88103301152845
4.45333323858578	4.58933175836386	5.22744379161516
8.17933962076212	8.30100333236616	8.07235471829636
4.41380487439914	4.86261626089141	4.52700407347406
8.87396494295895	9.04243729847622	8.82529580409419
7.99475431261367	8.19662250774152	7.6848562426158
8.07487035420609	8.21548975625034	7.70093100547387
8.32229757460416	8.43797143393853	8.05369891901604
7.12896609824699	7.213614096128	7.14171391758927
7.96497906166401	8.11322910789928	7.79379061416897
7.87031900965414	8.12658130909137	7.80498882077383
6.9063702368706	7.08956121059025	6.76731840280778
4.52928209181907	4.65714714259143	5.4718625192816
7.84006962910124	8.12724568628058	7.85612766976563
7.16987929151305	7.26764473541973	7.03162446587761
5.06661002090134	5.0480618476701	5.43389466908258
6.8497297401518	6.99372201344319	6.75966483026433
8.34138532877484	8.53077957600875	8.35228090352893
8.98568389826638	9.18518257522775	8.95996348075017
9.03145599382647	9.21861044758371	8.93809130027266
4.35658000570618	4.32783951733847	4.79003847930786
7.94293171697368	8.04595521058483	7.83443259866631
4.80459482743131	4.8039885309207	5.06305697371427
8.51300655210624	8.64930513585038	8.52700407347406
9.38215167312905	9.56526399840203	9.05213332467804
8.49559896556278	8.55813713676027	8.27385425657212
4.27067993230054	4.01971722197614	4.24947009794515
9.19691225021007	9.42722104856958	9.12988848219248
4.58016326082126	4.29982514116887	4.06305697371427
7.84156001667272	7.9319412618877	7.8775013205582
8.2723385203823	8.50698304881016	8.18235590208662
4.87031900965414	4.98495180381546	5.01243090064431
5.27067993230054	5.34621804665332	5.74423478969473
8.20156235912195	8.3911654527073	8.13581331614959
8.66341876447061	8.78979112795428	8.42182183678201
3.55130839814908	3.1921844179809	4.24947009794515
7.0893699239012	7.15096175525439	6.97326030336363
5.88195371013754	5.9158814109916	6.39490053746672
4.42974641826816	4.2808420378013	4.59739340136546
5.19341480597384	5.22731264138451	5.84893216836143
8.86263242649356	9.0125431890884	8.73059678768177
6.69344124757007	6.74634087192089	6.54492598147133
9.05413015898501	9.25675641927699	8.9312941379189
4.41380487439914	4.35532025376058	4.49047819744895
8.50691427879062	8.63068345052104	7.98315310812206
7.14474668093758	7.27725472959355	6.91932149625282
4.08182311484785	4.26160581893838	4.79003847930786
7.63275821176881	7.87374454227828	7.54492598147132
7.87832793531913	8.06757686075473	7.74810779884194
6.96224149909518	7.07448302540704	7.0124309006443
5.23483473335382	5.08135628776852	5.33435899553167
8.02982269234908	8.24945161865376	7.84170059913035
8.52557812305566	8.60515672552554	8.02525494100189
5.71311466662448	5.73940482471051	4.11196657419522
7.99140154549725	8.22855153801787	7.75582276396994
3.8167695413774	3.90041829360379	4.49047819744895
5.01998386102999	4.72191739798167	5.33435899553167
6.13384007261547	6.02257687611538	6.44348071791178
8.10434613147399	8.27005324189045	7.5088567267638
8.49843612486632	8.65484509161489	8.2050759785867
8.20272254820006	8.23226185735624	8.00273750444046
6.29263918487668	6.33705804736785	6.53599285670132
7.14233010576469	7.32320806860683	7.18235590208661
4.68350301051394	4.77714691870206	4.8775013205582
9.28526524244294	9.44278309501092	9.16797198392396
7.16274311023142	7.2784514903763	7.39490053746672
4.8644662834087	4.82379701200088	5.33435899553167
9.15347298894517	9.38922802022693	9.07080924943846
8.18345908727152	8.4120346447549	7.94654296498785
8.58728769525464	8.78600948741186	8.38498506860164
4.40576755533372	4.52625307574048	4.56262798320479
7.60670039849109	7.75238267870872	7.39983283300895
8.43962116620328	8.59462605803338	7.79003847930786
8.71148542303982	8.86181808934082	8.28189157563753
8.25790034327176	8.40492910452229	8.10594278656745
7.14595345226757	7.21611443477964	7.243994967879
8.778377306695	8.95120518132541	8.29518839825099
4.16035651739455	3.9966336088631	4.84893216836142
9.22744357018015	9.34707382228349	8.92958983170665
4.25286865618408	4.23226185735624	4.664507597224
4.74850026536038	4.96130053575082	5.08771902794854
5.12652292231867	5.14046938143675	5.75966483026434
9.5841750833873	9.71883518552099	9.27385425657211
8.87469302525595	9.03183179832095	8.58445434565796
5.52557812305565	5.66082280073483	5.79003847930786
8.87542074029831	9.00316329331528	8.59309326393184
4.51440881533754	4.59702615015386	5.06305697371427
4.79231649765287	4.83685316482633	4.8775013205582
8.13444816326341	8.35984991224109	7.95326882817616
4.82281858605021	4.82379701200088	5.7128706187854
8.16155030731859	8.33935350535551	7.75966483026434
6.59614404621515	6.86739603900474	5.49047819744895
4.69673883767064	4.9966336088631	5.45300349203029
8.16155030731859	8.31331659380501	8.00597587850701
8.9522740607135	9.14112739514982	8.91932149625282
8.32336465678364	8.39668668042146	8.1965978246624
4.70331149159412	4.77035775303942	5.01243090064431
5.09687746057014	5.02543087317053	5.4718625192816
8.42925090219223	8.61703082581383	8.38747033199123
8.8600611042887	8.96279015389131	8.40964712283591
8.10558715954268	8.32320806860683	7.80498882077383
6.20040123628995	6.1870955413081	6.64801947443542
4.81676954137741	4.92508034783807	5.29253881983704
5.16035651739454	5.05924558616278	5.41452934421565
8.21197062500208	8.36830487905164	8.05056602953108
8.95778185090448	9.11590945245268	8.56701975232194
7.12529978104923	7.28917789696937	7.243994967879
5.37316288990179	5.65714714259143	6.06305697371427
8.90565797072881	9.08614816182338	8.6292422674048
5.44158803091268	5.39998930309431	5.6313407332888
4.26180178095409	4.42614159095027	4.75966483026434
5.38138339670676	5.43904207965808	6.09989374189465
6.9077937150728	7.18582051246605	7.0815929251517
4.54400359752584	4.58933175836386	5.11196657419522
7.34296463384869	7.34621804665333	6.83443259866631
4.69673883767064	4.61986612651197	4.69692907491637
4.99876737512029	5.26160581893838	5.54492598147132
4.89923170156938	4.93725506178417	4.9329964331499
5.7768201613297	5.65346209578358	6.15927228897358
8.07866692229416	8.27725472959355	7.77872316608003
4.16035651739455	4.31856170375046	4.8775013205582
7.44257045862574	7.59318408385947	7.34462733098549
7.4851480502862	7.66540424326674	7.17086026324879
8.90423238262775	9.08546458207077	8.79003847930786
4.60845230525268	4.18198865087502	4.81978582270191
4.58016326082126	4.46028981336212	4.98643569211136
8.89313605047414	9.07344920591393	8.80498882077383
4.4688462379571	4.43475472125498	4.6313407332888
8.00410081942333	8.16526529328389	7.6229284934726
7.80383048566991	8.00533330381348	7.87396096285295
8.27675212242006	8.52221756250532	8.09381922748496
4.53666162218467	4.81062162325315	4.664507597224
5.09187677951178	5.19218441798091	5.22744379161516
7.58283904837203	7.63302434839126	7.45774141103695
7.22687344765113	7.30100333236616	6.98643569211136
7.26180178095409	7.40766614772777	6.49969672747833
5.80764815140886	5.82051442801158	6.01243090064431
8.61935378557217	8.78558869258872	8.4386956553464
5.16035651739454	5.19725540752833	5.01243090064431
8.42627422636135	8.58981386197433	8.49739761138874
8.2142734108715	8.33130337264204	7.58445434565796
8.61369529724074	8.7588280879739	8.6706423833961
7.71961330392322	7.87532731264097	7.88807056226838
7.31855655925132	7.23719415289847	7.2050759785867
4.55130839814907	4.51004284855922	5.03796599275144
5.00410081942334	5.08683141783468	5.06305697371427
5.09687746057014	5.14572510688825	4.90551569672779
8.9067262381163	9.07826737131124	8.77303205400217
9.42825935916977	9.62222462800321	9.17805576465299
4.74850026536038	4.67179391855583	5.01243090064431
4.69013610284639	4.61229290680717	4.8775013205582
4.22573252624656	4.3911654527073	4.95996348075017
5.06150313046826	4.77714691870206	5.27116516904447
8.1501692203629	8.48538079432495	8.04742632200051
6.65496709975542	6.62175323605624	6.22744379161516
7.5265050071485	7.61039337389169	7.75966483026434
5.71311466662448	5.70421539624821	5.43389466908258
4.67014462765892	4.89418633989228	5.35482309809139
7.86299938441005	7.9027483533957	7.51795893387106
6.78613792272375	6.83360018703124	6.64801947443542
6.00676016587383	5.98788113485413	5.97326030336363
5.11670863249171	5.15617946452541	5.664507597224
8.1939983024594	8.36380173051567	8.01885716980374
4.68350301051394	4.67179391855583	4.664507597224
8.20156235912195	8.41039800811779	8.16217802014899
5.29699120941639	5.37335417659084	5.69692907491638
8.62801604540443	8.81351403873902	8.37500098002902
4.57300346924839	4.35532025376058	4.45300349203029
9.15676920918679	9.23842459650473	8.9566200376758
5.03569394411865	5.13519443939608	5.43389466908258
7.1018608680844	7.24333590351467	7.03796599275145
8.0799302280149	8.21861044758371	8.0815929251517
4.89923170156938	4.97907523747879	5.2050759785867
7.72608279925278	7.72279682198994	7.36494731536509
5.94709134034797	5.89418633989228	5.74423478969473
4.72285167798977	5.0480618476701	4.9329964331499
8.12652292231867	8.3330321865588	8.19376066535887
7.19458156304583	7.27605697523592	7.4386956553464
8.10992237005366	8.26764473541973	7.95996348075017
5.67349583715856	5.70064878122802	4.95996348075017
8.14595345226757	8.27305823160609	7.91243511066758
7.70658662362699	7.80149323763639	7.41452934421565
5.63962820113586	5.57381875899253	5.89157650576992
8.79693312572324	8.81062162325315	8.29518839825099
8.8061222971779	9.04138024991931	8.63552853025223
5.06150313046826	5.03112198524839	5.29253881983704
8.72809858138999	8.95495244327862	8.56482553890903
8.34191195591735	8.53027733229928	8.24947009794515
7.33028151883686	7.46660358729433	7.14759048392594
5.58016326082126	5.67543249561918	6.14759048392594
3.63619729573558	3.74287701661731	4.33435899553167
7.7548417922342	7.90584925741786	7.80126573473111
5.58016326082126	5.79732480063969	6.06305697371427
5.58016326082126	5.58546911873146	5.8775013205582
8.13018613640925	8.32957248456293	7.81610077589405
8.69385385876718	8.86062000342486	8.38249551657594
4.69673883767064	4.86898578576714	5.54492598147132
4.20735399693171	4.16137837119973	4.84893216836142
4.74213074048465	5.0480618476701	5.2050759785867
6.44158803091268	6.62739979919738	6.69692907491638
8.71555508734887	8.94932789408474	8.69090528728861
8.41580722731029	8.55023193867492	8.22744379161515
8.50926050640301	8.71265093521479	8.17661953253747
6.77993277319703	6.78390428487737	6.95996348075017
4.33980429295536	3.94932789408474	4.41452934421565
5.20272254820007	4.97907523747879	5.31360043536487
4.30565607054352	4.15096175525439	5.01243090064431
6.66846609920792	6.61986612651197	6.84170059913035
6.02523958648149	5.97021526055857	6.09989374189465
8.77759894409673	8.99189927783638	8.74810779884194
7.1519722137751	7.01541708454252	6.87041189577188
8.96975733207705	9.19946837285458	8.79191576654853
8.57748250122511	8.68087321246669	8.53599285670132
4.31426920084823	4.58159610958426	4.75966483026434
8.10806601761111	8.21673884294385	7.81610077589405
8.59526085363116	8.81392676797682	8.49509482551932
8.99743092755748	9.04067512036427	8.56042707501151
9.04251367451237	9.11087971450205	8.63761787897496
7.70576853738965	7.95382928631968	7.44824996205966
8.23426752475957	8.3999893030943	8.0661628845821
4.45333323858578	4.9066234431305	4.75966483026434
4.82281858605021	4.6644891179326	5.15927228897358
8.20272254820006	8.30511944083839	7.83443259866631
9.04574986932132	9.23380501189516	8.89856293608603
8.81031451924011	8.87927665822494	8.55380413281778
5.26624768598528	5.23226185735624	5.58011540993363
8.1722501959758	8.23102614418357	8.32660949592673
8.1320142613097	8.22483165188075	7.87041189577188
4.74850026536038	5.07034329504611	4.81978582270191
6.70002890760482	6.76865545780842	6.73645743910301
8.82093098269198	9.0218624938077	8.50657217356925
4.05123479501443	4.29036481191981	4.24947009794515
8.01404819306026	8.25432559302223	7.85971200711467
5.64987223263266	5.55813713676026	5.83443259866631
7.75721269669695	7.86739603900475	7.50428399697398
5.11177633694948	5.05924558616278	5.64801947443543
8.36903500427911	8.55961455116576	8.14171391758927
5.27950378268755	5.39998930309431	5.54492598147132
5.92195177806946	5.68989572493114	5.9329964331499
8.57524472345228	8.72674760960057	8.38000166108738
4.48419420229054	4.77035775303942	4.75966483026434
8.1597592517926	8.20356918146053	7.9765654480873
8.99976889896537	9.04278947595652	8.56482553890903
8.07803485435814	8.25006176670298	8.17374277178191
8.13748477781512	8.40273572509427	8.03162446587762
5.96087076736177	5.76353648718341	6.08771902794854
7.4765406297471	7.40657195348428	7.51341500872611
4.7548417922342	4.83033985786765	5.39490053746672
8.14172532896234	8.29805604831582	7.90897955203137
8.26791137447357	8.38728798241922	8.09989374189465
4.81069502696772	4.46870205317832	5.08771902794854
6.2684655112351	6.22234638849116	6.52700407347406
9.00276930567779	9.14145628949545	8.9682883454011
5.71961330392322	5.95532663470619	5.95996348075017
12.8847348425632	13.0552582218351	12.7475033261131
12.3718741939332	12.5740624368988	12.1859295849664
4.7098543374609	4.59702615015386	4.98643569211136
5.26624768598528	5.2712559889721	5.74423478969473
8.32229757460416	8.47810755941278	8.30047300137926
4.16035651739455	3.90041829360379	3.79003847930786
2.89923170156938	3.01971722197614	2.79003847930786
8.06150313046826	8.21798684911241	8.09989374189465
5.75167451315552	5.94932789408474	5.08771902794854
6.34401654424228	6.55221230280316	6.58878027106075
7.73091595298873	7.95382928631968	7.72863793464371
4.4765406297471	4.3999893030943	5.01243090064431
8.71230027482138	8.88988620245865	8.46717082395688
8.23823330981569	8.34393349345877	8.38995132149499
4.39768520903586	4.21236229991854	4.84893216836142
4.77370081948552	4.71486264044772	5.2050759785867
8.82621006086998	8.88596583308731	8.53823132889732
7.79693312572324	7.73243526989567	7.58011540993363
5.13140514369841	5.03679073533508	5.6313407332888
8.91453612207527	9.01756875539756	8.97821518530639
8.41980361502058	8.49003715675617	8.20789099419376
7.72608279925278	7.77460472413961	7.81978582270191
4.97723421357065	4.84333719839652	5.41452934421565
9.02556743446401	9.19598933018433	8.79566302850173
6.4822846122819	6.50800370328562	6.75966483026433
4.93876006575602	5.07034329504611	5.39490053746672
8.07042836024774	8.15422503427724	7.87041189577188
5.44158803091268	5.82707214403374	5.8775013205582
6.97451982887362	7.11523983302043	7.05682502000276
8.24500653841111	8.38395612172147	7.98643569211136
8.1501692203629	8.40930588464332	8.07235471829636
8.6814238992723	8.69124424820199	8.49278835813615
9.12376939473739	9.2613032085459	8.6144669147244
8.5125388279845	8.63909296615089	8.37500098002902
6.06150313046826	5.96427823555071	6.41452934421565
8.09250281338617	8.29273571638256	8.00273750444046
8.0094146193198	8.12790975765751	8.15344321017138
8.08874252878764	8.24149612212924	8.30310806154723
8.69550312449797	8.75410427204057	8.59953867319702
4.38138339670676	4.3911654527073	4.41452934421565
7.31641447267978	7.40438107221147	7.27116516904447
6.16750448432515	6.46870205317832	6.21630323400996
6.79693312572324	6.62175323605624	6.79753301585478
7.86226537521543	7.97907523747879	7.84532091480905
6.68183996129129	6.62739979919738	6.77493158691765
8.51860744574413	8.58884949359558	8.19942941544556
8.9038757653868	9.07068872663902	8.59739340136546
6.22573252624657	6.45817906676631	6.13581331614959
8.27454700920377	8.38005920046873	8.14171391758927
5.77370081948552	5.55813713676026	6.22744379161516
8.52465064308743	8.64374382459807	8.21909644890163
4.91063646484163	4.93725506178417	5.08771902794854
8.02195700249218	8.20734422515191	8.05056602953108
4.7548417922342	4.79732480063969	5.41452934421565
5.53297657537682	5.37335417659084	4.9329964331499
7.57390038879291	7.68268223469857	7.4718625192816
4.88195371013754	4.6046797226973	5.11196657419522
8.77759894409673	9.00822158313831	8.65215920479635
8.16214683204939	8.40328438265589	8.18235590208662
4.64987223263266	4.52625307574048	4.8775013205582
8.48705385642978	8.68132568072848	8.15344321017138
7.52835699076724	7.70154126194989	7.36998290526239
4.84676428167525	4.98495180381546	5.43389466908258
8.77759894409673	8.97243536108525	8.37249412441844
9.11208509993426	9.28561128194917	8.79940058251155
4.40576755533372	4.47706552611294	5.08771902794854
4.42974641826816	4.43475472125498	4.98643569211136
5.25286865618408	5.14572510688825	5.77493158691765
7.99743092755748	8.22545229935898	7.664507597224
7.64390539087085	7.66631878848968	7.92617516729389
7.73171990677988	7.88085337427356	7.34973422141858
7.16750448432515	7.27605697523592	7.22744379161515
4.62239149621055	4.58933175836386	4.98643569211136
7.22915258721027	7.21985683646546	6.89157650576992
5.08182311484785	5.05924558616278	5.24947009794516
4.67014462765892	4.77035775303942	5.08771902794854
4.4611105891775	4.48538079432495	4.11196657419522
4.33980429295536	4.46028981336212	4.29253881983704
8.64091269005367	8.78095183090549	8.35736082089328
4.67014462765892	4.58933175836386	4.98643569211136
5.13627089887023	5.07034329504611	5.6313407332888
5.87031900965414	6.0024392305443	5.8775013205582
8.20908696415617	8.40875951272204	7.89856293608602
8.74850026536038	8.84293279894304	8.31098448715786
8.88195371013754	9.08443860475536	8.55158971175234
8.76233632878113	8.93346148862572	8.531505465709
