k4_temp24_1	k4_temp24_2	k4_temp24_3
4.39339703759145	4.43416163369113	5.34229984040916
8.21811312031049	8.29481478190878	8.11990741907271
8.10818584091298	8.07242236057233	7.93107395508033
8.78377248263602	8.91215920896621	8.8038117694875
4.59112740469363	4.3948487096663	5.24766296627108
9.04148543970546	9.04093496840361	8.8264993641954
8.303002017897	8.32910975119305	8.12324313163596
4.46495029861648	4.32126757728519	5.36501991690924
8.01457972622536	8.14944097085035	8.00887610668396
4.34364400239435	4.31285533746899	4.88858187296625
4.68734271995293	4.77764587194494	5.38738772993769
4.29211370175427	4.17112722785733	4.61294743035282
8.08629323506414	8.108107042225	7.8203471372138
6.7665694111035	6.77917334169152	7.15943578325935
9.02019912058966	9.05455885064186	8.91384182536799
4.9701856068669	4.65655405502757	5.24766296627108
5.05507450445342	4.78374607148135	5.70486991979386
6.53865998479949	6.4911925787275	6.63180645760414
8.74557141934693	8.78792504621368	8.78918620572734
4.74597044992364	4.55321430533489	5.27191051251776
6.87561819826757	6.9489287041142	7.05152044409246
4.64003700517457	4.27870711505714	4.72257192152732
4.51075398822961	4.49491566477022	5.27191051251776
5.15941116426815	5.10445618821204	5.51476703641392
7.83718347535191	7.73499389312298	7.94244874494499
5.52570432969558	5.44959167426073	5.96493275909637
5.1689654709814	4.91737063561155	5.72257192152732
4.24771958239581	4.51705464203947	4.97972976102445
4.24771958239581	4.08482738146311	4.88858187296625
8.02382357046898	8.01199650013008	8.11990741907271
7.33941941653262	7.30014428571944	7.47354437368741
8.20249750740088	8.20845276354615	8.26588672488999
8.4837337742959	8.60795964428064	8.57203423708677
5.77128153845283	5.46105686075419	5.99437653698885
4.76499527560539	4.6894186889332	5.31921622729611
8.68443112453303	8.72710166862223	8.67108160633758
4.72020735385856	4.1987835707602	5.22300091203681
4.48038033918609	4.32963105021982	4.72257192152732
7.51356900383666	7.38183784414614	7.38182820459579
7.52384398767005	7.50602761989045	7.29575725447212
4.30949577998251	4.1987835707602	4.91960876858688
4.63315061958933	4.46485843091404	4.91960876858688
5.99993295026096	5.94757087338725	6.29575725447212
4.64003700517457	4.3707362535495	5.22300091203681
8.29484349450984	8.34621393441542	8.33368671010445
4.52570432969558	4.1987835707602	4.757337339688
4.45717294802477	4.06492782402541	4.88858187296625
4.63315061958933	4.7023577446407	5.19790993107398
5.09571648895076	5.07491191259803	5.79128467161134
8.57369956179026	8.64989032474656	8.56959106115844
3.82060925081639	3.44959167426073	4.6869480117966
8.28937873403303	8.32126757728519	8.07237904899012
7.85504989614542	7.76382537735809	7.69593679502385
4.91447617428062	4.70878401380013	5.34229984040916
7.59201549031163	7.65489100580493	7.4943029338542
4.54050133162366	4.28732024536185	4.88858187296625
5.47268594739609	5.3043937587208	5.66880066508634
4.37700259934078	4.40279746278179	5.19790993107398
4.77754052892451	4.7023577446407	5.22300091203681
8.14193104393359	8.14707686537928	8.28089929574501
8.48277644510291	8.42052363167817	8.43110910736701
4.25670836562307	4.14293033602668	4.757337339688
8.38060483602098	8.38785744275784	8.36783493251629
4.67398433709791	4.53162744312674	5.17237483896684
5.31380877285358	5.07987816549138	5.45248275815958
7.74437366498931	7.80489590635314	7.79964814454596
4.8266582954892	4.53162744312674	5.11990741907271
8.75868150167319	8.71078636671128	8.4709284254804
9.38471069447604	9.35058691016171	9.30459913122393
8.74517227837305	8.66566671549985	8.88071975519328
8.51778125512357	8.46105686075419	8.26890176264542
4.16419622683353	3.95028525808429	5.06545963505033
8.88325633431366	8.76998417023687	8.65042213577149
2.54050133162366	2.32126757728519	3.61294743035282
5.01325432875879	4.82574016014598	5.77441085304694
7.05636205031388	7.02942914280402	7.12657114935372
4.84465472478305	4.3948487096663	5.00887610668396
5.24771958239581	5.05990974925878	5.757337339688
8.66683706451829	8.67636253610775	8.53994559940992
5.17371900095204	4.96109201304087	5.36501991690924
7.51731383407918	7.35648226986925	7.46305199986976
9.18494625637529	9.15445186886878	9.12157623943333
8.38368532482315	8.33067308351965	8.24153686347424
4.74597044992364	4.56033873976827	4.79128467161134
5.02382357046898	4.86654637653387	5.29575725447213
8.88760289559561	8.92429004955134	8.84277818335313
4.36873498335718	4.34621393441543	4.757337339688
8.38009078112835	8.39135731114771	8.3537046036814
5.64346791057485	5.5243594426627	6.06545963505033
9.00827321537155	9.06711775511623	9.05327022604242
9.18376854607243	9.18098292851131	8.97604471421659
5.47653827289169	5.26569022939031	5.74005934825616
4.55514810758806	4.58150334976631	5.22300091203681
7.21926313634659	7.08111706212474	6.88858187296625
8.93071416607749	8.95367107292367	8.56959106115844
4.11561604638847	3.96109201304087	4.45248275815958
6.90450194661481	6.85355553801411	7.13320424168616
5.58756958528044	5.41070266086714	5.99437653698885
8.35048267902141	8.36515325785745	8.3818282045958
4.33518242364616	4.07491191259803	4.91960876858688
4.55514810758806	4.5243594426627	5.17237483896684
8.20714200248949	8.30704333713475	8.04450001641469
7.60351112914946	7.66153173118196	7.76589935319142
4.69397581228538	4.42638428309941	5.19790993107398
7.03300856309984	7.00483347686189	7.2779092531392
4.05507450445342	3.77764587194493	4.31921622729611
8.6026300939826	8.56654388929498	8.37064446610312
4.58400297026025	4.49491566477022	5.43110910736701
5.68734271995293	5.41463907542631	5.85687301323891
8.71369404689988	8.70396699750236	8.57447328253819
7.3094957799825	7.1987835707602	6.86486580399245
8.77128153845283	8.82315103875213	8.72257192152732
4.06534283990724	3.56742816455459	5.19790993107398
7.34995777632655	7.3948487096663	7.34229984040915
8.08187456379713	8.20391062664704	8.19156840420016
8.99019744939949	8.9647882175664	8.74656286809382
4.90307141100837	4.99829063099512	5.61294743035283
9.25474684928978	9.1488503075705	8.74872420938329
4.36873498335718	4.15239066527575	4.72257192152732
4.91447617428062	4.41070266086714	5.1463796304339
5.22041223640008	5.1190044967812	5.70486991979386
8.04018454237576	8.10384681331771	8.09972953713508
8.52384398767005	8.53479571586241	7.91960876858688
4.78997763216273	4.77764587194494	5.24766296627108
4.54050133162366	4.44189728247073	4.82445153554654
4.30949577998251	4.3948487096663	4.61294743035282
4.54050133162366	4.49491566477022	5.36501991690924
8.06342308574388	8.0275025522116	7.96864626189543
9.48181848023313	9.57470282835234	9.45645530323285
4.11561604638847	4.16178936327799	4.57447328253819
8.94711852013282	8.97981121038746	8.82854429018042
8.95576883409803	9.04887147780634	9.10817131102174
8.53497022565043	8.42687159776065	8.31630463187621
9.07108682244205	8.91041787496978	8.96120967305365
9.0733144318592	9.03647137797618	8.85887536615006
4.57684317868738	4.18040504144534	4.94998241763039
3.9592144890459	4.14293033602668	4.27191051251776
8.68567967073029	8.70677887790976	8.69369484423719
8.07426806968673	8.12622400329428	8.28686085398373
8.19374857191129	8.12442251081351	8.23846402942461
8.29538883378713	8.36616995630749	8.07582635060859
8.09696828516022	8.0742899272291	8.20107027196731
8.01059987531281	8.13758151203444	8.09294037147244
8.50038501484606	8.47667418116124	8.31046375328715
5.79923560002383	5.63309508220359	6.05152044409246
8.75630669448529	8.83016787218679	8.77016138004558
4.45717294802477	4.07491191259803	4.36501991690924
8.63573686774095	8.61010683181926	8.61768534935949
7.30516985457971	7.38485078302239	7.4943029338542
4.1352448531374	4.07491191259803	4.85687301323891
4.39339703759145	4.18040504144534	4.53494491835155
4.22041223640008	3.93939694194155	5.36501991690924
5.05507450445342	4.9339218118754	5.24766296627108
4.80230843407345	4.68290538197452	5.19790993107398
8.30841551408337	8.35238370165563	8.29279787899158
8.74796394898463	8.74401689627791	8.47354437368741
8.1790480672896	8.22927610789028	8.44716895826311
6.56422740149892	6.51338832484171	6.54492900692417
7.78765382756761	7.79209195089585	7.63648294481362
7.32132562297076	7.42638428309941	7.43110910736701
9.10258796565605	9.09835082556286	9.09972953713508
7.87780465239794	7.75064998861036	7.96120967305365
7.91447617428062	7.8985207346917	8.06198744314353
5.96196510006194	5.91737063561155	5.91960876858688
7.92085195454117	7.86941741238862	7.87281455710794
7.93001195382664	7.8907699734609	7.80796341275797
5.09069841418414	4.93939694194155	5.43110910736701
5.87123532388636	5.81088220141887	5.94998241763039
7.32667092379063	7.40873041853553	7.24153686347424
5.30083091885538	4.98775996350295	5.40941403626769
5.02382357046898	4.9339218118754	5.40941403626769
7.40859944423512	7.34827345659372	7.1463796304339
4.56964767728318	4.53885901235782	5.38738772993769
9.4020313938323	9.43173571241851	9.33224617574523
8.5624161080521	8.55455281946296	8.46830772532126
6.6503053406284	6.35852719585427	7.00887610668397
7.97495935988062	7.97914683319824	7.90805173716448
8.91270011220615	8.8875871665889	8.94244874494499
4.23867444279281	4.10445618821204	4.6869480117966
8.14616981520368	8.17287136875993	8.17559155165039
8.32880351108345	8.32858826373359	8.25680362012755
3.98107392300964	3.55321430533489	4.91960876858688
8.10880648839121	8.21636725462254	8.17237483896685
8.31111466368433	8.17229022271345	8.2537631658075
8.18494625637529	8.22199399748391	8.28388315418384
7.64774510030984	7.64235665206116	7.64579068703985
6.46106686412925	6.3043937587208	6.5841884373714
5.71042633306597	5.57448292208854	5.93487552524019
8.05120495799176	8.00287373686271	8.20737026032305
9.41914660900336	9.39609359285761	9.37484853427735
4.98107392300964	4.80789215881306	5.66880066508634
4.89157577217054	4.79586963056384	5.57447328253819
6.0185486284283	5.9201423848616	6.53494491835155
5.22499950589573	5.14766825503334	5.49430293385421
7.64518030845053	7.73970858699503	7.75303720225437
4.57684317868738	4.54605451376202	4.88858187296625
4.80843453687029	4.45724524680417	5.11990741907271
3.2111937063707	3.40279746278179	4.17237483896684
5.16419622683353	4.88935625944195	5.55484447578926
4.54050133162366	4.31285533746899	5.03744525888074
8.067898544811	8.13161502279884	8.19156840420016
8.65923057040789	8.65489100580493	8.83466173414875
7.00127063699647	6.88794115874891	7.05850687440856
4.6672584739096	4.66978988218427	5.31921622729611
4.92579148750845	4.7653675421665	5.03744525888074
4.77754052892451	4.7715197691481	4.97972976102445
8.65753477821629	8.57360296168256	8.75303720225437
5.27893831300653	5.30863075160727	5.55484447578926
7.51918261030019	7.49212425137267	7.58902159110734
8.11623350629127	8.19019777846375	8.19790993107398
4.94815930053691	4.8779963972774	5.24766296627108
4.68067898967192	4.48745985985118	4.6869480117966
4.86830599284769	4.81386605985769	5.55484447578926
8.26118184220237	8.3075726693883	8.37904038722417
8.09195457015456	8.11719396103942	8.19156840420016
8.52802638884952	8.51613893585773	8.50201102898947
7.4306104751413	7.32021872588248	7.63180645760414
7.67817213406135	7.69428444410502	7.84480018093834
4.19257802820335	4.1987835707602	4.61294743035282
7.61840698920303	7.59717550794864	7.75303720225437
6.27893831300653	5.96109201304087	6.57447328253819
8.44296874019799	8.39982181021594	8.0196559454372
7.01590390717274	6.99829063099511	7.21050996785361
8.6162260439035	8.61652928659057	8.53494491835155
8.0479723887682	8.16763260755946	8.29279787899158
8.16359896123159	8.17635333756413	8.18200354016462
5.62275901374274	5.64989032474656	5.91960876858688
8.80614029566448	8.81758722529676	8.89249692296964
9.11283420184835	9.20163418429559	9.03390490117549
6.61404179664163	6.52071166564756	6.38738772993769
4.34364400239435	4.27870711505714	5.55484447578926
5.81148786084785	5.92566995883004	5.40941403626769
10.1276091041764	10.1966419081755	10.0628562748716
4.54050133162366	4.37881859984735	4.91960876858688
4.86242942651102	4.83164076158566	5.31921622729611
8.43309061163122	8.44382473104185	8.39568705315618
8.35310433164341	8.40774328538659	8.49944623713016
4.66050110773429	4.72155130987401	5.36501991690924
5.18788633287863	5.02942914280402	5.55484447578926
5.38931586077963	5.0995739668323	6.02323139966103
4.2111937063707	4.14293033602668	4.91960876858688
9.15731269838416	9.22619969973612	9.00526485313158
9.1263836251977	9.09191226512423	8.8038117694875
5.6157894589279	5.2214323097054	5.77441085304694
5.51824852477653	5.50233313633271	5.80796341275797
6.4296172255042	6.31496300043098	6.49430293385421
8.10942686898167	8.16588211791188	8.17880110812627
8.35676666009652	8.2781670832182	8.4604169397018
8.70633125498041	8.66318714736002	8.52236685227208
4.61229201469167	4.3707362535495	5.19790993107398
8.08060959656055	8.14055552883878	8.05850687440856
5.3728747137181	5.18502166951571	5.57447328253819
8.38522310614575	8.32910975119305	8.47354437368741
8.5660364237308	8.5924048300858	8.62946251713584
8.23014280917169	8.25420330771673	8.21050996785361
4.70715120103311	4.71518178499828	5.19790993107398
7.99926364148491	8.0281450349837	7.66880066508634
8.09069841418414	8.14944097085035	7.90805173716448
4.29211370175427	4.00352727936126	4.91960876858688
8.64089549674462	8.64025696454035	8.11990741907271
4.69397581228538	4.63646980898424	4.88858187296625
5.19257802820335	5.03455417498189	5.34229984040916
8.89121505331858	8.93460734053685	8.81210314311889
8.478940763107	8.46580726030759	8.7616246980911
8.38931586077963	8.4491119751571	8.36501991690924
6.33941941653262	6.05990974925878	6.71374807114032
4.51824852477653	4.40279746278179	5.40941403626769
7.68318149687509	7.71677680455366	7.95747695417732
8.89733504145922	8.89816932924826	8.81623102874157
8.46009436996308	8.53524775880544	8.64346937512972
8.81681567765795	8.84373506240271	8.37064446610312
4.87415871909313	4.7653675421665	5.27191051251776
4.30949577998251	4.1987835707602	5.00887610668396
8.38573533588338	8.46058095936742	8.30165785591181
4.22041223640008	3.97181841963393	4.6869480117966
8.83868082373841	8.91181111026965	9.03035583409442
9.12208623253671	9.13400458034868	9.19632716071129
7.72588247513345	7.77075217400315	7.71374807114032
8.81148786084785	8.8953550000634	8.75948261151956
6.07807632981503	5.85789882792035	6.48396098963275
8.54417698976706	8.47714480424187	8.61768534935949
8.4409985179172	8.38635489614653	8.31630463187621
4.79615620709186	4.57448292208854	5.51476703641392
8.31219291114923	8.28624641201053	8.38461064526712
7.16539001675757	7.30120782800195	7.3537046036814
12.5539237109851	12.5811203019048	12.4637100135828
11.5205826055977	11.5333255973318	11.3053335140552
5.2111937063707	4.93939694194155	5.38738772993769
5.48803391172952	5.37881859984735	6.18519887932443
9.27783491330388	9.30651381059517	9.27040692192737
8.04083513767016	8.03263442081852	8.03390490117549
9.05861249428802	9.10384681331771	9.02501580933922
8.08818281626536	8.16354482288322	8.13320424168616
8.72507310903037	8.77688153018354	8.5841884373714
4.90878506220276	4.64319567217255	5.38738772993769
6.29865654762104	6.29801484615809	6.67790287219359
8.67356488803524	8.76421107313392	8.75303720225437
8.50840393877547	8.54739968406077	8.24153686347424
4.12546383234482	3.93939694194155	4.85687301323891
8.41162079621036	8.35494667095803	8.63648294481361
8.27728289682847	8.17982692280772	7.90417872801727
8.82892016432077	8.8953550000634	8.80796341275797
6.37080633337687	6.40675547635047	6.48396098963275
4.86830599284769	4.78982058589104	5.6869480117966
9.13585397074868	9.18588564501267	8.97419865505122
8.24320410127332	8.32283942604161	8.33368671010445
4.54050133162366	4.29588225886528	5.19790993107398
8.70181320276127	8.64067714658523	8.67563269856877
8.9701856068669	8.97681910069229	8.84075334787564
8.2048216239581	8.19992449216477	7.757337339688
9.04667733029624	9.07211086428679	9.07754691734906
6.99456976549387	7.03966106541497	7.50457126930803
4.93141603670233	4.7023577446407	5.09294037147244
7.09446360564069	7.01004647274481	7.1132127664987
6.89733504145922	6.82721757455147	6.95747695417732
8.92014492436731	8.94689147848847	8.97235023065885
6.49184552567954	6.49862916756929	6.67790287219359
7.64603574579602	7.59197034881738	7.50967815974112
4.44935344356547	4.05487415936148	5.17237483896684
7.83568457127849	7.87657010448611	7.66880066508634
8.92860650311551	8.99927395151999	8.79547246857477
4.40152491847485	4.47243165061884	5.34229984040916
8.50934441797494	8.47479015211009	8.4709284254804
8.44886331444884	8.47949561955897	7.98707173636561
5.08566282428684	5.19421084097037	5.38738772993769
8.44395284326541	8.43803464283833	8.29575725447213
8.77284883359979	8.79209195089585	8.64579068703984
4.63315061958933	4.66978988218427	5.19790993107398
8.79113813232523	8.77496890224745	8.87677257067662
6.78221701613398	6.53343873657357	6.88071975519329
8.0218477266894	8.06492782402541	8.06198744314353
9.24235587290539	9.26323643396404	9.45909760258114
4.75233997479936	4.59544254072419	5.43110910736701
5.91163342451179	5.79586963056384	6.03744525888074
5.49184552567954	5.38685591891277	6.09294037147244
4.08566282428684	3.74049287352747	4.57447328253819
4.80230843407345	4.26132503682891	4.61294743035282
6.86242942651103	6.78982058589104	7.15292247630067
8.99288967325684	8.97814969339984	8.68920046352798
6.74756546947901	6.60752982302292	6.52489125368763
8.25502722924225	8.19821277152787	8.42571584859679
7.27893831300653	7.41562150313937	7.79547246857477
8.04861948231612	8.03391454072584	8.15292247630067
7.97223343551576	7.99303490554362	8.38738772993769
5.94815930053691	5.79586963056384	6.29575725447212
8.21811312031049	8.26677946692102	8.22920606156352
8.32880351108345	8.34156923164916	7.82854429018042
9.03333551948444	9.11809951293079	8.92152597158117
9.00594279712254	9.03487388579558	8.94433585448925
8.93771755381526	8.98213412412362	8.78076168519933
8.80460877212268	8.85826017921614	8.74005934825616
8.45863439846973	8.55187454819708	8.52489125368763
8.32933616571047	8.41758435383792	8.37064446610312
8.72020735385856	8.72274247139005	8.57447328253819
8.04083513767016	8.13221278333812	8.20422370500618
4.93141603670233	4.98775996350295	5.66880066508634
8.29484349450984	8.29481478190878	8.32212195847152
4.68067898967192	4.40279746278179	5.22300091203681
4.61229201469167	4.37881859984735	5.06545963505033
8.27008739542427	8.2475980537174	8.07582635060859
9.2372560029569	9.32231566671806	9.24766296627108
8.16120742311098	8.17924857241276	8.32212195847152
7.53312180125806	7.43803464283833	7.45248275815958
6.48994097749418	6.18040504144534	6.44183551396007
6.32239626869031	6.15474608627388	6.70486991979386
8.87998779789533	8.8611477359287	8.55977677133149
4.79615620709186	4.63646980898424	4.61294743035282
7.45424559827324	7.29160760376496	7.47876208295842
4.40152491847485	4.29588225886528	4.31921622729611
7.41964693674927	7.47808559008603	7.66880066508634
8.92579148750845	8.93426461692415	8.82240079598177
8.95093104978696	8.89041667480825	8.62004848672797
8.7779308156957	8.81907300816844	8.7975618172975
6.81605576452956	6.81981532618888	6.71374807114032
8.34417120687341	8.41020985299184	8.5671437407397
8.46640389575798	8.51476428588152	8.2167689583253
4.81453473640671	4.77764587194494	4.94998241763039
8.61491589242171	8.55232127216438	8.48655343424927
8.36977103010971	8.30280167280507	8.3451594945484
4.68734271995293	4.31285533746899	5.03744525888074
8.16120742311098	8.1268240012405	7.65964066580087
4.75233997479936	4.42638428309941	4.94998241763039
4.24771958239581	4.28732024536185	5.1463796304339
5.10071717000913	5.04474994208778	5.24766296627108
4.79615620709186	4.68290538197452	5.40941403626769
8.32079000201012	8.35954857291703	8.29575725447213
8.38522310614575	8.37730660490628	8.4604169397018
5.71695437606347	5.66649229208369	5.70486991979386
8.00460943747043	8.04918803184839	8.13320424168616
9.12392953990957	9.1568039297784	9.18997865743776
5.14979316170655	4.83164076158566	5.66880066508634
4.85652882507133	4.60924834024922	5.45248275815958
5.17371900095204	4.85500475465118	5.29575725447213
4.51075398822961	4.31285533746899	4.85687301323891
8.38009078112835	8.3747830866122	8.56223661001929
9.16330023568111	9.21043546048847	9.04450001641469
5.14979316170655	4.95569875427065	5.63180645760414
4.52570432969558	4.5097126666983	5.00887610668396
8.361461748445	8.39833167920975	8.37064446610312
7.13767978205446	7.12742374975917	7.25983768021718
8.9335196021407	8.91875717588251	8.77228768115397
5.84763242458294	5.65987441331919	5.85687301323891
5.48038033918609	5.39085784947026	5.80796341275797
4.22957223568555	4.14293033602668	4.72257192152732
5.90593106514761	5.56388780684934	6.21050996785361
8.10134103814464	8.18156058419105	8.0963389479343
7.93422010957903	7.96646518513972	7.79547246857477
8.06085943328627	8.14293033602668	8.31630463187621
9.3974667019005	9.39210617959997	9.50072920301364
4.1352448531374	3.96109201304087	4.45248275815958
5.40960726477271	5.22591970069771	5.45248275815958
4.22041223640008	4.34621393441543	4.65042213577149
5.26118184220238	5.0995739668323	5.6869480117966
3.91447617428062	3.80189341819161	4.31921622729611
4.32667092379064	4.26132503682891	5.03744525888074
8.73193829082897	8.73105317764116	8.68469203785623
8.78726616263422	8.74870224288331	8.71816674240732
4.64003700517457	4.1987835707602	4.88858187296625
6.65371194207166	6.81833030800228	6.52489125368763
7.6210197790042	7.65155914510718	7.49944623713017
6.79152475836022	6.63309508220359	7.15943578325935
9.17875252390214	9.09528842780739	9.28686085398373
9.30245954936612	9.26650723462643	8.93107395508033
8.0165655421492	8.05676456588777	8.00164453745289
4.95369748407834	4.71518178499828	5.06545963505033
8.42364332445957	8.5229926068988	8.24766296627108
6.70057854710963	6.60063520994451	6.74872420938329
5.25670836562307	5.15709766795327	5.72257192152732
6.72992250869177	6.6664922920837	6.65042213577149
7.83942891555755	7.92083449091512	7.86486580399245
8.54509444292414	8.51979827844333	8.51222484185147
8.98547393475609	8.98478431093709	8.90998434969848
5.40960726477271	5.06492782402541	5.6869480117966
8.19725451541282	8.30863075160726	8.51476703641392
8.70878969642886	8.70477095129351	8.85486787734854
6.15220368029724	5.93666197422031	6.19790993107398
8.80499180545584	8.79473736494061	8.38738772993769
6.7038686170438	6.6229232771463	6.18519887932443
8.361461748445	8.34415146795853	8.23846402942461
8.05764844811724	8.04157149832388	7.93107395508033
5.65371194207165	5.75298381771067	6.03744525888074
4.15461017800433	4.11417134304526	4.22300091203681
8.94155497487833	9.00841943406904	8.86884565490499
8.06981235677534	8.07304515144792	7.74872420938329
7.24094104976476	7.17229022271345	7.09972953713507
7.27673066905488	7.07242236057233	6.94244874494498
7.98107392300964	7.9339218118754	7.88858187296625
9.44861818743426	9.40724946541227	9.36361034665457
8.26006477281564	8.23095138778539	8.51476703641392
6.09069841418414	6.25475238290542	6.23538463649265
8.9443394293801	8.9854460976647	8.87874751286168
8.56377479128631	8.54380977230886	8.34229984040916
7.74037395341473	7.69751918770432	7.91576670229248
5.03431594428662	4.74675186399915	5.45248275815958
5.42164651439562	5.54963885111106	5.77441085304694
9.32426798895771	9.32910975119305	9.35654176298493
9.12270093004959	9.16704934697303	9.01067834931795
5.51075398822961	5.4911925787275	5.63180645760414
9.04018454237576	9.05424347299477	9.03744525888074
6.4552220416546	6.35238370165563	6.53494491835155
5.93141603670233	5.71518178499828	6.39844291844669
8.48325518910628	8.50879228705567	8.61768534935949
5.86242942651102	5.86078710724518	6.15943578325934
7.66641553199786	7.47054206941762	7.98340541916785
7.09696828516022	6.74206016867443	7.25983768021718
8.94642424916616	8.85355553801411	9.01247834336416
6.08060959656055	6.20561560424262	6.64114432218348
8.72304770501824	8.76112261588616	8.73570732371646
7.69893069422814	7.61353569865232	8.10311217652973
6.9564586237554	6.83458203689779	7.18519887932443
8.5032203155442	8.60279331811192	8.54741427031377
4.72669138742876	4.86078710724518	5.34229984040916
6.90878506220276	6.66318714736002	7.17237483896684
5.48038033918609	5.62292327714629	5.87281455710793
7.05120495799177	7.07242236057233	7.24153686347424
7.09571648895076	6.83751732792233	7.06545963505034
4.93701874293171	4.83751732792233	5.47354437368741
5.21581033444107	5.0995739668323	5.66880066508634
5.15461017800433	5.00352727936126	5.79128467161134
4.65371194207165	4.62292327714629	5.57447328253819
6.17608990541478	6.19421084097037	6.49430293385421
8.36458334008671	8.43900127271764	8.36219939784686
8.27285914467432	8.29588225886528	8.42030235241043
4.75233997479936	4.72789283674784	5.29575725447213
4.87998779789533	4.78374607148135	5.36501991690924
8.62232440158675	8.6607033102342	8.75303720225437
5.5368162848158	5.67636253610775	5.40941403626769
5.58042751603642	5.57799740626478	5.85687301323891
7.52104896895749	7.46295889799856	7.5841884373714
6.57504766502577	6.48932742650794	6.81623102874157
4.39339703759145	4.30439375872079	4.79128467161134
9.69728095700905	9.78925218544732	9.79964814454596
4.8206092508164	4.68290538197452	5.36501991690924
9.30760478349677	9.34904502005318	9.20264785008064
6.43754414127583	6.50602761989045	7.01607160808817
7.51450612309071	7.37276108902698	7.77016138004559
5.97018560686691	5.75918896723737	6.53494491835155
6.35205624221055	6.14530124048943	6.98707173636562
6.71532513247882	6.53885901235782	7.16591981682954
6.22270769438774	5.96109201304087	6.44183551396007
7.00660901511678	6.78374607148135	7.42030235241042
6.45326849356885	6.25913747759115	6.84883569417349
8.97052711356536	9.06524087491974	8.90029529353004
5.61927844500778	5.45724524680417	6.00887610668396
5.71695437606347	5.59544254072419	6.24766296627108
5.14496000797061	4.95028525808428	5.53494491835155
5.15461017800433	5.07491191259803	5.55484447578926
7.24433429721117	7.2905369580454	7.65042213577149
6.40152491847485	6.33794631843182	6.57447328253819
5.58756958528044	5.32126757728519	5.91960876858688
4.72669138742876	4.5243594426627	5.17237483896684
5.69397581228538	5.58848978008242	5.61294743035283
8.53450834152902	8.52617987828707	8.86287175386036
6.80843453687029	6.64989032474657	6.97972976102444
8.81263119339287	8.8542803283036	8.77016138004558
6.61927844500778	6.61781035375264	6.91191437679687
4.68067898967192	4.51705464203947	5.31921622729611
4.89157577217054	4.97715186393696	5.24766296627108
4.04473256023196	4.18040504144534	5.09294037147244
7.61666249680077	7.66153173118196	7.93107395508033
7.26341338950095	7.33275489490669	7.48396098963275
4.71369404689988	4.77764587194494	5.19790993107398
8.2135038670579	8.29428074709206	8.35086185391258
4.8266582954892	4.68290538197452	5.06545963505033
4.75868150167319	4.72789283674784	5.17237483896684
4.26564149039308	4.47243165061884	5.00887610668396
8.73917187443318	8.79511488556055	8.5671437407397
3.24771958239581	3.35443444122039	3.45248275815958
5.79923560002383	5.70878401380013	6.06545963505033
5.82967333324463	5.59197034881738	6.36501991690924
8.36873498335718	8.42833255488893	8.48136387814671
5.40557175153755	5.24814964808118	5.87281455710793
9.06278259958868	9.08204553692299	9.02323139966103
8.44198396538782	8.39634244064449	8.64114432218348
4.83268208311697	4.86654637653387	5.03744525888074
8.83493453484835	8.91771739562785	8.82240079598177
9.04408372053544	9.13519787656302	9.06719260227479
7.82816660199448	7.8440999783123	7.8203471372138
7.78299495901661	7.77611678325819	7.82854429018042
9.38086179479641	9.44454686088468	9.27491300067928
8.15400892980189	8.18502166951571	8.24153686347424
4.76499527560539	5.20788577786745	5.17237483896684
6.34785625368126	6.16178936327799	6.50457126930803
4.36873498335718	4.25255482720118	5.29575725447213
8.18612300606605	8.29907995882433	8.28983242051502
5.45717294802477	5.01912413441228	5.59383860740512
5.10071717000913	4.83164076158566	5.72257192152732
6.26118184220238	6.02685978319189	5.93487552524019
8.23299229664926	8.2033418527225	8.17237483896685
7.57414906951812	7.44093259166857	7.42030235241042
7.55058694336869	7.43803464283833	7.59383860740512
8.10134103814464	8.09896252582256	8.00887610668396
8.38829376010571	8.45962868537847	8.44450470073605
8.55332537198124	8.56875356202116	8.43379819489465
8.25390538234211	8.26677946692102	8.1947426519953
8.32613728404315	8.36005899041427	8.40667906854645
3.9592144890459	4.05487415936148	4.61294743035282
8.79885103516992	8.84738007455108	8.73788497702183
5.48803391172952	5.31285533746899	5.91960876858688
9.0099354981236	9.00091133115425	9.05327022604242
6.95369748407834	6.97181841963392	7.01607160808817
8.90199757765705	8.85355553801411	8.69144940403154
8.71980113252942	8.67266910346385	8.62946251713584
7.99389796336722	8.1268240012405	8.10311217652973
8.09571648895076	8.17112722785733	8.2779092531392
4.68734271995293	4.57448292208854	5.31921622729611
8.8480042052939	8.80751796738549	8.85887536615006
8.39898987118598	8.50418156072507	8.57933903771
6.58578737993843	6.59717550794864	6.78287243179514
6.33093295064479	6.2033418527225	5.96493275909637
7.70878969642887	7.6440342046233	7.79964814454596
4.99725385006507	4.71518178499828	4.91960876858688
8.670625325008	8.58761832427768	8.31338714849392
7.14011060830922	7.14530124048942	7.38738772993769
8.74357460928298	8.74245172656553	8.67108160633758
8.77754052892451	8.73499389312298	8.54989525981753
7.37080633337688	7.32963105021982	7.28388315418384
8.88579341957653	8.88794115874891	8.80588908452011
5.1784569199587	5.1987835707602	5.66880066508634
8.02052899255654	8.05234975794594	7.86087494379641
7.85948214246069	7.9489287041142	7.83262546699224
8.71369404689988	8.79057810496378	8.65503876384185
5.07044973034033	5.05990974925878	5.51476703641392
4.48038033918609	4.32126757728519	5.17237483896684
6.58756958528044	6.70396699750235	6.93487552524019
8.03235442795333	7.96445259001088	7.96120967305365
7.84167086634422	7.81981532618888	7.68243253067411
4.1352448531374	4.60924834024922	5.59383860740512
8.44788255639552	8.32963105021982	8.46305199986976
8.7689273986198	8.79963744425125	8.85687301323891
8.98783762522894	9.02718120349864	8.70264181890175
8.3170350769359	8.26023167183464	8.43379819489465
9.00193901553096	9.02718120349864	8.93677256041278
8.12852753075862	8.15827202295576	7.89640137742555
8.82778967317695	8.87870901524244	8.43110910736701
8.02645382651365	7.92773735116981	7.84480018093834
5.22041223640008	5.07491191259803	5.27191051251776
8.68067898967192	8.69185361785025	8.4498283047136
5.86537070182314	5.78982058589104	6.11990741907271
8.55150033057291	8.62122098191529	8.4498283047136
8.08440117572293	8.1062827700651	8.17880110812627
8.1266900925469	8.05298127252853	7.78708468308205
5.41764458383813	5.41856477864011	5.57447328253819
8.25838754529767	8.30386325860785	8.31921622729612
6.57144991991716	6.62462356613613	6.6869480117966
6.61054010793008	6.5762412343609	7.00887610668397
8.51684626154523	8.46628144109769	8.54989525981753
4.64003700517457	4.41856477864011	4.91960876858688
7.99524125493623	8.00744232936465	8.12657114935372
5.25222097463075	5.17112722785733	5.24766296627108
6.91305549958099	7.01134678382056	7.47876208295842
8.33305925175318	8.35801623603279	8.26890176264542
8.47509485602203	8.53208047972676	8.6779028721936
9.11839253722041	9.08173611171196	8.53494491835155
8.86242942651102	8.92118041947232	8.9889014069227
7.76971253879749	7.61353569865232	7.38738772993769
6.57324991396337	6.59890639602776	6.17237483896684
7.84390933854023	8.0093958774504	7.83669513130128
5.87123532388636	5.72472555766915	6.07926543457536
4.39339703759145	4.27004225393002	4.94998241763039
4.8266582954892	4.72155130987401	5.43110910736701
7.74517227837305	7.78982058589104	7.43110910736701
4.36873498335718	4.33794631843183	5.29575725447213
8.1230081806185	8.09406164623612	7.96864626189543
9.04116032532868	8.95603642426421	8.9462204988342
8.27783491330388	8.29641570129727	8.43110910736701
8.13280580768599	8.15003139240183	7.83262546699224
8.84129744974038	8.86977589047244	8.5646922617456
11.903563317634	11.9286839167968	11.8710795057372
7.04213544874592	6.87085079058988	7.1463796304339
7.227287682491	6.99171797707163	7.39292591347913
8.62188965846432	8.71118650401544	8.53243806274098
8.75392797170256	8.75764018014189	8.53994559940992
7.66557209728172	7.45629076774793	7.84075334787564
8.96230855799497	9.03359461722062	9.00164453745289
4.75233997479936	4.50233313633271	5.00887610668396
4.96471047680075	4.91737063561155	5.24766296627108
5.24320410127332	5.23485282546772	5.93487552524019
7.32025418211877	7.20675113758805	7.28388315418384
5.85356944959079	5.5133883248417	5.85687301323891
7.85208748228957	7.77075217400315	7.7443982839805
8.23583616715596	8.28409634448757	8.28089929574501
7.32986862374969	7.22927610789028	7.27191051251776
4.38522310614575	4.38685591891277	5.03744525888074
9.16330023568111	9.09191226512423	8.71595909845567
5.82363694351396	5.53885901235782	6.18519887932443
5.48421220077712	5.33379467516136	6.00887610668396
9.31219291114923	9.38058059348628	9.21832947231291
4.72020735385856	4.64989032474656	5.24766296627108
5.07553860701313	5.09467516741946	5.74005934825616
9.27008739542427	9.25365402347598	9.21520675455501
4.79615620709186	4.75298381771067	5.49430293385421
8.27396635504401	8.24040806930089	8.00164453745289
4.79615620709186	4.81386605985769	4.88858187296625
8.90235561092378	8.96747043082495	8.9234406301779
6.06278259958868	6.04474994208778	6.05152044409246
8.16539001675758	8.22815817289371	8.13980697651041
8.02973491740001	8.10262729080985	8.1132127664987
4.66050110773429	4.60924834024922	5.17237483896684
4.33518242364616	4.28732024536185	4.88858187296625
8.90378685612141	8.88935625944195	8.78498009475713
4.30949577998251	4.40279746278179	4.85687301323891
4.30949577998251	4.43416163369113	4.79128467161134
4.14496000797061	3.7653675421665	4.72257192152732
4.84465472478305	4.6959027225034	5.70486991979386
9.21955049717632	9.27519328933293	9.1430970464446
5.87123532388636	5.83458203689779	6.13320424168617
7.46106686412925	7.32231566671806	7.33656347086001
8.12116369491119	8.15180120866248	8.38738772993769
8.61884278290545	8.64067714658523	8.6779028721936
7.57144991991716	7.54784779558507	7.42030235241042
8.35467503951864	8.37730660490628	8.54989525981753
8.13341595573521	8.21354563228582	8.23538463649265
5.79615620709186	5.79888466831928	6.43110910736701
6.88289352907074	6.97582035019142	7.1199074190727
8.18964750710453	8.22647964444272	8.27191051251776
4.14496000797061	4.07491191259803	4.40941403626769
6.02907929592047	5.82574016014598	6.5646922617456
4.8206092508164	4.74675186399915	5.59383860740512
4.5624161080521	4.31285533746899	5.36501991690924
8.15220368029724	8.21918336920183	8.00164453745289
7.72426328861007	7.68535131933501	7.74005934825616
8.25165906808387	8.14944097085035	8.16591981682955
4.14496000797061	4.07491191259803	4.61294743035282
4.87415871909313	4.61610201129028	5.47354437368741
5.07044973034033	4.80189341819161	5.49430293385421
7.10071717000913	7.09957396683229	7.16591981682954
4.48803391172953	4.47243165061884	5.34229984040916
8.50981442776599	8.46343401575056	8.40393890620154
8.72790390609452	8.70998575900989	8.63180645760414
9.15551158074586	9.12291954678458	9.12490810013107
8.85319910045748	8.8611477359287	8.63414659605866
4.28334349212654	4.35443444122039	4.79128467161134
8.70838024700342	8.699940494635	8.65042213577149
6.71369404689989	6.6959027225034	6.82445153554653
8.26675425176015	8.09773886583326	8.27191051251776
8.37957654300461	8.36464463982261	8.47354437368741
4.68734271995293	4.5097126666983	5.57447328253819
3.78377248263603	4.30439375872079	5.27191051251776
4.83868082373841	4.5243594426627	5.1463796304339
8.06406328768067	8.04157149832388	7.6869480117966
5.24320410127332	5.00874498863228	5.65042213577149
7.5368162848158	7.32650042684114	7.30753442224848
8.90485935898896	8.98577687722385	9.14145294935397
9.18376854607243	9.21805758292474	9.11488934430608
8.82401495872401	8.87192489043417	8.66422793529652
4.90307141100837	4.80189341819161	5.47354437368741
8.46300988804705	8.48090427227386	8.69369484423719
8.66177052712186	8.6440342046233	8.76803194048424
9.26257696371221	9.28382736060669	9.40941403626769
4.87415871909313	4.74049287352747	5.70486991979386
6.93281875440242	6.86078710724518	7.32502184897732
5.71369404689988	5.6959027225034	6.07926543457536
4.83868082373841	4.64989032474656	5.11990741907271
7.58310993708974	7.53434353123533	7.65042213577149
4.1352448531374	4.20788577786745	5.1463796304339
8.42713110556985	8.36820120626062	7.64579068703985
8.97801988085585	8.92325425074589	8.60103410880932
8.30354428253067	8.33690952712534	8.04097694985099
4.45717294802477	4.44189728247073	5.38738772993769
8.1831793302011	8.15356885647303	8.2322986566189
4.41764458383813	4.71518178499828	4.6869480117966
8.87780465239794	8.89500282258309	8.98523974241673
7.99859402205266	8.04918803184839	7.84480018093834
8.07871006364508	8.06805528035721	7.86087494379641
8.32613728404315	8.2905369580454	8.21364285733858
7.13280580768598	7.06617962023487	7.30165785591181
7.968818771103	7.96579463200616	7.9537345524915
7.87415871909313	7.97914683319824	7.96493275909637
6.91020994630959	6.94212673469712	6.92726234113031
4.53312180125806	4.5097126666983	5.63180645760414
7.84390933854023	7.97981121038745	8.01607160808817
7.17371900095204	7.1202102595266	7.19156840420015
5.07044973034033	4.90062737177697	5.59383860740512
6.85356944959079	6.84628753755007	6.91960876858687
8.34522503821383	8.38334510011562	8.51222484185147
8.98952360770537	9.03774809933462	9.11990741907271
9.03529570326546	9.07117597169058	9.0980352385952
4.36041971514517	4.18040504144534	4.94998241763039
7.94677142641267	7.8985207346917	7.99437653698885
4.80843453687029	4.65655405502757	5.22300091203681
8.51684626154523	8.50187065995725	8.6869480117966
9.38599138256803	9.4178295225089	9.21207726300057
8.49943867500177	8.41070266086714	8.43379819489465
4.27451964173953	3.87228274608302	4.40941403626769
9.20075195964905	9.27978657267645	9.28983242051502
4.58400297026025	4.15239066527575	4.22300091203681
7.84539972611171	7.78450678599457	8.03744525888073
8.27617822982129	8.35954857291703	8.34229984040916
4.87415871909313	4.83751732792233	5.17237483896684
5.27451964173953	5.1987835707602	5.90417872801727
8.20540206856094	8.24373097681417	8.29575725447213
8.6672584739096	8.64235665206115	8.58176577510454
3.55514810758807	3.04474994208778	4.40941403626769
7.09320963334019	7.00352727936126	7.13320424168616
5.88579341957653	5.76844693509847	6.55484447578926
4.43358612770715	4.13340756190817	4.757337339688
5.19725451541283	5.07987816549138	6.00887610668396
8.86647213593255	8.86510871319527	8.89054072600431
6.69728095700905	6.59890639602776	6.70486991979386
9.057969868424	9.10932194338386	9.09123807624144
4.41764458383813	4.20788577786745	4.65042213577149
8.51075398822961	8.48324897462791	8.14309704644459
7.14858639037656	7.12982025370042	7.07926543457536
4.08566282428684	4.11417134304526	4.94998241763039
7.6365979212078	7.72631006638515	7.70486991979386
7.88216764475812	7.9201423848616	7.90805173716448
6.96608120853417	6.92704854951391	7.17237483896684
5.23867444279281	4.9339218118754	5.49430293385421
8.03366240178807	8.10201714276063	8.00164453745289
8.52941783249464	8.45772224963241	8.18519887932443
5.71695437606347	5.59197034881738	4.27191051251776
7.99524125493623	8.08111706212474	7.91576670229248
3.82060925081639	3.75298381771066	4.65042213577149
5.02382357046898	4.57448292208854	5.49430293385421
6.13767978205445	5.87514240022225	6.60342465623432
8.10818584091298	8.12261876599732	7.66880066508634
8.5022758343053	8.50741061572177	8.36501991690924
8.20656225763905	8.08482738146311	8.162681442763
6.29647889431567	6.18962357147472	6.69593679502386
7.14616981520368	7.1757735927137	7.34229984040915
4.68734271995293	4.62971244280893	5.03744525888074
9.28910495188193	9.29534861911779	9.3279159222465
7.16658281967041	7.13101701448318	7.55484447578926
4.86830599284769	4.67636253610775	5.49430293385421
9.15731269838416	9.2417935443338	9.230753187761
8.18729879671051	8.26460016886177	8.10648690331038
8.59112740469363	8.63857501151873	8.54492900692417
4.40960726477271	4.37881859984735	4.72257192152732
7.61054010793007	7.60494820281559	7.55977677133149
8.44346087564226	8.44719158214025	7.9499824176304
8.71532513247881	8.71438361344769	8.44183551396007
8.26174005271075	8.25749462862916	8.26588672488999
7.14979316170656	7.06867995888652	7.40393890620154
8.78221701613398	8.80377070543228	8.45513233657353
4.16419622683353	3.84919913296997	5.00887610668396
9.23128327961914	9.19963934639037	9.08953377002919
4.25670836562307	4.08482738146311	4.82445153554654
4.75233997479936	4.81386605985769	5.24766296627108
5.13036263175766	4.99303490554362	5.91960876858688
9.58801479282629	9.57140070962786	9.43379819489465
8.87853273469494	8.88439732242783	8.7443982839805
5.52941783249464	5.5133883248417	5.94998241763039
8.8792604497373	8.85572881742215	8.75303720225437
4.51824852477653	4.44959167426073	5.22300091203681
4.79615620709186	4.6894186889332	5.03744525888074
8.1382878727024	8.21241543634796	8.1132127664987
4.8266582954892	4.67636253610775	5.87281455710793
8.16539001675758	8.19191902946238	7.91960876858688
6.59998375565413	6.71996156311161	5.65042213577149
4.70057854710963	4.84919913296997	5.61294743035283
8.16539001675758	8.16588211791188	8.16591981682955
8.95611377015249	8.99369291925669	9.07926543457536
8.32720436622263	8.24925220452833	8.35654176298494
4.70715120103311	4.62292327714629	5.17237483896684
5.10071717000913	4.8779963972774	5.63180645760414
8.43309061163122	8.4695963499207	8.54741427031377
8.86390081372769	8.81535567799818	8.56959106115844
8.10942686898167	8.1757735927137	7.96493275909637
6.20424094572893	6.03966106541498	6.80796341275796
4.8206092508164	4.77764587194494	5.45248275815958
5.16419622683353	4.91181111026965	5.57447328253819
8.21581033444107	8.22087040315851	8.21050996785361
8.96162156034347	8.96847497655956	8.72696369064448
7.12913949048822	7.14174342107624	7.40393890620154
5.37700259934078	5.5097126666983	6.22300091203681
8.9094976801678	8.93871368593025	8.78918620572734
5.44542774035166	5.25255482720118	5.79128467161134
4.26564149039308	4.27870711505714	4.91960876858688
5.38522310614575	5.29160760376495	6.25983768021718
6.91163342451179	7.03838603657292	7.24153686347424
4.54784330696483	4.44189728247073	5.27191051251776
7.34680434328767	7.1987835707602	6.99437653698885
4.70057854710963	4.47243165061884	4.85687301323891
5.00260708455928	5.11417134304526	5.70486991979386
4.90307141100837	4.78982058589104	5.09294037147244
5.78065987076869	5.50602761989045	6.31921622729612
8.08250663173315	8.12982025370042	7.93866710440256
4.16419622683353	4.17112722785733	5.03744525888074
7.44641016806473	7.44574960796634	7.50457126930803
7.48898775972519	7.51796976737361	7.33080420157133
8.90807209206673	8.93803010617764	8.94998241763039
4.61229201469167	4.03455417498189	4.97972976102445
4.58400297026025	4.31285533746899	5.1463796304339
8.89697575991313	8.9260147300208	8.96493275909637
4.47268594739609	4.28732024536185	4.79128467161134
8.00794052886232	8.01783081739076	7.78287243179514
7.8076701951089	7.85789882792035	8.03390490117549
8.28059183185905	8.3747830866122	8.2537631658075
4.54050133162366	4.66318714736002	4.82445153554654
5.09571648895076	5.04474994208778	5.38738772993769
7.58667875781102	7.48558987249813	7.61768534935949
7.23071315709012	7.15356885647303	7.1463796304339
7.26564149039307	7.26023167183464	6.65964066580087
5.81148786084785	5.67307995211845	6.17237483896684
8.62319349501116	8.63815421669559	8.59863959366894
5.16419622683353	5.0498209316352	5.17237483896684
8.43011393580034	8.4423793860812	8.65734154971128
8.21811312031049	8.18386889674891	7.7443982839805
8.61753500667973	8.61139361208077	8.83058632171864
7.72345301336221	7.72789283674784	8.04801450059092
7.32239626869031	7.08975967700534	7.36501991690924
4.55514810758806	4.36260837266609	5.19790993107398
5.00794052886232	4.93939694194155	5.22300091203681
5.10071717000913	4.99829063099512	5.06545963505033
8.91056594755529	8.93083289541811	8.9329759923247
9.43209906860876	9.47479015211009	9.33799970297553
4.75233997479936	4.5243594426627	5.17237483896684
4.69397581228538	4.46485843091404	5.03744525888074
4.22957223568555	4.24373097681417	5.11990741907271
5.06534283990724	4.62971244280893	5.43110910736701
8.15400892980189	8.33794631843182	8.20737026032305
6.65880680919441	6.47431876016311	6.38738772993769
7.53034471658749	7.46295889799856	7.91960876858688
5.71695437606347	5.55678092035508	5.59383860740512
4.67398433709791	4.74675186399915	5.51476703641392
7.86683909384903	7.75531387750257	7.67790287219359
6.78997763216274	6.68616571113812	6.80796341275796
6.01059987531281	5.84044665896101	6.13320424168617
5.1205483419307	5.00874498863228	5.82445153554654
8.19783801189839	8.21636725462254	8.17880110812627
4.68734271995293	4.5243594426627	4.82445153554654
8.20540206856094	8.26296353222467	8.32212195847152
5.30083091885538	5.22591970069771	5.85687301323891
8.63185575484342	8.66607956284589	8.53494491835155
4.57684317868738	4.20788577786745	4.61294743035282
9.16060891862577	9.0909901206116	9.11656397599834
5.03953365355764	4.98775996350295	5.59383860740512
7.10570057752339	7.09590142762154	7.19790993107398
8.08376993745388	8.07117597169059	8.24153686347424
4.90307141100837	4.83164076158566	5.36501991690924
7.72992250869177	7.57536234609681	7.52489125368763
5.95093104978696	5.74675186399915	5.90417872801727
4.72669138742876	4.90062737177697	5.09294037147244
8.13036263175766	8.18559771066567	8.3537046036814
7.19842127248482	7.12862249934279	7.59863959366894
8.11376207949265	8.1202102595266	8.11990741907271
5.67733554659755	5.55321430533489	5.11990741907271
8.14979316170656	8.12562375571296	8.07237904899012
7.71042633306597	7.65405876174326	7.57447328253819
5.64346791057485	5.4263842830994	6.05152044409246
8.80077283516223	8.66318714736002	8.45513233657353
8.80996200661689	8.89394577402618	8.79547246857477
5.06534283990724	4.88368750935526	5.45248275815958
8.73193829082897	8.80751796738549	8.72476947723157
8.34575166535634	8.38284285640615	8.40941403626769
7.33412122827585	7.3191691114012	7.30753442224848
5.58400297026025	5.52799801972605	6.30753442224848
3.64003700517457	3.59544254072419	4.49430293385421
7.75868150167319	7.75841478152473	7.96120967305365
5.58400297026025	5.64989032474656	6.22300091203681
5.58400297026025	5.43803464283833	6.03744525888074
8.13402584584824	8.1821380086698	7.97604471421659
8.69769356820617	8.71318552753173	8.54243945489848
4.70057854710963	4.72155130987401	5.70486991979386
4.2111937063707	4.0139438953066	5.00887610668396
4.74597044992364	4.90062737177697	5.36501991690924
6.44542774035166	6.47996532330425	6.85687301323892
8.71939479678786	8.80189341819161	8.85084922561114
8.41964693674928	8.40279746278179	8.38738772993769
8.51310021584199	8.56521645932166	8.33656347086001
6.78377248263602	6.63646980898424	7.1199074190727
4.34364400239435	3.80189341819161	4.57447328253819
5.20656225763905	4.83164076158566	5.47354437368741
4.30949577998251	4.00352727936126	5.17237483896684
6.67230580864691	6.47243165061884	7.00164453745288
6.02907929592047	5.82278078466544	6.25983768021718
8.78143865353572	8.84446480194325	8.90805173716448
7.15581192321408	6.86798260864939	7.03035583409442
8.97359704151604	9.05203389696145	8.95185970487107
8.5813222106641	8.53343873657357	8.69593679502386
4.31810891028721	4.43416163369113	4.91960876858688
8.11190572705009	8.06930436705072	7.97604471421659
8.59910056307015	8.66649229208369	8.65503876384185
9.00127063699647	8.89324064447114	8.72037101333405
9.04635338395135	8.96344523860892	8.7975618172975
7.70960824682863	7.80639481042655	7.60819390038219
8.23810723419856	8.25255482720118	8.22610682290463
4.45717294802477	4.75918896723738	4.91960876858688
4.8266582954892	4.51705464203947	5.31921622729611
8.20656225763905	8.15768496494526	7.99437653698885
9.04958957876031	9.08637053600203	9.05850687440856
8.8141542286791	8.73184218233181	8.71374807114032
5.27008739542427	5.08482738146311	5.74005934825616
8.17608990541478	8.08359166829044	8.48655343424927
8.13585397074868	8.07739717598762	8.03035583409442
4.75233997479936	4.92290881915298	4.97972976102445
6.7038686170438	6.62122098191529	6.89640137742555
8.82477069213096	8.87442801791457	8.66651611189179
4.05507450445342	4.14293033602668	4.40941403626769
8.01788790249925	8.1068911171291	8.0196559454372
5.65371194207165	5.41070266086714	5.99437653698885
7.76105240613594	7.71996156311162	7.66422793529652
5.11561604638847	4.91181111026965	5.80796341275797
8.3728747137181	8.41218007527263	8.30165785591181
5.28334349212654	5.25255482720118	5.70486991979386
5.92579148750845	5.54246124903801	6.09294037147244
8.57908443289127	8.57931313370744	8.53994559940992
4.48803391172953	4.62292327714629	4.91960876858688
8.16359896123159	8.0561347055674	8.13650938640984
9.00360860840436	8.8953550000634	8.72476947723157
8.08187456379713	8.10262729080985	8.33368671010445
8.14132448725411	8.25530124920114	8.19156840420016
5.96471047680075	5.61610201129028	6.24766296627108
7.48038033918609	7.25913747759115	7.67335894704865
4.75868150167319	4.68290538197452	5.55484447578926
8.14556503840132	8.15062157242269	8.0689234903539
8.27175108391256	8.23985350652609	8.25983768021718
4.81453473640671	4.32126757728519	5.24766296627108
6.27230522067409	6.07491191259803	6.6869480117966
9.00660901511678	8.99402181360232	9.12823228372364
5.72345301336221	5.80789215881306	6.11990741907271
12.8885745520021	12.907823745942	12.9074472644356
12.3757139033722	12.4266279610057	12.345873523289
4.71369404689988	4.44959167426073	5.1463796304339
5.27008739542427	5.12382151307898	5.90417872801727
8.32613728404315	8.33067308351965	8.4604169397018
4.16419622683353	3.75298381771066	3.94998241763039
2.90307141100837	2.87228274608301	2.94998241763039
8.06534283990725	8.07055237321928	8.25983768021718
5.75551422259451	5.80189341819161	5.24766296627108
6.34785625368126	6.40477782691003	6.74872420938329
7.73475566242772	7.80639481042655	7.88858187296625
4.48038033918609	4.25255482720118	5.17237483896684
8.71613998426037	8.74245172656553	8.62711476227942
8.24207301925467	8.19649901756564	8.54989525981753
4.40152491847485	4.06492782402541	5.00887610668396
4.77754052892451	4.56742816455459	5.36501991690924
8.83004977030897	8.73853135719418	8.69817526721985
7.80077283516223	7.58500079400254	7.74005934825616
5.1352448531374	4.88935625944195	5.79128467161134
8.91837583151425	8.87013427950443	9.13815912362893
8.42364332445957	8.34260268086304	8.36783493251629
7.72992250869177	7.62717024824648	7.97972976102445
4.98107392300964	4.6959027225034	5.57447328253819
9.029407143903	9.04855485429121	8.95560696682427
6.48612432172089	6.36056922739249	6.91960876858687
4.94259977519501	4.92290881915298	5.55484447578926
8.07426806968673	8.00679055838411	8.03035583409442
5.44542774035166	5.67963766814062	6.03744525888074
6.97835953831261	6.9678053571273	7.2167689583253
8.2488462478501	8.23652164582834	8.1463796304339
8.15400892980189	8.26187140875019	8.2322986566189
8.68526360871128	8.54380977230886	8.65273229645869
9.12760910417637	9.11386873265277	8.77441085304694
8.51637853742349	8.49165849025776	8.53494491835155
6.06534283990725	5.81684375965759	6.57447328253819
8.09634252282515	8.14530124048943	8.162681442763
8.01325432875879	7.98047528176438	8.31338714849392
8.09258223822663	8.09406164623612	8.46305199986976
8.69934283393696	8.60666979614744	8.75948261151956
4.38522310614575	4.24373097681417	4.57447328253819
7.32025418211877	7.25694659631834	7.43110910736701
6.17134419376413	6.32126757728519	6.37624717233249
6.80077283516223	6.47431876016311	6.95747695417732
7.86610508465442	7.83164076158566	8.00526485313158
6.68567967073028	6.47996532330425	6.93487552524019
8.52244715518311	8.44141501770245	8.3593733537681
8.90771547482579	8.92325425074589	8.757337339688
6.22957223568555	6.31074459087319	6.29575725447212
8.27838671864276	8.2326247245756	8.30165785591181
5.77754052892451	5.41070266086714	6.38738772993769
8.52849035252642	8.49630934870494	8.37904038722417
4.91447617428062	4.78982058589104	5.24766296627108
8.02579671193117	8.05990974925878	8.21050996785361
4.75868150167319	4.64989032474656	5.57447328253819
5.5368162848158	5.22591970069771	5.09294037147244
7.5777400982319	7.53524775880544	7.63180645760414
4.88579341957653	4.45724524680417	5.27191051251776
8.78143865353572	8.86078710724518	8.81210314311889
8.16598654148838	8.25584990676276	8.34229984040916
4.65371194207165	4.37881859984735	5.03744525888074
8.49089356586876	8.53389120483535	8.31338714849392
7.53219670020623	7.55410678605676	7.52992684358493
4.85060399111423	4.83751732792233	5.59383860740512
8.78143865353572	8.82500088519212	8.53243806274098
9.11592480937325	9.13817680605605	8.95934452083409
4.40960726477271	4.32963105021982	5.24766296627108
4.43358612770715	4.28732024536185	5.1463796304339
5.25670836562307	4.99829063099512	5.93487552524019
8.00127063699647	8.07801782346585	7.82445153554653
7.64774510030984	7.51888431259655	8.08611910561642
7.73555961621887	7.73341889838043	7.50967815974112
7.17134419376413	7.12862249934279	7.38738772993769
4.62623120564954	4.44189728247073	5.1463796304339
7.23299229664926	7.07242236057233	7.05152044409246
5.08566282428684	4.91181111026965	5.40941403626769
4.67398433709791	4.62292327714629	5.24766296627108
4.46495029861648	4.33794631843183	4.27191051251776
4.34364400239435	4.31285533746899	4.45248275815958
8.64475239949266	8.63351735501236	8.51730475921582
4.67398433709791	4.44189728247073	5.1463796304339
5.14011060830922	4.92290881915298	5.79128467161134
5.87415871909313	5.85500475465118	6.03744525888074
8.21292667359515	8.26132503682891	8.05850687440856
8.75233997479937	8.69549832304991	8.4709284254804
8.88579341957653	8.93700412886223	8.71153365007487
8.76617603822012	8.78602701273259	8.69144940403154
