k4_temp24_1	k4_temp24_2	k4_temp24_3
4.40251930043119	4.61825916114724	4.95335985065037
8.21685121219975	8.30566688403793	8.10946843334738
8.10722238728532	8.09325424284353	7.89490287664859
8.78097479947922	8.8953082013539	8.8865675479482
4.59971282613399	4.58071039048767	4.8458269316732
9.03798806137012	9.01830519477451	8.91234675193957
8.30150963494702	8.33842287887613	8.11325869916145
4.47387829310311	4.51043118503084	4.97917596268587
8.0138704148336	8.16681667060957	7.98330702715377
4.35290134559343	4.50239644145918	4.43781432068771
4.69566691513228	4.9463296674068	5.00459180876059
4.30151095061938	4.36702832993277	4.12461952790935
8.08538922024364	8.12733758720605	7.76908745805319
6.76924846950963	6.85803930983576	7.0181145658993
9.01675953498241	9.03131771018379	9.01159125769993
4.97774187866938	4.83067180234164	4.8458269316732
5.06240030141664	4.95215612267698	5.36533688735107
6.54195782127771	6.58298158031978	6.41858587222246
8.74287745274401	8.77664900209586	8.86994897746876
4.75413546979238	4.73196938685157	4.87337865978855
6.87800118731237	7.02017696125583	6.89549374258157
4.64848963619558	4.46978060828013	4.24918240717543
4.51955762489912	4.67628687687229	4.87337865978855
5.16645368537809	5.25847448794838	5.14932892912122
7.83695579787891	7.7709677568456	7.90782769446446
5.53175235846529	5.58812214285027	5.66083815450923
5.17598205198178	5.07978433241891	5.38545111804048
4.25723736207018	4.69743237547716	4.54138281394967
4.25723736207018	4.28460115819235	4.43781432068771
8.02308916187868	8.0355399712157	8.10946843334738
7.3405431771711	7.35563186960692	7.37502632901662
8.20127799595187	8.22318033027389	8.27534015098136
8.48175070147142	8.60475948302643	8.62320598999974
5.77666282081258	5.59907283321205	5.69429419805811
4.77310864274021	4.86206164758829	4.9271306633363
8.68190315489814	8.71855505175832	8.73575041657293
4.72844232098299	4.39344360436736	4.81780421110114
4.48926644084313	4.51841935011725	4.24918240717543
7.51421994530467	7.43365945890022	7.27081211579742
7.52446703237753	7.55227626300111	7.17301238825746
4.31884583620171	4.39344360436736	4.47306921137671
4.64162194726745	4.64757845060479	4.47306921137671
6.00469344004502	6.06375470402604	6.03674367739242
4.64848963619558	4.5576799721907	4.81780421110114
8.29337326209331	8.35475951801116	8.35237915277767
4.53446737592695	4.39344360436736	4.28868526405155
4.46612205815405	4.26559458625729	4.43781432068771
4.64162194726745	4.87442006781177	4.78929411450817
5.1029319422164	5.23025600110591	5.46352726599843
8.57147223028178	8.6448085392457	8.62042988563724
3.83128664249905	3.67787142551088	4.20870407318973
8.28792333853662	8.33093261970964	8.05546343354413
7.85477371102798	7.79850543856665	7.62772387891474
4.92218369816534	4.88055796044758	4.95335985065037
7.59245344819905	7.69445945786547	7.39861363141676
4.54922420373642	4.47800722745169	4.43781432068771
5.47887792199953	5.4494399316921	5.32435252180269
4.38616937336665	4.58830244615808	4.78929411450817
4.7856198354775	4.87442006781177	4.81780421110114
8.14087597149048	8.16455865352357	8.29239846551357
8.48079597144391	8.42573459426187	8.46307717452458
4.26620174059402	4.34009676350964	4.28868526405155
8.37890176006471	8.39453428885297	8.3911807094359
4.68234480051997	4.71135122734247	4.76027938831777
5.32043210176017	5.23499939518191	5.07855725256199
7.74439796777205	7.83773294230379	7.74556784033831
4.83460424644829	4.71135122734247	4.70066230075225
8.75595194096784	8.70297189316882	8.5083226197848
9.38028145358072	9.31406161670898	9.45559655788596
8.74247939544485	8.65987697012246	8.97395568572133
8.51570574279412	8.46444890922115	8.27876604404493
4.17394077387671	4.15609656434396	4.63879498739168
8.8801885507624	8.75951321649366	8.71227570658564
2.55465423865974	2.60018046769145	2.9883508170443
5.02069366822928	4.99226574167479	5.4443540739309
7.05825431664429	7.09706497163251	6.9807715106983
4.85255181512236	4.58071039048767	4.57450089455863
5.25452234460852	5.21592705446569	5.42495397491659
8.66435686306357	8.67009281961684	8.58674467503324
5.18072267603554	5.12154372871762	4.97917596268587
7.51795460826769	7.40944170692473	7.36310417294494
9.18105937941763	9.12672806504637	9.24763337257225
8.381973885286	8.3399160572253	8.24767216534075
4.75413546979238	4.73877411484508	4.32725855513339
5.03123421426367	5.03124079373822	4.90047496652738
8.88452331105458	8.90689467481873	8.93084386479833
4.37792420410481	4.53425808333236	4.28868526405155
8.3783891008401	8.39787710190414	8.37512485890658
5.64919620916613	5.65953473446214	5.77506369825673
9.00486600880522	9.04331303832437	9.17001938679224
9.1798848666188	9.15206855290333	9.08227045402401
5.48271978836415	5.41247320935854	5.40532153386601
4.56383121344832	4.75898897056056	4.81780421110114
7.2207131233839	7.1464334141126	6.7103517424178
8.92751753368431	8.93495723530531	8.62042988563724
4.12549248946985	4.16641837004792	3.94228854169695
6.9068065157785	6.92908363177701	6.98830848597193
5.59344964880097	5.5509782599844	5.69429419805811
8.34886138524738	8.37284894610669	8.40708082666246
4.34446274017929	4.27513064243621	4.47306921137671
4.56383121344832	4.70440937579244	4.76027938831777
8.20590988115521	8.31734668723414	8.02378536113947
7.6039178761767	7.70080218307303	7.70722014469263
4.70228199850322	4.61083081637382	4.78929411450817
7.03496423455583	7.07357302737781	7.15273226279138
4.0651153188783	3.9912043087371	3.79086195247126
8.60032421557404	8.56520224519117	8.39437309454273
4.5926077346645	4.67628687687229	5.05427104192944
5.69295189767062	5.5547380293521	5.53805324638738
8.71108662791979	8.69645854070724	8.62597740103056
7.31070078381673	7.25881968037646	6.68340391529815
8.7685177684276	8.81029424085364	8.79425725063561
4.07535577562207	3.79042004556717	4.78929411450817
7.35105292513417	7.44608646649677	7.22589727238046
8.08098254574628	8.21884202013899	8.19089456853747
8.98683931885341	8.94557550206958	8.82151741256316
4.91080989902452	5.15707307203319	5.26088823877439
9.25067046250352	9.12137787180224	8.82397327704389
4.37792420410481	4.34913256387679	4.24918240717543
4.92218369816534	4.59585290131471	4.73074184622937
5.227289138534	5.27236994638853	5.36533688735107
8.03940571346105	8.12326853454296	8.08654093745013
8.52175201491587	8.53487875965428	7.88187534397184
4.79802317176326	4.9463296674068	4.8458269316732
4.54922420373642	4.6256476754624	4.36494502486047
4.31884583620171	4.58071039048767	4.12461952790935
4.54922420373642	4.67628687687229	4.97917596268587
8.06258116377814	8.05035019477162	7.9375951132776
9.47712559000381	9.5281204134544	9.62814597469143
4.12549248946985	4.35810949867722	4.08090255757038
8.94387734963193	8.95992434347609	8.91467033735238
8.95250417784367	9.02588555616437	9.23240177184678
8.53284804496585	8.43179769764322	8.33262844115711
9.06750907583569	8.89364500909599	9.06541386092617
9.06973063725437	9.01404190636655	8.94913458994356
4.58546738205077	4.37588980496368	4.50758183841965
3.9695155650865	4.34009676350964	3.73710994892351
8.68314831127067	8.6991442389899	8.7614451312496
8.07339670340021	8.14464155614535	8.29917239760822
8.19255281397491	8.14292090499351	8.24418060015647
8.29391712076495	8.37382002057843	8.05938049451011
8.09603528739231	8.09503800311641	8.20169124357606
8.00990136928577	8.15548940075439	8.07882662093479
8.49835673361273	8.47936540797639	8.3259916335724
5.80454098661829	5.7633909011788	5.75922503171652
8.75358358142292	8.81699619640465	8.84833166331692
4.46612205815405	4.27513064243621	3.84290725182083
8.63334110386353	8.60681031629438	8.67507792049141
7.30638660337694	7.43653719322506	7.39861363141676
4.1450680036657	4.27513064243621	4.40178453552233
4.40251930043119	4.37588980496368	4.03598771415343
4.23000415599566	4.14569685748282	4.97917596268587
5.06240030141664	5.09559278058432	4.8458269316732
4.81032049533147	4.85584062294326	4.78929411450817
8.30690843339671	8.36065241915937	8.30591845336027
8.74526348662197	8.73471121463994	8.51129503988167
8.17789222147996	8.24306923450928	8.48132548059897
6.56745582199436	6.60418130028805	6.31986974333509
7.7875606239532	7.82550355975526	7.56016832918039
7.3224985085747	7.47620689238292	7.32680846365953
9.0989246928958	9.07314453593706	9.22280964831517
7.87746668771994	7.78592129066335	7.92914515006112
7.91403864578036	7.92715639005105	8.043655776965
5.96682867322227	6.03490969108861	5.60933792224175
7.92039711568618	7.89935906889784	7.82870454561872
7.92953224541364	7.91975344145051	7.75501621943006
5.09792749161039	5.10082221615252	5.05427104192944
5.8763452299733	5.93319988718615	5.6438505492847
7.32782929680951	7.45934523865944	7.11140345447569
5.30748948286219	5.1470149644677	5.0296196114593
5.03123421426367	5.09559278058432	5.0296196114593
7.40953537989038	7.40160126120069	7.00327926795947
4.57829141655853	4.71825828249804	5.00459180876059
9.39755512693578	9.39156889557012	9.4870110295234
8.56021941131755	8.55374927031703	8.50534480019341
6.65330005801604	6.45626950891993	6.84703831628873
7.97435761847532	8.00416442130525	7.86874345077609
8.90955238828377	8.87183882056502	9.0440964053295
4.24821678017914	4.30334912927868	4.20870407318973
8.14510323442256	8.18919563781673	8.17274057088706
8.32724107662893	8.33792479297938	8.26501930324229
3.99131565030532	3.77684402818188	4.47306921137671
8.10784134969481	8.23073966140191	8.16908552091291
8.30960025475937	8.18864057049064	8.2615645301316
8.18377439687929	8.23611390619552	8.29578893049525
7.64803175133298	7.68248757875026	7.57074442544086
6.464575367285	6.4045652903618	6.36447900575866
5.71597283837098	5.70740894072651	5.6266850601433
8.05039620845622	8.02682658867789	8.2088497232235
9.41462387399878	9.35752620334077	9.53541875653251
4.98860063284366	4.97521866300014	5.32435252180269
4.89934547104687	4.96373564139399	5.21717126843542
6.02325857632108	6.03755705908521	6.30852513588352
5.23186395351287	5.29974742876993	5.12607620968667
7.64547392292836	7.77547088052116	7.69260528502843
4.58546738205077	4.72513088835754	4.43781432068771
4.81642996565225	4.64030690540123	4.70066230075225
3.22352567189794	3.63317708748839	3.62401067745272
5.17122575641505	5.05302709133202	5.194867669495
4.54922420373642	4.50239644145918	4.60696312829577
8.06704447189574	8.14979065558324	8.19089456853747
8.65677102071749	8.64958481653517	8.92162139752407
7.00331247747602	6.96192621011442	6.9034322047504
4.67563719816766	4.84331367650196	4.9271306633363
4.93346829012018	4.9346023232733	4.60696312829577
4.7856198354775	4.94047847127572	4.54138281394967
8.65507983263131	8.57194454423723	8.82887399589348
5.2856563158205	5.45348679104247	5.194867669495
7.51981831072862	7.53899680315885	7.50623947798866
8.11524820311159	8.20574453109955	8.1981002471033
4.95577537414568	5.04217699890766	4.8458269316732
4.68902127699534	4.66916564852482	4.20870407318973
4.87613886958121	4.98092448737805	5.194867669495
8.25980300175965	8.31785226589268	8.40391311701148
8.09103518471044	8.13601673379788	8.19089456853747
8.5259230608031	8.51705919596069	8.54364080960438
7.4314866504633	7.37480547646773	7.5548545830875
7.67837617515654	7.73208512975108	7.7968726865228
4.20224551816021	4.39344360436736	4.12461952790935
7.61877329371012	7.63933392227468	7.69260528502843
6.28294129835884	6.07666908738732	6.35343997930047
8.44109634515291	8.40596175961264	7.99555582063725
7.01790601806825	7.06732378937259	7.0761485637867
8.6138832522535	8.61294456571137	8.58106255761361
8.04717241571455	8.18419196414615	8.30591845336027
8.16248506001466	8.19252135451972	8.18002631281021
5.62854353735053	5.77943246323661	5.60933792224175
8.80328188350473	8.80498010153151	8.98733771296821
9.10914311037792	9.17179309099128	9.14801517407021
6.61713497018441	6.61117600880191	6.14086051962563
4.35290134559343	4.46978060828013	5.194867669495
5.81675998234023	6.04283658515438	5.0296196114593
10.1211628811265	10.1221502001412	10.3171804250027
4.54922420373642	4.56539962609734	4.47306921137671
4.87027825822476	4.99790155574123	4.9271306633363
8.43124503587768	8.447990065149	8.42282820265025
8.35147592003674	8.41352776142621	8.54072651686477
4.66889817835951	4.89275232868939	4.97917596268587
5.19485154340857	5.18681425429311	5.194867669495
5.39573418662402	5.25381135450194	5.72708107566883
4.22081065443628	4.34009676350964	4.47306921137671
9.15350084701897	9.19525623773732	9.11547238360025
9.12265574680629	9.0669949035888	8.8865675479482
5.62159290499871	5.37020134794551	5.4443540739309
5.52431679618679	5.63849685072853	5.48247879769997
6.43321111497798	6.41466024114111	6.26234492055172
8.10846004594114	8.18252002709365	8.17638748948637
8.35512830520415	8.28976624485507	8.49637874738987
8.70374382610895	8.65750867171355	8.56677049468431
4.62081997384632	4.5576799721907	4.78929411450817
8.07972101291784	8.15832995962132	8.03970091561544
5.37933767756386	5.33542462217494	5.21717126843542
8.38350749150545	8.33842287887613	8.51129503988167
8.56382989777596	8.58990268553954	8.68845994773829
8.22884824024564	8.26687783518414	8.21241727465175
4.71542161584044	4.8866686339579	4.78929411450817
7.99859591353067	8.05096384635975	7.59688994353278
8.08978243922541	8.16681667060957	7.86874345077609
4.30151095061938	4.20694936901244	4.47306921137671
8.63848572709938	8.63560747262355	8.10946843334738
4.70228199850322	4.81148882963589	4.43781432068771
5.19953050069856	5.19170930249019	4.95335985065037
8.88812566170625	8.91674898107177	8.89598877637564
8.47697070339159	8.46898613629841	8.83863169871744
8.38758913423904	8.45304004608096	8.38798209528101
6.34325819463276	6.17105241313539	6.51169356380141
4.52703181364845	4.58830244615808	5.0296196114593
7.68337193746278	7.75356815359192	7.92490377839549
8.89422903397223	8.88194611247055	8.90067916365071
8.45817547853415	8.53531051733238	8.70437550221427
8.81392828164967	8.82995456382576	8.39437309454273
4.8819757055727	4.9346023232733	4.87337865978855
4.31884583620171	4.39344360436736	4.57450089455863
8.38401833053041	8.46399436373842	8.31598576791371
4.23000415599566	4.17666343299236	4.20870407318973
8.83573406347673	8.89497572346149	9.14398248019322
9.11837002164141	9.10719834126479	9.33257050552874
7.72595698181953	7.80512139769668	7.64796227466646
8.80861492995525	8.87925807529844	8.83619771277023
6.08262465895909	5.97810665943682	6.25059369292336
8.54202981255713	8.47981491201508	8.67507792049141
8.43913147206002	8.39309916848192	8.33262844115711
4.80418497175356	4.75228358205681	5.14932892912122
8.31067557476358	8.29748301666565	8.41024242693713
7.16698627025528	7.35664768581096	7.23885614804154
12.5408900014103	12.399625981192	13.0451954076636
11.5103544351678	11.3988506881745	11.728968435849
5.21809563697462	5.10082221615252	5.00459180876059
5.4941842163418	5.52052498476703	5.91111965498801
9.27369584202067	9.2719662816778	9.41674502030693
8.04005454237786	8.05525177261545	8.01174646320516
9.05506861570043	9.07839389321266	9.13791477714865
8.0872736711989	8.18028761734108	8.12457719683698
8.7224347956979	8.7661010598866	8.63701642748875
4.91650803755615	4.81791287212599	5.00459180876059
6.30260599762206	6.39847262921242	6.47096378580352
8.67106642042219	8.75399918505257	8.82887399589348
8.50635388602364	8.5469171293004	8.24767216534075
4.13531353851536	4.14569685748282	4.40178453552233
8.40983351138059	8.36310037613358	8.69643704004544
8.27586034174129	8.19583906387137	7.86434267166522
8.82599990441984	8.87925807529844	8.8912849302951
6.37455989544971	6.50233356262689	6.25059369292336
4.87613886958121	4.95795804543127	5.34497278405478
9.13210038020373	9.15675126176015	9.08017283475599
8.24187407071114	8.33243393231689	8.35237915277767
4.54922420373642	4.48618502367008	4.78929411450817
8.69923804048047	8.63600879914987	8.74092168027549
8.96688180882274	8.95706650363031	8.92854310760061
8.20359580249206	8.21503476201191	7.69749139664668
9.04316585588729	9.04808208351178	9.19760423152731
6.99662979895656	7.10683774038618	7.41028121970561
4.93907756856478	4.87442006781177	4.67002048833965
7.09625242558307	7.07855209194023	6.96559279823238
6.89965906889555	6.90392757497813	6.78863506753044
8.91697698764992	8.92848187273876	9.07807252795454
6.49527046423173	6.59008445490457	6.47096378580352
7.64632703774651	7.6343623427925	7.41608401951455
4.4583237837859	4.25599207618922	4.76027938831777
7.83546096335622	7.90619078650291	7.59688994353278
8.92541559306406	8.97851370108099	8.87709186125057
4.41062511397607	4.65481182479162	4.95335985065037
8.50729181180566	8.47756592405316	8.5083226197848
8.44697491553174	8.48206023533799	7.95853140340092
5.0929055734276	5.34420143285645	5.00459180876059
8.44207777636331	8.44245980507689	8.30928109912251
8.77008080834086	8.78062891842496	8.7070131363059
4.64162194726745	4.84331367650196	4.78929411450817
8.78832045130091	8.76427426044314	8.96947062345904
6.78485359101922	6.62333195698491	6.70141826399125
8.02111868254946	8.08609602093609	8.043655776965
9.23831312783639	9.23063096180071	9.63114833676564
4.76048770129685	4.77230264532376	5.05427104192944
5.91663364905012	5.91886100006369	5.74323183916081
5.49798548169339	5.52820163202213	5.8062891992047
4.09562059088926	3.95571853779796	4.08090255757038
4.81032049533147	4.45317854457796	4.12461952790935
6.86484822330145	6.86820876277067	7.01071369899789
8.98952423327597	8.95833738646735	8.75633830707502
6.75029612391849	6.69409823250408	6.29710147129637
8.25366509868118	8.21339985422465	8.45694898333438
7.28022628089718	7.46592708831331	7.74082315038553
8.04781775239218	8.05647444760106	8.14698240986293
7.97163909504272	8.01742927138536	8.41339794135572
5.95306035668402	5.91886100006369	6.03674367739242
8.21685121219975	8.27888964375482	8.23366106094972
8.32724107662893	8.35032324461562	7.77840162648734
9.02986026832481	9.09200700804261	9.02032251261168
9.00254191768244	9.01251610107459	9.04624066885863
8.93450190710207	8.9621430172915	8.86037645838875
8.80175451807609	8.84382787123192	8.81412766646114
8.4567194708889	8.55119118551359	8.56963889302646
8.32777228508933	8.42292721546048	8.39437309454273
8.71758225113634	8.71439147193843	8.62597740103056
8.04005454237786	8.15036159183271	8.20527439086994
4.93907756856478	5.1470149644677	5.32435252180269
8.29337326209331	8.30566688403793	8.33923848734825
4.68902127699534	4.58830244615808	4.81780421110114
4.62081997384632	4.56539962609734	4.63879498739168
8.26868437624904	8.26056898958893	8.05938049451011
9.23322710412385	9.28705903517482	9.39090177513338
8.16010001496181	8.19528666674295	8.33923848734825
7.53371965653964	7.48733444640719	7.35109467429209
6.49337108692795	6.28614052230308	6.2027278329862
6.32628126493409	6.26163300354185	6.50160559821611
8.87692888847752	8.84658584987267	8.60927821518751
4.80418497175356	4.81148882963589	4.12461952790935
7.45505760382323	7.34747826819329	7.38095504880367
4.41062511397607	4.48618502367008	3.79086195247126
7.42055287826946	7.52558812176221	7.59688994353278
8.92260822027354	8.91642163705826	8.90768967711908
8.94767952820148	8.87454135561788	8.67776307954269
8.77514899276664	8.80639921042973	8.8794659228303
6.81860046662202	6.89685749985584	6.51169356380141
8.34256704885647	8.41588364269486	8.61764907201996
8.46446787385634	8.51574623290911	8.21952916968633
4.82251360304041	4.9463296674068	4.50758183841965
8.61257665785586	8.55161786290308	8.52607682835586
8.36809736812567	8.31329536606991	8.36541531876782
4.69566691513228	4.50239644145918	4.60696312829577
8.16010001496181	8.14521462939893	7.58648172295315
4.76048770129685	4.61083081637382	4.50758183841965
4.25723736207018	4.47800722745169	4.73074184622937
5.10791904633837	5.20144753820412	4.8458269316732
4.80418497175356	4.85584062294326	5.0296196114593
8.31924932437267	8.36749576939274	8.30928109912251
8.38350749150545	8.38445691606573	8.49637874738987
5.72248315761775	5.79528942324411	5.36533688735107
8.00392719558674	8.07106254628763	8.12457719683698
9.12020832440256	9.12897457806629	9.32535689989821
5.15686179586139	4.99790155574123	5.32435252180269
4.86439367702102	4.78548891454683	5.07855725256199
5.18072267603554	5.02021709799788	4.90047496652738
4.51955762489912	4.50239644145918	4.40178453552233
8.3783891008401	8.38204663974999	8.61207325292223
9.1594721280476	9.18019941307175	9.16005407200452
5.15686179586139	5.11639249050032	5.28231716135741
4.53446737592695	4.69041986864609	4.57450089455863
8.35981064630578	8.4045384977009	8.39437309454273
7.13935126932325	7.19066210574824	7.13219809992398
8.93031535293962	8.90161008687132	8.85074771273626
5.85280641295364	5.78896851941552	5.53805324638738
5.48655142338147	5.53202397738123	5.48247879769997
4.23913928572312	4.34009676350964	4.24918240717543
5.91094677169118	5.69728927748353	5.93987985292166
8.10039616827602	8.19749492782194	8.08268831702989
7.93372897594968	7.99205185765483	7.74082315038553
8.06002447168172	8.16059819818844	8.33262844115711
9.39300282822227	9.3537177238229	9.67845302172032
4.1450680036657	4.16641837004792	3.94228854169695
5.41597049910094	5.37448736887653	5.07855725256199
4.23000415599566	4.53425808333236	4.16720086312546
5.26794805414464	5.25381135450194	5.34497278405478
3.924898715627	4.01436375504281	3.79086195247126
4.3359743491945	4.45317854457796	4.60696312829577
8.72928133840804	8.72232923822732	8.75121552404895
8.78445899407522	8.73918630799691	8.7892517834358
4.64848963619558	4.39344360436736	4.43781432068771
6.65669741047688	6.89543912132774	6.29710147129637
7.62137898974136	7.69127711322149	7.40445780599973
6.79413606256278	6.7185162598485	7.0181145658993
9.17488246303629	9.07021956218248	9.43544110847327
9.29825362176601	9.23375498645651	9.03117158751363
8.01585083923253	8.07829908607946	7.97509002130605
4.96129852142209	4.8866686339579	4.63879498739168
8.42182339825567	8.52360531097199	8.25463306426833
6.70343677186381	6.68751301271467	6.5514358553138
5.26348672313236	5.30875370016712	5.38545111804048
6.73270106407787	6.75041478191381	6.43973828485555
7.83919514167518	7.94846882446721	7.8196726261632
8.54294477481287	8.52055432686026	8.5552464455781
8.98212862863474	8.96467427792226	9.00720812879374
5.41597049910094	5.22071994492699	5.34497278405478
8.19604923877861	8.31886286705157	8.55813506171635
8.70619559284594	8.69722641736037	8.94458100580924
6.15655075239035	6.05333533779652	5.92556282537322
8.80213651146706	8.78315562046328	8.41339794135572
6.70671790920066	6.70880091089484	5.91111965498801
8.35981064630578	8.35278960399677	8.24418060015647
8.05682220439349	8.06378780197321	7.89490287664859
5.65941242793854	5.87789967268046	5.74323183916081
4.16438075133747	4.31262832002328	3.6815355002361
8.93832890949995	8.98724878338086	8.96046351709407
8.06895308782718	8.09384908620195	7.68770456617884
7.2423321808886	7.23351521182094	6.95027222658508
7.27802463073741	7.13812888417383	6.77155898359941
7.98045558045867	7.96096885659342	7.84662045328285
9.44401543657962	9.36818146011582	9.52264915556991
8.25868896523581	8.24466933681997	8.55813506171635
6.09521247414873	6.35715155348128	5.96814416058933
8.94110580415913	8.96530636720783	8.97171468846969
8.56157440570304	8.54348831355077	8.36216598324551
7.74040911548424	7.73517471539156	7.87750972425645
5.04169810110318	4.91682201698684	5.07855725256199
5.4279770619509	5.68367973852333	5.4443540739309
9.3200028510633	9.29354823754583	9.51461734511597
9.11898305023981	9.13876023583903	9.1216235699332
5.51684260743746	5.62785622165008	5.28231716135741
9.03669069599938	9.03101648499549	9.15203797175595
6.45874641360543	6.45040170181997	6.30852513588352
5.93636255110312	5.8417939926276	6.15342218442112
8.48127341564894	8.5100422253886	8.67507792049141
5.8675632407631	5.98086532826289	5.88184585503425
7.66665149247295	7.51838311387817	7.95436548188499
7.09875030485397	6.82259157714644	7.13219809992398
8.94318496362306	8.83933434911641	9.12366884684766
6.08515104784116	6.3102197701371	6.42919619557026
8.72041489069302	8.75104932121607	8.80918259714775
7.69907837547001	7.65495995528843	8.09038452475441
6.95862212963339	6.91096155971807	7.04738836585305
8.50118433641996	8.59982499389152	8.59523109209304
4.73490875028882	5.02573996959319	4.95335985065037
6.91107800263283	6.74725795437416	7.03281681004786
5.48655142338147	5.75367555222514	5.55616712388862
7.05311122591788	7.13812888417383	7.11140345447569
7.09750190729308	6.91376513061069	6.91133240912178
4.94466506334891	5.00351441327129	5.10248890728653
5.22269973081917	5.25381135450194	5.32435252180269
5.16166573387581	5.16207472768214	5.46352726599843
4.6621274454002	4.79855019355544	5.21717126843542
6.18037212598961	6.29932679152615	6.26234492055172
8.36292376277167	8.44338305778706	8.38477722772203
8.27144860015148	8.30668645834887	8.45079779700143
4.76048770129685	4.89880928181926	4.90047496652738
4.88778895832416	4.95215612267698	4.97917596268587
8.61996505278915	8.65513629588787	8.82887399589348
5.54283414443333	5.80471674360775	5.0296196114593
5.58632697039966	5.71076571368588	5.53805324638738
7.52167960218958	7.51114023455668	7.50074771662371
6.57824670831678	6.5812001261371	6.62814174192063
4.40251930043119	4.4943145730224	4.32725855513339
9.69200308239295	9.7330419451021	10.0181052620684
4.8285716250374	4.85584062294326	4.97917596268587
9.30338488649615	9.31258891836604	9.33975250709024
6.44111650903487	6.59715090433142	6.85521433939331
7.51515452026358	7.42499001991148	7.71206295245188
5.97502686120772	5.88382636834775	6.30852513588352
6.35586071110831	6.25261199182439	6.82226269253588
6.71814331999622	6.62850899983745	7.02548217036531
6.22686334685148	6.07666908738732	6.2027278329862
7.00863636180652	6.86240684001637	7.31452908613638
6.45679816943684	6.36133986861578	6.66518940307914
8.96722238832454	9.04152038245352	8.99619875743173
5.62507241842046	5.59543226407093	5.71076960542368
5.72248315761775	5.72742800399346	5.98209564253824
5.15204176422224	5.11122192301366	5.17225642501847
5.16166573387581	5.23025600110591	5.194867669495
7.24571621560895	7.34645566731639	7.5760069957206
6.40519507905275	6.43661219099008	6.35343997930047
5.59344964880097	5.46555654370054	5.60933792224175
4.73490875028882	4.70440937579244	4.76027938831777
5.69956698104156	5.72078724599175	5.26088823877439
8.53238741486789	8.52664955469989	8.95367556025525
6.81099993072892	6.73455782190631	6.81392023567976
8.80975515833244	8.84002661470162	8.84833166331692
6.6223574009588	6.70391742810462	6.73686373646668
4.68902127699534	4.69743237547716	4.9271306633363
4.89934547104687	5.13688289956494	4.8458269316732
4.05480145321599	4.37588980496368	4.67002048833965
7.61703353763519	7.70080218307303	7.89490287664859
7.26474350783001	7.38677908940333	7.38686240378841
4.72194669776644	4.9463296674068	4.78929411450817
8.21225447315023	8.30515681384207	8.37189473129145
4.83460424644829	4.85584062294326	4.63879498739168
4.76681201081448	4.89880928181926	4.76027938831777
4.27511061177429	4.65481182479162	4.57450089455863
8.73649528270645	8.78351619998082	8.61764907201996
3.25995237953184	3.58698433917321	2.8060198308319
5.80454098661829	5.83568331911728	5.77506369825673
5.83489608086191	5.72411162545311	6.11544467355092
8.36706413425817	8.43319309484437	8.52018009813324
5.41194594235468	5.39571975534437	5.55616712388862
9.05922739909238	9.05757094127669	9.13588720826396
8.44011424402354	8.40263852550277	8.70173361730034
4.84061167938747	5.03124079373822	4.60696312829577
8.83199794582642	8.90061696638265	8.90768967711908
9.04057928782228	9.10833808873951	9.18583894728597
7.82796340549009	7.8751777455951	7.76908745805319
7.78291440431168	7.81024527203553	7.77840162648734
9.37644300373093	9.40380514834385	9.42186513660142
8.15292106568775	8.20080069818404	8.24767216534075
4.77310864274021	5.35726271186506	4.76027938831777
6.35167212562122	6.26836021601662	6.27401250884057
4.37792420410481	4.44480189496167	4.90047496652738
8.18494795167409	8.30974066266918	8.30254889567998
5.46340704069239	5.17697167945686	5.23917548115746
5.10791904633837	4.99790155574123	5.38545111804048
6.26523303668298	6.13948555244172	5.6266850601433
8.23168999131495	8.21829876974032	8.16908552091291
7.57463553504997	7.49010235082308	7.31452908613638
7.55113738048446	7.48733444640719	7.51171290288755
8.10039616827602	8.11860342769731	7.98330702715377
8.3865698085863	8.46308482270317	8.47829816813329
8.55115335675386	8.5673127596463	8.46613270054302
8.25254629761497	8.27888964375482	8.19450136698762
8.3245820884416	8.36798328208786	8.43531808580756
3.9695155650865	4.25599207618922	4.12461952790935
8.79601241347969	8.83343600736133	8.81165699646176
5.4941842163418	5.45752180012888	5.60933792224175
9.00652377843057	8.98007760389145	9.17001938679224
6.95586848649877	7.04203950900145	6.85521433939331
8.89887891130286	8.83933434911641	8.75889370780181
8.71717713270521	8.66656512843811	8.68845994773829
7.99324480332276	8.14521462939893	8.09038452475441
8.09478688983142	8.18752976461156	8.28900097365643
4.69566691513228	4.75228358205681	4.9271306633363
8.84503213188849	8.79536269795747	8.94913458994356
8.39723687953821	8.50563840374836	8.63150620638703
6.58895726471592	6.68420856360498	6.59023741197204
6.334794769648	6.30804805240092	5.66083815450923
7.7089106103076	7.68408985174286	7.74556784033831
5.00473663111461	4.8866686339579	4.47306921137671
8.6681348383599	8.58533097246278	8.32931339607534
7.14177549584228	7.20773735049409	7.27712923049067
8.74088606405426	8.73321628135701	8.73575041657293
8.77475976563086	8.7260931155153	8.59805016283814
7.37184487798805	7.38379542612635	7.15952021963021
8.88271874779448	8.87217692745382	8.88892793602236
5.18544773150937	5.34856896303705	5.32435252180269
8.01980352880281	8.07408239106056	7.815137936593
7.85919392371711	7.97530231992552	7.78303894000211
8.71108662791979	8.77918300578612	8.7175214366117
5.0777337832968	5.21592705446569	5.14932892912122
4.48926644084313	4.51043118503084	4.76027938831777
6.59073463133931	6.78620782336784	6.76295377100834
8.031596857936	7.99012957701054	7.92914515006112
7.84143100552632	7.85198285852554	7.61237940587087
4.1450680036657	4.78548891454683	5.23917548115746
8.44599682025366	8.33892078479605	8.49937288380998
8.76617002012532	8.78783581047237	8.94685937898251
8.98448590164669	9.00516862513659	8.77161129861784
8.31550459398558	8.27263567862445	8.46613270054302
8.9985490064278	9.00516862513659	9.03764673444847
8.12750884908783	8.17525143241917	7.85550551153442
8.82487248257921	8.86335907307591	8.46307717452458
8.02571227673226	7.95506192134382	7.7968726865228
5.227289138534	5.23025600110591	4.87337865978855
8.6781612071487	8.68488874462233	8.48434721276202
5.87049653046139	5.91308340410097	5.83693101161729
8.54933327036482	8.61742572289116	8.48434721276202
8.08350229787658	8.12559517860502	8.17638748948637
8.12567639955294	8.07468556665276	7.7312923721767
5.42398599670475	5.55848756804221	5.21717126843542
8.25701629141983	8.31430931359055	8.33593679593144
6.57465873114897	6.7104249000261	6.48124149491982
6.61364278861885	6.664213708036	6.84703831628873
8.51477328773967	8.46943903839563	8.59805016283814
4.64848963619558	4.60336220937252	4.47306921137671
7.9945844478317	8.03119016722992	8.11704022156334
5.25901151548494	5.32215368860246	4.8458269316732
6.91533684569901	7.07979405202284	7.38095504880367
8.33148526288843	8.36603219557657	8.27876604404493
8.47313523801151	8.53228536876634	8.74350120753361
9.11468635477239	9.05727540141103	8.58106255761361
8.85941818837812	8.90392458827418	9.09687911167117
7.76966804609538	7.65495995528843	7.27712923049067
6.57645383817991	6.68586177870237	5.89654809918282
7.84366340023122	8.03305605054601	7.7876631722202
5.8763452299733	5.85090949192293	5.7907507962855
4.40251930043119	4.46150457968826	4.50758183841965
4.83460424644829	4.89275232868939	5.05427104192944
7.74519441290651	7.82333412144037	7.32680846365953
4.37792420410481	4.52636147365068	4.90047496652738
8.12200448407972	8.11392247332451	7.9375951132776
9.03766382968455	8.93721644235282	9.0483821312589
8.27641085948233	8.30719596274306	8.46307717452458
8.13177551041863	8.16738059720568	7.78303894000211
8.83834358529341	8.85482681907592	8.61486353314363
11.8922953478835	11.7764674448566	12.3718079044946
7.04406634054801	6.94560276609673	7.00327926795947
7.22871588274541	7.06104608093651	7.28342209516384
8.61953149000188	8.70335407445497	8.57821409602065
8.75121131691408	8.74772315852677	8.58674467503324
7.66581034769679	7.50477133425939	7.79227439673556
8.95902614627603	9.01129423921809	9.11135873217109
4.76048770129685	4.68337149205883	4.57450089455863
4.97228161367696	5.07978433241891	4.8458269316732
5.25001912309612	5.38301962287653	5.6266850601433
7.32142997670333	7.26642970550063	7.15952021963021
5.85872731883492	5.64905594161835	5.53805324638738
7.85181934017747	7.80512139769668	7.68278915249811
8.23452614066356	8.29542943265161	8.29239846551357
7.33101831495734	7.28794387583958	7.14591608151864
4.3943675613521	4.57307627335244	4.60696312829577
9.1594721280476	9.0669949035888	8.78674330668881
5.82887608003476	5.67338364116774	5.91111965498801
5.49037288140137	5.47752149255261	5.71076960542368
9.30796055730192	9.34270934425219	9.35757104376837
4.72844232098299	4.82430710456691	4.8458269316732
5.08280884358057	5.2491323869557	5.40532153386601
9.26596935878738	9.22147855854639	9.35402279728721
4.80418497175356	4.92277431401076	5.12607620968667
8.27255280442568	8.25370165314428	7.97509002130605
4.80418497175356	4.98092448737805	4.43781432068771
8.89923597250302	8.94813735197019	9.02249807926713
6.06737245147736	6.15657289687381	5.75922503171652
8.16427125279362	8.24200146644471	8.13207967782391
8.02898445939957	8.12210373767024	8.10186150909743
4.66889817835951	4.78548891454683	4.76027938831777
4.34446274017929	4.47800722745169	4.43781432068771
8.90066333184495	8.87352852601081	8.86516970517889
4.31884583620171	4.58830244615808	4.40178453552233
4.31884583620171	4.61825916114724	4.32725855513339
4.1547567816839	3.9794769646036	4.24918240717543
4.85255181512236	4.86825471247766	5.36533688735107
9.21556966910063	9.24205125757348	9.27208679221173
5.8763452299733	5.95583620104837	5.85203977510689
7.46186034982334	7.37680831783542	7.21937921514781
8.12016500618332	8.16907099359642	8.41339794135572
8.61649288676337	8.63600879914987	8.74350120753361
7.57194371368731	7.59221977331107	7.31452908613638
8.35304236341266	8.38445691606573	8.59805016283814
8.13238400190525	8.22804465835552	8.24068158231942
5.8014699542919	5.92174073908125	6.19053975279449
6.88525676546537	7.04586185436055	6.97319972248233
8.18846288363071	8.24039826135591	8.28218479238369
4.1547567816839	4.27513064243621	3.89335090059424
6.03376065286713	5.94739110034448	6.34232611141354
4.8285716250374	4.91682201698684	5.23917548115746
4.57107948116419	4.50239644145918	4.97917596268587
8.15112071746703	8.23342940384951	7.97509002130605
7.72434219141584	7.72355287575108	7.6778589555961
8.25030608213916	8.16681667060957	8.16175088123035
4.1547567816839	4.27513064243621	4.12461952790935
4.8819757055727	4.79203502955813	5.10248890728653
5.0777337832968	4.96948911371252	5.12607620968667
7.10248901141505	7.16406207184134	7.02548217036531
4.49689923380347	4.65481182479162	4.95335985065037
8.50776054551193	8.46671939023966	8.43220452507235
8.72525790709859	8.70220721245087	8.69112329395255
9.15170461944651	9.09661074460602	9.25141926163207
8.85021292282099	8.84658584987267	8.69378232005751
4.29276455226393	4.5421096978429	4.32725855513339
8.70578725508283	8.69261272571188	8.71227570658564
6.71651666284312	6.77850542981706	6.63748244659056
8.26536028212817	8.11743467901114	8.28218479238369
8.37787625888184	8.37236315212373	8.51129503988167
4.69566691513228	4.69041986864609	5.21717126843542
3.79454988678753	4.4943145730224	4.87337865978855
4.84659413332337	4.70440937579244	4.73074184622937
8.06321962755549	8.06378780197321	7.61751020578487
5.25001912309612	5.16705829412105	5.30346957399051
7.53740410951001	7.38080528834893	7.18639441550434
8.90173292284849	8.9656223031529	9.27021865613002
9.1798848666188	9.18747949549752	9.24003526286633
8.82110801654193	8.85687938343516	8.72796280461441
4.91080989902452	4.96948911371252	5.10248890728653
8.4610830809356	8.48340567526754	8.7614451312496
8.65930408140463	8.63921521041256	8.84591204777169
9.25847931802856	9.25029787799562	9.57469445491948
4.8819757055727	4.91084389646766	5.36533688735107
6.9350464429385	6.93599068693258	7.20626483132987
5.71923168030477	5.82338007114736	5.7907507962855
4.84659413332337	4.82430710456691	4.70066230075225
7.58357207370966	7.57932150798045	7.5760069957206
4.1450680036657	4.40213735319536	4.73074184622937
8.42530170997933	8.37576011891847	7.57074442544086
8.97469481262101	8.90590535711317	8.65615763685717
8.30205042732274	8.345872642661	8.01978221083685
4.46612205815405	4.6256476754624	5.00459180876059
8.18201226794052	8.17075931884547	8.23717507994652
4.42670101416641	4.8866686339579	4.20870407318973
8.87475167025828	8.87892170165625	9.09271847686335
7.99792811212687	8.07106254628763	7.7968726865228
8.0778266372674	8.08908313378672	7.815137936593
8.3245820884416	8.30158102598609	8.21597707894811
7.13449052788029	7.13216628456993	7.17971705704867
7.96823370150346	7.99141139535263	7.92065140445641
7.87383065318771	8.00416442130525	7.93337557623932
6.91249901815443	7.01368022777668	6.75430314811424
4.54186470892462	4.69041986864609	5.28231716135741
7.84366340023122	8.00479898480639	7.99148305025835
7.17529264111222	7.1837723183026	7.05462585767242
5.0777337832968	5.06379241654361	5.23917548115746
6.85601230137326	6.92214178022698	6.74560663310679
8.3436180190264	8.39022443596838	8.5552464455781
8.98616730665125	9.01526133531196	9.24573714421243
9.03181513017264	9.04718914388551	9.22088446989745
4.3696315119912	4.37588980496368	4.50758183841965
7.94624621573894	7.92715639005105	7.96683161978821
4.81642996565225	4.83067180234164	4.81780421110114
8.51477328773967	8.50343120382364	8.75377891664991
9.38155866458218	9.37828674094498	9.35046685395298
8.49741296309764	8.4163543359935	8.46613270054302
4.28396465878481	4.08159438709161	3.89335090059424
9.19682216993101	9.24643841897443	9.43881760654503
4.5926077346645	4.34913256387679	3.6815355002361
7.84514974137442	7.81825877640835	8.0157692608909
8.27475867392432	8.36749576939274	8.36216598324551
4.8819757055727	5.00351441327129	4.76027938831777
5.28124964132315	5.34856896303705	5.59180524993513
8.20417467117766	8.25687544637473	8.30928109912251
8.66477712832102	8.63761293741996	8.63426363215793
3.56654623090999	3.29119682086472	3.89335090059424
7.09500185783927	7.07232544502153	6.98830848597193
5.89086380017947	5.89266888822164	6.33113638036004
4.44259927646546	4.33100132046417	4.28868526405155
5.2041942911636	5.23499939518191	5.71076960542368
8.86344992177297	8.8503690797051	8.98511494756422
6.70014813477794	6.68586177870237	6.50160559821611
9.05442773457684	9.08362332878085	9.21316106699219
4.42670101416641	4.40213735319536	4.16720086312546
8.50869755505248	8.48564515994443	8.13581808134668
7.15022826601331	7.19295106743468	6.92701950715054
4.09562059088926	4.31262832002328	4.50758183841965
7.63691483701685	7.762673613718	7.63787430908116
7.88181783447968	7.94780777642461	7.86874345077609
6.96821858892647	6.99927867074547	7.03281681004786
5.24550176271748	5.09559278058432	5.12607620968667
8.03290128059894	8.12152096979588	7.97509002130605
8.52731072665443	8.46126393757744	8.1836570767181
5.72248315761775	5.72411162545311	3.73710994892351
7.9945844478317	8.1015587727823	7.87750972425645
3.83128664249905	3.96764895534106	4.16720086312546
5.03123421426367	4.75228358205681	5.12607620968667
6.14206628678491	5.99457643261642	6.38633651936794
8.10722238728532	8.141198102579	7.59688994353278
8.50024241946412	8.50872255606024	8.38798209528101
8.20533171032217	8.10510259287114	8.15807121810447
6.30043425668344	6.2949453741038	6.4914551680497
7.14781825188422	7.23684226684181	7.22589727238046
4.69566691513228	4.80503469784403	4.60696312829577
9.28493528224718	9.26130212416336	9.48209069796268
7.16817583468737	7.19409412400655	7.46740509122509
4.87613886958121	4.84959138493804	5.12607620968667
9.15350084701897	9.21015031415171	9.37168772290472
8.18612055002642	8.27680814091434	8.09421912120298
8.58885275628734	8.63400099664051	8.59240716506518
4.4186855165626	4.56539962609734	4.24918240717543
7.61092777115719	7.64675782024731	7.47300950432246
8.44158714444086	8.45120583001195	7.91638797101479
8.71271328507289	8.70640771474816	8.47526525471629
8.26035969671675	8.27002145925112	8.27534015098136
7.15143176093808	7.13455442142138	7.2959358142073
8.7794235560959	8.79178359304038	8.49037401820588
4.17394077387671	4.05954664283763	4.57450089455863
9.22727059683424	9.16988777072156	9.21122451716948
4.26620174059402	4.28460115819235	4.36494502486047
4.76048770129685	4.98092448737805	4.8458269316732
5.1374840201406	5.15205319537626	5.60933792224175
9.58303357775392	9.5249664761233	9.60240141140806
8.87547777579913	8.86879211951658	8.81905786336316
5.53545577903941	5.64905594161835	5.6438505492847
8.87620351508244	8.84141010339051	8.82887399589348
4.52703181364845	4.63299678418057	4.81780421110114
4.80418497175356	4.86206164758829	4.60696312829577
8.1372426915328	8.22696517955501	8.10186150909743
4.83460424644829	4.84959138493804	5.55616712388862
8.16427125279362	8.20738854157698	7.88187534397184
6.60311509702367	6.80148463858215	5.30346957399051
4.70886680678713	5.01467200150732	5.26088823877439
8.16427125279362	8.18252002709365	8.16175088123035
8.95284817739072	8.97318311563876	9.19955692888063
8.32564627347433	8.26214891097552	8.37834863425093
4.71542161584044	4.79855019355544	4.76027938831777
5.10791904633837	5.04217699890766	5.28231716135741
8.43124503587768	8.47260519187417	8.59523109209304
8.8608855807528	8.80284869411756	8.62042988563724
8.10846004594114	8.19196762551151	7.93337557623932
6.20844673573774	6.15171238171648	6.618747508565
4.8285716250374	4.9463296674068	5.07855725256199
5.17122575641505	5.07447428878269	5.21717126843542
8.21455467843418	8.23504073276247	8.21241727465175
8.95834101383515	8.94909681907525	8.79924748046878
7.13083416479774	7.20433918695099	7.2959358142073
5.38345435590499	5.64554522731578	5.95407292196619
8.90635865090433	8.92067105568846	8.86994897746876
5.45169372146321	5.39992725363137	5.46352726599843
4.27511061177429	4.46978060828013	4.47306921137671
5.39165254389044	5.43722755085389	5.99592938905894
6.91391863158846	7.10561992800609	7.11140345447569
4.55654624548633	4.6256476754624	4.87337865978855
7.34790805372106	7.25881968037646	6.83056290892316
4.70886680678713	4.65481182479162	4.40178453552233
5.01007533148369	5.26775367869298	5.36533688735107
4.91080989902452	4.95795804543127	4.67002048833965
5.78601569079244	5.64202554566172	6.06339937420135
8.08161289760682	8.14807642610438	7.90353073464036
4.17394077387671	4.36702832993277	4.60696312829577
7.44724344694456	7.4947032052422	7.41028121970561
7.48970543970018	7.56368251089925	7.21283513765763
8.90493693329985	8.92001815133207	9.05265668187983
4.62081997384632	4.23658394382049	4.54138281394967
4.5926077346645	4.50239644145918	4.73074184622937
8.8938707278818	8.90854196087072	9.06964428710436
4.4815929394612	4.47800722745169	4.32725855513339
8.00724924300733	8.0411124755819	7.72650612283709
7.8075226467071	7.88835737677622	8.01174646320516
8.27916029295548	8.38204663974999	8.2615645301316
4.54922420373642	4.83700723703475	4.36494502486047
5.1029319422164	5.20144753820412	5.00459180876059
7.58713120502036	7.53275565219263	7.53880920962636
7.23213205712117	7.21563396017577	7.00327926795947
7.2669655593893	7.31751031995475	6.4502130120881
5.81675998234023	5.8015814643976	5.89654809918282
8.62083178660974	8.63359908483414	8.65343682422547
5.17122575641505	5.20629096891441	4.76027938831777
8.42827644177367	8.44660957952506	8.72013802014295
8.21685121219975	8.19969965568168	7.68278915249811
8.61518866117293	8.60803935275319	8.91699063389586
7.72353411607943	7.76418535782836	8.02777875954376
7.32356624747243	7.15468819475028	7.25171338441597
4.56383121344832	4.54991682704672	4.78929411450817
5.01539429539232	5.10082221615252	4.81780421110114
5.10791904633837	5.15707307203319	4.63879498739168
8.90742401792721	8.91314391282395	9.03333281292131
9.42754116745018	9.43269128272286	9.4935485824923
4.76048770129685	4.70440937579244	4.76027938831777
4.70228199850322	4.64757845060479	4.60696312829577
4.23913928572312	4.43637401169593	4.70066230075225
5.07264075816041	4.80503469784403	5.05427104192944
8.15292106568775	8.34686290832948	8.2088497232235
6.66177844494644	6.56686496831133	6.14086051962563
7.53095011170244	7.51114023455668	7.88187534397184
5.72248315761775	5.69050130997167	5.23917548115746
4.68234480051997	4.91682201698684	5.14932892912122
7.86653090085397	7.79037588921433	7.60723249666856
6.79259313683994	6.76920536334442	6.618747508565
6.0153314042091	5.96143765029996	5.85203977510689
5.12769637628189	5.16705829412105	5.50121373572552
8.19663115106103	8.23073966140191	8.17638748948637
4.69566691513228	4.70440937579244	4.36494502486047
8.20417467117766	8.27524494775931	8.33923848734825
5.30748948286219	5.37448736887653	5.53805324638738
8.6294705282553	8.66027129109192	8.58106255761361
4.58546738205077	4.40213735319536	4.12461952790935
9.15678811796507	9.06611413998043	9.24193809446047
5.04690164420242	5.1470149644677	5.23917548115746
7.10745888889089	7.16055433651044	7.06183153623826
8.08287277343046	8.09206378521581	8.24767216534075
4.91080989902452	4.99790155574123	4.97917596268587
7.7299860466162	7.61849961823723	7.43337018216142
5.95582458058646	5.87194737565653	5.59180524993513
4.73490875028882	5.06379241654361	4.67002048833965
8.12933896775561	8.201350889694	8.37512485890658
7.19992784554644	7.19180706187425	7.51716811336042
8.11278348627988	8.1388976769723	8.10946843334738
5.68297189396564	5.68709474552127	4.70066230075225
8.14871674347641	8.14406824445895	8.05546343354413
7.71054280344766	7.69366456045757	7.48970869016552
5.64919620916613	5.56595617504352	5.75922503171652
8.79792899575146	8.65750867171355	8.49037401820588
8.80709321844517	8.87791208777419	8.87709186125057
5.07264075816041	5.04761272437226	5.07855725256199
8.72928133840804	8.79536269795747	8.79675426442273
8.34414321636703	8.38974473026523	8.43842574405443
7.33525937358795	7.37380296305983	7.18639441550434
5.58989271720284	5.66301003168482	6.0501257046393
3.65120465365724	3.81717728665407	3.98980749882163
7.7586669584295	7.79333764128069	7.92914515006112
5.58989271720284	5.77943246323661	5.95407292196619
5.58989271720284	5.5770837290678	5.74323183916081
8.13299223615597	8.1980464405843	7.94600174315896
8.69512959080513	8.70526339250796	8.58957836499432
4.70886680678713	4.89275232868939	5.36533688735107
4.22081065443628	4.21689854305335	4.57450089455863
4.75413546979238	5.06379241654361	4.97917596268587
6.44897870400155	6.57225814395677	6.67432195725243
8.71677190017228	8.78999054839131	8.94001473758018
8.41783786080779	8.40880388083688	8.41339794135572
8.51103741261593	8.56393438316179	8.35564792601286
6.78640483440254	6.72173954697529	6.97319972248233
4.35290134559343	4.01436375504281	4.08090255757038
5.21347676270715	4.99790155574123	5.10248890728653
4.31884583620171	4.20694936901244	4.76027938831777
6.67524079437971	6.56506254213102	6.83882131044099
6.03376065286713	5.94456452577719	5.99592938905894
8.77864730676568	8.83065155656616	9.00501216164113
7.15743418140301	6.94286329279209	6.87144505846314
8.97028398136723	9.02890606289416	9.05478978463271
8.57907418353082	8.53358267432431	8.76399258977979
4.32743558170724	4.61825916114724	4.47306921137671
8.11093217386662	8.09027616816288	7.94600174315896
8.59680426739964	8.6606654992532	8.7175214366117
8.9978824425527	8.87723860065503	8.79175642752011
9.04284278906239	8.94429278881114	8.8794659228303
7.70972693832874	7.83916458359452	7.5280243731327
8.23679104171949	8.26530332964046	8.23013949303412
4.46612205815405	4.92870100967806	4.47306921137671
4.83460424644829	4.69743237547716	4.9271306633363
8.20533171032217	8.17469071842633	7.96683161978821
9.04607019754592	9.06170185757331	9.17596962648049
8.81127405855127	8.72308283661546	8.7842309855315
5.27682942863403	5.23972651686205	5.40532153386601
8.17494209106629	8.10392233188389	8.52607682835586
8.13481539766539	8.09800581520138	8.00771376932818
4.76048770129685	5.0850739919603	4.54138281394967
6.70671790920066	6.70717500555176	6.71923680066937
8.82186169811949	8.85927018396766	8.73056278808455
4.0651153188783	4.34009676350964	3.89335090059424
8.01716960935113	8.12617622631271	7.99555582063725
5.65941242793854	5.5509782599844	5.69429419805811
7.76103142584523	7.75660999725186	7.59169409374936
5.12277747200819	5.07447428878269	5.48247879769997
8.37119262517887	8.41776545195746	8.31598576791371
5.29004953480227	5.39992725363137	5.36533688735107
5.93075327265852	5.67682422876893	5.8062891992047
8.57684248136372	8.57739847434057	8.58674467503324
4.49689923380347	4.79855019355544	4.47306921137671
8.16248506001466	8.07769749051506	8.12833272937137
9.00021406632739	8.87925807529844	8.79675426442273
8.08098254574628	8.12210373767024	8.35237915277767
8.14027106162298	8.26792650693824	8.19089456853747
5.9695665962153	5.74716038822783	5.98209564253824
7.48112138845815	7.31646522728548	7.60206937670185
4.76681201081448	4.85584062294326	5.194867669495
8.14450009959978	8.16794429310979	8.05153699038724
8.27034354779404	8.25317197617509	8.26846681078903
4.82251360304041	4.51043118503084	4.8458269316732
6.2763262149879	6.1853813597756	6.48124149491982
9.0032063268832	8.9734972509686	9.25519642743747
5.72896415100275	5.93034402166984	5.83693101161729
12.8746322595504	12.7116687253567	13.5494001616529
12.3631640365368	12.2520664286791	12.9113014907446
4.72194669776644	4.63299678418057	4.73074184622937
5.27682942863403	5.27697080080766	5.59180524993513
8.3245820884416	8.3399160572253	8.49637874738987
4.17394077387671	3.96764895534106	3.3713131275546
2.91623993394784	3.12646902842191	2.23504441668956
8.06449570577543	8.09146817050224	8.26846681078903
5.76093831349214	5.92461447238222	4.8458269316732
6.35167212562122	6.50044465949576	6.5514358553138
7.73480607825536	7.83916458359452	7.84662045328285
4.48926644084313	4.44480189496167	4.76027938831777
8.71352592451763	8.73321628135701	8.68579226735416
8.24074605959992	8.21176300435681	8.59805016283814
4.41062511397607	4.26559458625729	4.57450089455863
4.7856198354775	4.74554540423687	4.97917596268587
8.82712644350806	8.72947183715509	8.76653609569625
7.80064401321312	7.62770554425021	7.6778589555961
5.14235298620404	5.05302709133202	5.46352726599843
8.91521269791485	8.85516912552865	9.26647598501962
8.42182339825567	8.35131031816669	8.3911807094359
7.7299860466162	7.66798265935986	7.95018894654481
4.98860063284366	4.86825471247766	5.21717126843542
9.02594255835167	9.02558314101592	9.05904768114156
6.48956479344173	6.45821990502529	6.74560663310679
4.95023094301216	5.0850739919603	5.194867669495
8.07339670340021	8.03056764423836	8.00771376932818
5.45169372146321	5.80784490526532	5.74323183916081
6.98046358282515	7.03820653123545	7.08326045882128
8.24750089876144	8.24998963153112	8.13954797882451
8.15292106568775	8.27420183293404	8.23717507994652
8.68273337886732	8.54348831355077	8.71490066989158
9.12387789858813	9.08796608251212	8.85316020652603
8.51430683349708	8.49367730157662	8.58106255761361
6.06992574069875	5.93889392263713	6.35343997930047
8.09541122401291	8.16286270916379	8.15807121810447
8.01254861584429	8.00543325621845	8.32931339607534
8.09166114865273	8.11392247332451	8.49937288380998
8.69677437875066	8.60352751636557	8.83619771277023
4.3943675613521	4.43637401169593	4.08090255757038
7.32142997670333	7.31437266102399	7.32680846365953
6.17563929902896	6.42068190237024	6.12820185259725
6.80335903067479	6.56686496831133	6.78863506753044
7.86579888450714	7.86327763175033	7.9792036727352
6.68857834619399	6.57225814395677	6.76295377100834
8.52035897485352	8.44568848683142	8.38156608225981
8.90458128428095	8.90590535711317	8.83376010751173
6.2337092507998	6.4106311311992	6.03674367739242
8.27696116666007	8.24626758322189	8.31598576791371
5.78290481801584	5.5509782599844	6.14086051962563
8.52638576481051	8.4981194544191	8.40391311701148
4.92218369816534	4.95795804543127	4.8458269316732
8.02505694622735	8.08130313047478	8.21241727465175
4.76681201081448	4.82430710456691	5.21717126843542
5.54283414443333	5.37448736887653	4.67002048833965
7.57821681405808	7.58018515866267	7.5548545830875
4.89357881764113	4.64030690540123	4.87337865978855
8.77864730676568	8.84624140427198	8.89598877637564
8.16486615794936	8.26845054368857	8.36216598324551
4.6621274454002	4.56539962609734	4.60696312829577
8.48889105408514	8.53401483823514	8.32931339607534
7.53279706715332	7.59819789383025	7.43909196540247
4.85848492909157	5.00351441327129	5.23917548115746
8.77864730676568	8.81206107609812	8.57821409602065
9.11222532684943	9.11118333983999	9.06329454681808
4.4186855165626	4.51841935011725	4.8458269316732
4.44259927646546	4.47800722745169	4.73074184622937
5.26348672313236	5.15707307203319	5.6266850601433
8.00059746001436	8.09859861134662	7.77375115745561
7.64803175133298	7.56455601623334	8.07107582997411
7.73560784929793	7.76946343942722	7.41608401951455
7.1729242815673	7.19180706187425	7.27712923049067
4.63472131965734	4.6256476754624	4.73074184622937
7.23440500877661	7.13812888417383	6.89549374258157
5.0929055734276	5.07447428878269	5.0296196114593
4.68234480051997	4.79855019355544	4.8458269316732
4.47387829310311	4.52636147365068	3.73710994892351
4.35290134559343	4.50239644145918	3.94228854169695
8.64233215828912	8.62917030065584	8.561018596733
4.68234480051997	4.6256476754624	4.73074184622937
5.1472055307656	5.0850739919603	5.46352726599843
5.87926068811104	5.97534245666758	5.74323183916081
8.21167884677782	8.27367997925676	8.03970091561544
8.74962763145021	8.68836989498339	8.5083226197848
8.88271874779448	8.9190382143807	8.78171480816216
8.76342612971717	8.77483614218647	8.75889370780181
