k27_temp24_1	k27_temp24_2	k27_temp24_3
69.8401673307296	212.527142529955	389.201385080614
1.24566291315213	8.92857505218143	7.52079971170268
13.7853362388836	131.22299697903	83.355530138038
104.88481728741	878.923516879133	799.084969368409
6.8926681194418	61.1472109634244	52.0188646726102
6.97571231365194	56.9534863177028	52.0188646726102
27.7367608661875	145.42754819841	238.78539084656
22.6710650193688	118.912385922235	168.591260204002
53.8956820423823	416.260991447913	389.201385080614
406.667419047066	2992.42545688263	2998.91888504144
302.945220478599	2052.76057336062	2159.09625056798
9.30094975153592	83.0628042733242	57.6594644563872
37.7020641714045	327.245803806468	256.3339235072
48.497809418723	405.979601993886	329.661720696301
68.7605928059977	575.21668366478	478.197515002429
18.103634337811	108.901559348577	129.733795026871
170.157553936581	1115.39547432176	1254.72008523573
4.31829809892739	36.3907074096486	28.202998918885
25.4945676225136	187.905920416364	188.646726101876
23.5015069614702	153.273871729115	141.641727903734
26.9893631182962	221.185154701767	171.724926750544
27.4876282835571	261.904868197322	266.361656456137
5.64700520628967	36.9318331703868	33.843598702662
100.151298217431	866.477624382153	723.250238942074
3.90307712787668	37.202396050756	25.6960656816508
6.56049134260123	51.8127915906892	30.7099321561193
6.64353553681137	49.1071627869979	33.2168653933535
279.526757711339	1881.76483296733	1975.46339094057
10.0483474994272	84.1450557948008	70.1941306425583
2.98959099156512	15.6926470614098	11.9079328768626
146.32387019827	1060.87705392738	1039.7505601429
6.06222617734038	63.0411511260083	59.5396643843129
0.913486136311564	10.6872337745808	10.6544662582455
16.8579714246589	142.18079363398	99.0238628707519
356.59176993835	2444.94146845568	2581.51450104194
95.5838675358736	710.227560968978	765.868103975056
6.64353553681137	50.0541328682899	43.871331651599
28.8163353909193	270.021754608396	221.23685818592
258.350488187752	999.459280083582	1633.2670040581
185.271597282827	1102.27317462385	1249.70621876126
114.933164786837	882.98196008467	800.965169296335
5.14874004102881	35.1731744479875	28.202998918885
80.3867799954176	581.710192793639	554.658978738073
7.72311006154322	73.5931034604045	59.5396643843129
44.5947322908463	341.044510705294	290.80425551917
6.3113587599708	59.5238336812096	40.7376651050562
36.8716222293031	281.520677024084	237.531924227943
71.6671396033527	566.288108612598	508.280713849239
5.39787262365924	41.5314021366621	38.2307318678219
4.56743068155782	47.8896298253368	47.0049981981417
35.5429151219409	325.081300763515	238.78539084656
47.0030139229405	380.005565478449	357.237986305877
5.81309359470995	45.1840010216454	35.7237986305877
2.32523743788398	21.1039046687925	20.6821992071824
1.5778396899927	16.2337728221481	15.6683327327139
65.1896924549616	519.345448868553	435.579649969447
10.5466126646881	111.06606239153	69.5673973332498
1.49479549578256	14.7456769801178	10.0277329489369
32.0550589651149	261.769586757137	214.342791783526
8.55355200364464	75.4870436229885	62.0465976215471
65.438825037592	539.367102015869	479.450981621046
58.5461569181502	534.091125848671	431.819250113595
36.6224896466727	319.534761715948	245.052723939646
306.266988247004	1460.3631467924	2216.75571502436
133.368975901488	647.321691283154	908.136565188098
19.5153856393834	157.738159255205	131.613994954797
30.975484440383	233.225202878194	221.23685818592
205.202203893261	1522.05148351657	1541.76394089905
28.4011144198686	230.519574074502	175.485326606396
4.48438648734768	39.7727434142627	33.2168653933535
16.941015618869	157.602877815021	136.627861429265
7.05875650786208	61.2824924036089	34.4703320119706
74.8228189833381	588.068420482314	518.308446798176
127.306749724148	865.124809980307	847.343434185168
91.5147020195767	710.092279528793	636.761042257493
17.7714575609704	157.87344069539	120.959528696551
16.5257946478183	163.555261183142	126.600128480328
34.3802964029989	260.687335235661	240.038857465177
1.74392807841299	13.7987068988259	15.0415994234054
20.7610485525355	138.528194748997	166.084326966767
294.308624280744	2015.82874019024	2093.91598639989
61.7848804923458	501.488298764191	443.727182990458
20.428871775695	148.809584203024	124.719928552403
3.65394454524626	27.4621323574671	30.7099321561193
15.197087540456	149.215428523578	130.987261645488
7.72311006154322	69.6699416950521	57.0327311470786
4.31829809892739	28.6796653191282	21.3089325164909
74.3245538180772	563.176635488353	545.884712407753
101.978270490055	770.021957530556	829.16816821522
83.7915919580335	477.002358090784	605.424376792066
174.808028812349	1160.03834958266	1258.48048509158
2.32523743788398	21.7803118697153	21.9356658257995
2.49132582630427	20.8333417884233	15.6683327327139
4.89960745839839	47.2132226244139	40.1109317957476
7.88919844996351	59.9296780017633	66.433730786707
421.781462393312	2748.24245734948	3035.26941698134
95.3347349532432	362.013133933902	599.15704369898
21.591490494637	468.073783038602	149.162527615436
2.57437002051441	33.0086714050344	23.8158657537251
5.39787262365924	60.8766480830552	45.7515315795246
2.65741421472455	35.308455888172	18.8019992792567
24.9963024572528	182.76522568935	159.190260564373
5.39787262365924	39.0963362133399	40.7376651050562
182.032873708632	1202.6520032408	1249.70621876126
103.639154374257	678.842266846158	691.913573476646
122.65627484838	823.45812640346	819.140435266283
96.1651768953446	536.255628891624	695.673973332498
742.664228821301	4630.68369751773	5110.38340410197
419.705357538059	2730.38530724512	2864.79795684941
20.0136508046443	184.388602971565	156.056594017831
270.308852154013	1716.99203882253	2055.05852122276
2.82350260314483	32.7381085246653	22.562399135108
146.988223751952	903.274176112355	1081.74169186657
26.2419653704049	230.925418395056	172.351660059853
11.7922755778402	100.919954377687	86.4891966845808
13.1209826852025	125.405895051094	80.2218635914952
144.330809537227	910.714655322506	990.865362016828
134.780727203061	530.709089844057	895.601899001927
3.65394454524626	22.8625633911919	14.4148661140968
34.3802964029989	246.482784016281	192.407125957727
9.46703813995621	76.7045765846496	49.511931435376
7.14180070207223	66.8290314511762	48.2584648167589
53.4804610713316	432.76532715043	420.538050546041
158.946587718212	1100.37923446127	1083.62189179449
35.2937825393104	263.257682599168	228.130924588315
19.847562416224	92.3972236460594	139.1347946665
98.0751933621779	511.228562457479	664.964041176378
547.842549204308	3527.46355281259	3876.97225138273
16.5257946478183	147.592051241363	114.692195603466
492.950336831404	2940.61266529194	3656.36212650612
3.65394454524626	35.4437373283566	39.4841984864391
2.07610485525355	18.8041201856548	10.6544662582455
70.8366976612513	632.440732862852	468.169782053492
4.56743068155782	24.7565035537758	31.3366654654278
54.8091681786938	399.621374305211	381.680585368911
101.147828547953	328.328055327945	631.747175783025
18.6018995030718	154.62668613096	134.74766150134
8.30441942101422	84.1450557948008	59.5396643843129
5.14874004102881	30.7088869218967	25.6960656816508
1260.61086810996	8556.82165455424	9192.92418093791
26.2419653704049	259.063957953446	200.554658978738
10.7127010531083	143.263045155457	84.6089967566551
2.40828163209412	12.0400481764265	18.8019992792567
20.0136508046443	162.60829110185	151.042727543362
29.812865721441	262.175431077691	199.92792566943
4.23525390471725	38.4199290124171	22.562399135108
5.56396101207952	41.8019650170313	46.3782648888332
278.945448351868	1779.62734562798	2123.9991852467
43.0999367950638	372.970930588852	318.380521128747
41.5220971050711	294.642976721987	283.910189116776
448.521692928978	1950.21724170072	3212.63494351566
13.7022920446735	92.3972236460594	83.355530138038
96.3312652837649	603.625786103539	774.015636996067
114.268811233156	681.953739970403	863.638500227191
26.8232747298759	191.558519301347	168.591260204002
11.0448778299489	90.7738463638446	75.2079971170268
12.0414081604706	46.5368154234911	106.544662582455
54.1448146250127	456.16901630236	403.61625119471
7.14180070207223	74.1342292211428	57.6594644563872
106.877877948453	802.624784615037	746.439371386491
202.544789678537	1582.79285015944	1428.3252119142
7.30788909049251	41.8019650170313	33.2168653933535
3.48785615682597	53.1656059925349	33.2168653933535
185.520729865458	1409.09148096245	1396.36181313946
14.9479549578256	126.082302252017	100.277329489369
8.38746361522436	82.3863970724014	57.0327311470786
1.91001646683327	15.2868027408561	13.1613994954797
3.82003293366654	48.1601927057059	38.2307318678219
1.32870710736227	12.4458924969802	5.64059978377701
9.55008233416635	74.6753549818811	75.8347304263353
55.2243891497445	471.049974722663	385.440985224762
15.6123085115067	30.8441683620813	122.212995315169
104.801773093199	816.694054394232	745.812638077182
4.23525390471725	38.9610547731553	38.2307318678219
31.556793799854	244.994688174251	219.356658257995
8.80268458627507	65.0703727287768	57.6594644563872
437.725947681659	2708.46971393522	2923.71088792442
287.000735190251	1823.45853224778	2024.34858906664
9.71617072258663	73.7283849005891	68.3139307146327
16.6088388420284	114.312816955959	116.572395531392
5.89613778892009	53.0303245523503	33.843598702662
24.9132582630426	164.366949824249	180.499193080864
3.48785615682597	54.383138954196	48.2584648167589
5.89613778892009	46.8073783038602	34.4703320119706
29.0654679735498	258.116987872154	200.554658978738
20.5949601641153	167.07257862794	121.58626200586
12.3735849373112	112.148313913006	72.7010638797926
16.5257946478183	142.18079363398	114.692195603466
28.4841586140788	311.417875304874	208.702191999749
92.0960113790477	94.0206009282742	527.082713128496
359.996581900966	1710.49852969367	2479.35697162465
5.81309359470995	57.7651749588102	38.8574651771305
5.81309359470995	41.5314021366621	32.5901320840449
65.8540460086427	381.493661320479	428.058850257744
9.30094975153592	37.7435218114942	73.3277971891011
20.3458275814848	143.398326595641	145.402127759585
37.8681525598248	357.548846407811	283.283455807468
8.63659619785479	100.378828616949	62.6733309308556
36.1242244814118	303.436270333984	258.214123435125
43.8473345429551	376.623529473835	334.675587170769
7.39093328470265	57.3593306382565	40.1109317957476
0.581309359470995	7.57576065033576	8.14753302101123
23.5015069614702	245.26525105462	215.596258402143
98.9056353042793	758.252472234499	710.088839446595
8.30441942101422	19.2099645062085	62.0465976215471
118.753197720503	686.688590376863	962.035629788634
15.4462201230864	104.166708942117	117.825862150009
14.615778180985	90.0974391629217	102.784262726603
151.389566045089	1034.63245453157	1081.74169186657
250.129112960948	1966.85685884342	1855.75732886264
11.2940104125793	45.0487195814609	77.0881970449525
28.7332911967092	240.124556327607	207.448725381132
32.6363683245859	111.336625271899	224.370524732463
73.4941118759758	480.790238415952	594.143177224512
87.9438016685406	786.391011792889	629.866975855099
3.57090035103611	29.4913539602356	23.8158657537251
4.23525390471725	22.7272819510073	20.6821992071824
126.476307782047	919.778511814872	911.270231734641
16.0275294825574	131.628841299584	107.171395891763
47.916500059252	385.687385966201	318.380521128747
20.1797391930645	223.62022062509	166.084326966767
1.32870710736227	22.186156190269	18.1752659699481
4.15220971050711	39.2316176535245	23.1891324444166
196.067342530146	1429.65425987051	1331.18154897137
150.808256685618	997.159495600445	1044.13769330806
83.542459375403	438.447147638182	651.17590837159
20.1797391930645	160.443788058897	142.895194522351
2.65741421472455	22.7272819510073	17.5485326606396
6.39440295418095	57.9004563989947	42.6178650329818
46.0064835924188	492.830286592378	332.168653933535
153.050449929292	1269.07519037142	1182.64575466525
126.476307782047	882.98196008467	957.021763314166
143.168190818285	982.549100060511	1044.13769330806
6.72657973102152	53.1656059925349	36.9772652492048
2.65741421472455	30.1677611611585	26.9495323002679
958.413045379251	7361.88069340396	7482.56897983486
7.22484489628237	82.521678512586	69.5673973332498
43.0168926008536	365.665732818885	313.366654654278
46.6708371460999	342.12676222677	377.293452203751
45.7573510097883	370.941708986083	345.330053429015
49.5773839434549	335.497971657727	345.330053429015
18.2697227262313	158.144003575759	149.789260924745
13.7853362388836	60.2002408821324	95.8901963242091
16.5257946478183	139.881009150842	114.692195603466
27.4045840893469	248.376724178865	218.729924948686
9.71617072258663	84.4156186751699	73.9545304984097
18.4358111146516	198.863717071314	143.521927831659
4.7335190699781	35.1731744479875	28.202998918885
36.0411802872017	337.527193260495	295.19138868433
8.4705078094345	41.1255578161084	53.8990646005359
102.476535655315	528.003461040366	711.342306065212
41.4390529108609	79.6807682687101	246.932923867571
53.3143726829113	450.081351494055	379.173652131677
54.6430797902735	497.0240112381	405.496451122636
11.2109662183692	78.0573909864953	77.714930354261
9.30094975153592	61.1472109634244	64.5535308587813
16.4427504536081	135.822565945305	110.931795747615
5.81309359470995	86.580121718123	56.4059978377701
4.23525390471725	27.5974137976517	26.9495323002679
39.9442574150784	303.571551774169	279.523055951616
210.18485554587	1676.0017624466	1484.10447644266
19.5153856393834	145.42754819841	136.627861429265
89.7707739411637	788.826077716211	681.259107218401
20.5949601641153	171.942710474585	142.268461213042
57.6326707818387	496.888729797915	416.150917380882
18.4358111146516	136.769536026597	103.410996035912
177.797619803914	1355.24946776899	1323.03401595036
46.6708371460999	376.082403713097	308.35278817981
16.2766620651879	125.405895051094	117.825862150009
115.680562534728	708.874746567132	765.241370665747
7210.14607390717	50883.8139409418	54958.8706265766
153.216538317712	1287.06762191597	1226.51708631685
3.07263518577526	31.250012682635	26.9495323002679
19.5153856393834	91.1796906843983	124.719928552403
21.6745346888471	234.172172959486	166.084326966767
3.82003293366654	29.6266354004202	28.202998918885
11.9583639662605	68.8582530539447	97.7703962521348
14.1175130157242	141.910230753611	92.1297964683578
26.3250095646151	228.896196792288	209.955658618366
19.5984298335936	113.501128314852	129.107061717563
25.1623908456731	203.328004597404	196.167525813578
15.0309991520357	88.6093433208915	105.917929273146
7.80615425575336	63.8528397671157	59.5396643843129
3.07263518577526	23.5389705921147	33.843598702662
16.941015618869	154.220841810407	112.81199567554
21.5084463004268	176.136435120306	168.591260204002
237.423351246796	1238.23102200934	1709.10173448443
37.7020641714045	171.8074290344	246.306190558263
7804.74250445179	54118.9343015155	60403.9296178494
114.102722844735	149.756554284316	621.719442834088
144.746030508278	810.876952466296	994.625761872679
337.408561075808	2433.98367180073	2474.96983845949
32.2211473535352	171.942710474585	250.066590414114
55.473521732375	227.678663830627	370.399385801357
9.46703813995621	23.6742520322993	43.871331651599
13.6192478504633	123.917799209064	93.3832630869749
10.6296568588982	54.6537018345651	88.3693966125065
24.1658605151514	153.950278930037	161.070460492299
19.7645182220138	192.776052263008	157.936793945756
25.9928327877745	227.408100950257	196.794259122887
15.9444852883473	139.20460194992	126.600128480328
51.985665575549	425.189566500095	368.519185873431
34.7124731798394	302.624581692877	272.628989549222
10.1313916936373	64.7998098484077	67.0604640960156
6.56049134260123	54.2478575140114	50.7653980539931
545.932532737475	3529.62805585554	4064.36551086599
15.8614410941372	99.0260142151032	119.706062077934
18.6018995030718	139.881009150842	134.74766150134
2.74045840893469	37.3376774909405	18.1752659699481
10.7957452473185	51.271665829951	73.3277971891011
9.79921491679678	33.6850786059572	44.4980649609075
7.05875650786208	64.393965527854	62.0465976215471
569.350995504735	3413.69186161737	3986.65058051173
73.4110676817657	425.460129380464	500.759914137537
335.166367832134	2054.24866920265	2366.54497594911
6.56049134260123	33.2792342854035	47.0049981981417
78.8089403054249	449.540225733317	535.856979458816
31.556793799854	233.901610079117	220.610124876612
2113.05952167707	12259.0688280853	15045.9865565705
93.4247184864099	735.795753163861	725.757172179308
71.833227991773	404.89735047241	458.768782413863
27.9858934488179	141.233823552688	210.582391927675
15.2801317346662	118.77710448205	130.987261645488
4.23525390471725	19.8863717071314	25.0693323723423
158.697455135582	762.987322640959	1224.63688638892
17.8545017551806	76.2987322640959	124.093195243094
38.7816386961364	267.045562924336	318.380521128747
22.4219324367384	107.278182066362	161.070460492299
10.6296568588982	28.9502281994974	68.9406640239412
13.5362036562532	92.5325050862439	95.8901963242091
61.1205269386646	341.585636466032	455.635115867321
28.4011144198686	110.389655190607	172.978393369162
13.5362036562532	72.510851938928	92.7565297776664
11.127922024159	50.0541328682899	85.8624633752722
84.8711664827653	376.75881091402	622.346176143397
7.55702167312294	69.2640973744984	45.7515315795246
10.7957452473185	97.9437626936266	94.636729705592
21.8406230772674	170.725177512924	136.001128119957
7.55702167312294	69.8052231352367	61.4198643122385
12.7057617141518	123.647236328694	88.3693966125065
22.6710650193688	132.71109282106	142.895194522351
6.06222617734038	30.303042601343	31.3366654654278
16.359706259398	104.031427501932	137.254594738574
12.4566291315213	85.4978701966465	84.6089967566551
25.6606560109339	127.164553773493	196.167525813578
11.5431429952098	57.9004563989947	102.157529417295
7.80615425575336	34.3614858068801	60.79313100293
330.017627791105	2051.54304039896	2511.32037039939
11.2940104125793	96.0498225310427	82.1020635194209
21.0932253293761	191.693800741532	169.844726822619
6.06222617734038	45.0487195814609	34.4703320119706
162.600532263458	889.610750653714	1190.79328768626
28.7332911967092	257.440580671231	205.568525453207
31.6398379940642	205.492507640358	208.075458690441
24.4149930977818	200.622375793713	166.711060276076
14.034468821514	145.833392518963	122.839728624477
43.5151577661145	388.934140530631	297.698321921564
4.15220971050711	37.8788032516788	37.6039985585134
4.15220971050711	35.7143002087257	38.2307318678219
3.90307712787668	44.2370309403535	41.9911317236733
72.7467141280845	713.880159853961	534.603512840199
7.22484489628237	49.5130071075516	39.4841984864391
15.4462201230864	129.870182577184	107.798129201072
125.064556480474	942.641075206064	954.514830076932
90.9333926601057	850.784977320743	687.526440311486
273.962796699259	2007.57657233898	1998.02579007568
2302.64941705882	16512.4525889283	17061.5608793068
5.56396101207952	29.3560725200511	38.2307318678219
6.22831456576066	49.377725667367	33.843598702662
6.06222617734038	56.5476419971491	47.6317315074503
13.6192478504633	112.418876793375	90.8763298497407
198.30953577382	1334.01028166002	1551.16494053868
40.1103458034987	257.575862111416	283.910189116776
3.90307712787668	36.9318331703868	25.6960656816508
3.90307712787668	45.0487195814609	42.6178650329818
3.07263518577526	10.010826573658	29.4564655375022
1380.5266845494	8857.28173320417	9927.45561944754
115.431429952098	829.68107265195	895.601899001927
246.724300998332	1326.56980244987	1831.3147297996
151.472610239299	1157.87384653971	1074.22089215487
12.0414081604706	106.872337745808	90.2495965404321
62.2831456576066	505.140897649174	465.662848816257
8.80268458627507	56.6829234373336	53.8990646005359
21.3423579120065	228.08450815118	162.323927110916
4.89960745839839	48.2954741458905	40.1109317957476
27.9858934488179	178.03037528289	198.674459050812
296.467773330208	1836.85139482605	2131.5199849584
22.5880208251587	187.094231775256	149.789260924745
243.070356453086	1911.93259412849	1786.18993152939
47.6673674766216	289.09643767442	317.12705451013
82.2967964622509	51.0011029495818	508.280713849239
58.2139801413097	494.453663874593	442.473716371841
47.2521465055709	400.027218625765	348.463719975557
15.197087540456	131.087715538846	99.6505961800605
227.208915358949	1803.70744198083	1738.55820002194
4.56743068155782	44.5075938207226	38.8574651771305
61.0374827444545	469.832441761002	460.02224903248
25.9097885935644	189.123453378025	194.914059194961
13.453159462043	121.888577606295	123.466461933786
8.80268458627507	98.4848884543649	56.4059978377701
1.99306066104341	22.4567190706382	16.2950660420225
158.448322552951	1316.28841299584	1217.74281998653
187.596834720711	1649.48660017043	1514.81440859878
42.3525390471725	336.715504619388	301.458721777416
26.2419653704049	261.904868197322	216.222991711452
75.9854377022801	36.5259888498331	434.952916660138
107.874408278975	193.317178023746	662.457107939144
12.7057617141518	109.848529429869	79.5951302821867
119.749728051025	823.72868928383	762.734437428513
140.17859982672	1193.18230242788	1044.76442661736
15.8614410941372	104.437271822486	94.636729705592
57.7987591702589	410.849733840531	364.132052708271
288.993795851295	1999.73024880827	1981.73072403366
68.7605928059977	497.700418439023	516.428246870251
28.1519818372382	204.139693238512	185.513059555333
34.3802964029989	167.748985828863	269.495323002679
93.1755859037795	713.744878413776	660.576908011219
81.6324429085698	509.875748055634	515.801513560942
112.524883154743	643.93965527854	810.366168935964
2.98959099156512	6.49350912885922	18.8019992792567
44.5116880966362	302.083455932139	292.684455447096
253.616969117774	1616.20736588502	1810.00579728311
19.5984298335936	139.881009150842	110.931795747615
96.5803978663953	640.287056393556	643.028375350579
155.707864144017	1015.15192714499	1062.93969258731
1.99306066104341	12.7164553773493	10.6544662582455
48.8299861955636	337.797756140864	320.260721056672
8.38746361522436	63.3117140063774	53.8990646005359
27.9028492546078	269.210065967289	193.660592576344
8.63659619785479	71.2933189772669	53.8990646005359
2.82350260314483	34.6320486872492	23.1891324444166
22.5880208251587	216.179741414938	157.936793945756
210.26789974008	1436.01248755918	1547.40454068283
9.55008233416635	87.3918103592304	67.6871974053241
2.82350260314483	14.3398326595641	21.3089325164909
4.56743068155782	32.7381085246653	33.843598702662
7.30788909049251	55.330109035488	45.7515315795246
59.3765988602516	463.338932632143	402.362784576093
2.65741421472455	28.13853955839	22.562399135108
3.98612132208682	25.4329107546986	30.0831988468107
178.378929163385	1231.87279432067	1284.17655077323
14.6988223751952	129.464338256631	97.1436629428263
160.026162242944	1220.2385904648	1210.22202027482
38.2003293366654	293.966569521064	256.960656816508
1.16261871894199	11.3636409755036	15.0415994234054
2.65741421472455	30.5736054817122	20.6821992071824
18.4358111146516	178.571501043629	143.521927831659
43.3490693776942	368.100798742207	258.840856744434
28.7332911967092	280.844269823161	208.702191999749
32.138103159325	333.198187174589	276.389389405073
4.23525390471725	46.4015339833065	36.3505319398963
292.896872979171	2415.45011449545	2130.89325164909
82.4628848506712	706.304399203625	584.115444275575
623.911031100798	4656.3871711528	4637.82648888332
316.398379940642	1804.51913062194	2259.37358005735
9.46703813995621	82.6569599527705	66.433730786707
5.97918198313024	35.9848630890949	28.8297322281936
2.24219324367384	12.7164553773493	19.4287325885652
24.4149930977818	260.010928034738	194.287325885653
14.6988223751952	154.085560370222	99.6505961800605
30.2280866924918	288.420030473497	194.914059194961
24.4149930977818	202.786878836666	174.858593297087
41.7712296877015	350.10836719766	291.430988828479
17.7714575609704	173.5660877568	140.388261285117
16.8579714246589	151.6504944469	111.558529056923
52.8991517118606	404.220943271487	366.638985945506
171.984526209204	1355.79059352973	1304.23201667111
8.4705078094345	84.9567444359082	65.8069974773984
3.7369887394564	21.5097489893462	25.0693323723423
16.359706259398	171.672147594216	146.028861068894
10.7127010531083	92.6677865264285	79.5951302821867
3.7369887394564	32.6028270844807	28.8297322281936
74.2415096238671	575.351965104964	567.820378233552
34.7955173740496	320.752294677609	262.601256600285
89.4385971643231	741.207010771244	669.977907650847
49.3282513608244	394.751242458567	329.034987386992
27.7367608661875	238.501179045392	227.504191279006
119.749728051025	918.560978853211	934.459364179058
11.70923138363	109.036840788761	78.9683969728781
6.14527037155052	56.5476419971491	54.5257979098444
118.670153526293	785.714604591966	827.287968287295
14.034468821514	126.217583692201	99.0238628707519
40.5255667745494	335.362690217542	350.970653212792
12.7888059083619	115.395068477436	74.5812638077182
11.70923138363	95.2381338899353	80.8485969008038
15.0309991520357	142.992482275087	95.8901963242091
4.98265165260853	44.9134381412763	33.2168653933535
16.2766620651879	150.703524365608	102.157529417295
4.40134229313754	41.8019650170313	26.9495323002679
26.6571863414556	114.04225407559	176.112059915704
3.32176776840569	20.6980603482388	10.0277329489369
5.56396101207952	31.1147312424504	28.8297322281936
78.1445867517438	654.356326172751	559.046111903232
53.8956820423823	425.595410820648	383.560785296837
145.90864922722	1238.23102200934	1017.18816100779
51.404356216078	527.327053839443	414.270717452956
60.7053059676139	84.6861815555391	356.611252996569
5.23178423523896	37.202396050756	29.4564655375022
0.664353553681137	7.8463235307049	5.01386647446845
332.176776840569	2858.36154965972	2591.54223399088
203.458275814848	1419.64343329685	1438.97967817245
10.5466126646881	92.5325050862439	77.714930354261
4.65047487576796	23.4036891519301	30.0831988468107
2.49132582630427	26.3798808359906	18.1752659699481
5.56396101207952	51.4069472701355	47.0049981981417
1.49479549578256	16.5043357025172	19.4287325885652
115.182297369467	771.91589769314	715.729439230372
3.65394454524626	22.7272819510073	29.4564655375022
7.80615425575336	51.9480730308738	49.511931435376
163.26488581714	1154.62709197528	1231.53095279131
150.725212491408	980.519878457743	1061.68622596869
214.752286227428	1452.24626038133	1432.08561177005
3.07263518577526	26.1093179556215	21.3089325164909
6.22831456576066	61.5530552839781	38.2307318678219
14.2005572099343	101.325798698241	88.3693966125065
4.06916551629697	30.7088869218967	34.4703320119706
163.7631509824	1347.53842567847	1285.43001739185
26.0758769819846	237.013083203362	179.872459771556
3.32176776840569	39.3668990937091	26.9495323002679
72.4975815454541	523.945017834829	496.372780972377
11.2109662183692	96.3203854114118	73.9545304984097
655.716957483283	3817.37167912812	4513.10656033092
23.8336837383108	193.317178023746	172.978393369162
10.8787894415286	86.1742773975693	78.9683969728781
187.01552536124	1313.85334707252	1400.12221299532
183.444625010204	1251.21804026706	1262.86761825674
98.9886794984895	774.486245056647	769.628503830907
13.1209826852025	87.7976546797841	82.7287968287295
3.7369887394564	27.4621323574671	15.0415994234054
4.48438648734768	36.3907074096486	30.0831988468107
3.32176776840569	29.2207910798665	24.4425990630337
328.273699712692	2354.30290353202	2244.95871394325
14.7818665694053	163.555261183142	124.093195243094
4.65047487576796	36.3907074096486	33.2168653933535
18.2697227262313	146.103955399333	153.549660780596
413.975308137559	2698.05304304101	2828.44742490952
114.850120592627	807.900760782235	866.772166773734
5.73004940049981	41.6666835768467	46.3782648888332
46.0895277866289	374.594307871067	314.620121272895
61.1205269386646	465.232872794727	450.621249392852
370.626238759865	1969.83305052748	2681.165097222
136.441611087264	817.776305915709	910.643498425333
50.6569584681867	423.025063457142	392.335051627156
288.246398103403	2468.61572048798	2272.53497955283
211.513562653232	1943.72373257186	1632.01353743948
170.738863296052	1163.28510414709	1217.11608667722
161.022692573466	1192.10005090641	1238.42501919371
178.046752386545	1431.54820003309	1291.07061717563
30.8093960519627	354.031528963012	271.375522930605
41.1068761340204	294.507695281803	272.628989549222
9.13486136311564	54.7889832747497	51.3921313633016
48.3317210303027	332.792342854035	321.514187675289
74.5736864007077	564.394168450014	452.501449320778
17.0240598130791	128.111523854785	107.171395891763
7.39093328470265	46.5368154234911	66.433730786707
127.306749724148	908.685433719738	859.251367062031
29.4806889446005	264.881059881383	243.799257321028
286.668558413411	2027.59822548629	1935.97919245413
10.7127010531083	99.0260142151032	87.7426633031979
4.89960745839839	41.260839256293	29.4564655375022
51.6534887987084	485.525088822412	346.583520047632
17.2731923957096	152.191620207638	128.480328408254
97.6599723911272	621.347654767717	610.438243266534
238.170748994688	1378.51787548074	1657.08286981182
59.5426872486719	466.315124316203	383.560785296837
6.64353553681137	53.1656059925349	46.3782648888332
24.6641256804122	149.350709963762	153.549660780596
22.5880208251587	199.404842832052	167.337793585385
19.7645182220138	181.006566966951	141.014994594425
57.3835381992082	348.079145594891	427.432116948436
21.1762695235863	167.207860068125	127.853595098946
37.5359757829843	249.188412819973	282.656722498159
4.7335190699781	37.6082403713097	31.9633987747364
2.82350260314483	35.7143002087257	15.0415994234054
1137.62241648474	8016.23701957671	8182.0033530232
100.898695965323	482.143052817797	695.673973332498
41.4390529108609	384.740415884909	294.564655375022
2.65741421472455	29.0855096396819	20.6821992071824
124.317158732583	582.116037114193	809.112702317346
73.4941118759758	633.793547264697	525.20251320057
157.61788061085	1116.88357016379	1094.90309136205
17.52232497834	136.228410265859	141.641727903734
14.1175130157242	78.463235307049	96.5169296335177
24.2489047093615	204.816100439435	182.37939300879
315.48489380433	2194.67080411423	2157.84278394936
65.9370902028529	542.072730819561	441.220249753224
5.23178423523896	48.0249112655213	38.2307318678219
3.32176776840569	20.5627789080542	20.0554658978738
9.13486136311564	88.4740618807069	66.433730786707
2.57437002051441	33.5497971657727	26.9495323002679
10.2144358878475	91.9913793255057	73.9545304984097
16.1936178709777	132.846374261245	108.42486251038
43.0168926008536	124.864769290355	292.684455447096
2.98959099156512	26.7857251565443	17.5485326606396
4.65047487576796	55.8712347962262	43.2445983422904
9.13486136311564	81.4394269911094	62.6733309308556
8.38746361522436	13.3928625782722	63.9267975494728
196.565607695407	1347.67370711866	1460.28861068894
5.3148284294491	50.7305400692127	42.6178650329818
45.6743068155782	429.653854026185	335.302320480078
1.91001646683327	20.5627789080542	20.6821992071824
191.666000237008	1417.61421169408	1504.78667564984
336.495074939496	2210.22816973546	2425.45790702411
129.216766190981	888.934343452791	928.818764395281
74.158465429657	617.559774442549	508.907447158548
37.0377106177234	284.091024387591	261.974523290977
344.965582748931	2273.94572806239	2330.19444400921
160.524427408205	943.99388960791	1235.91808595647
22.5049766309485	142.721919394718	147.282327687511
100.898695965323	752.300088866378	713.849239302446
3.23872357419554	13.3928625782722	20.6821992071824
10.1313916936373	81.7099898714786	52.0188646726102
14.2005572099343	115.936194238174	95.2634630149006
20.9271369409558	157.738159255205	124.093195243094
39.3629480556074	316.423288591703	269.495323002679
35.04464995668	266.369155723413	221.23685818592
58.0478917528894	523.268610633906	414.897450762264
191.582956042798	1368.91289322764	1313.00628300143
116.67709286525	919.102104613949	894.34843238331
122.57323065417	1029.22119692419	842.956301020008
11.9583639662605	114.853942716698	86.4891966845808
77.0650122270119	676.271919482651	519.561913416793
71.0027860496716	571.293521899427	513.294580323708
22.4219324367384	156.520626293544	124.093195243094
146.406914392481	711.580375370823	1040.3772934522
92.843409126939	443.858405245565	580.981777729032
573.835381992082	4531.65768330263	4343.2618335083
92.3451439616781	690.341189261846	660.576908011219
3.57090035103611	26.5151622761752	28.8297322281936
11.9583639662605	91.4502535647674	87.1159299938894
1202.72906474549	5193.04864436498	9039.37452015731
16.359706259398	131.493559859399	115.318928912774
1.32870710736227	10.6872337745808	8.77426633031979
4.40134229313754	38.1493661320479	28.8297322281936
70.5045208844107	508.793496534157	495.11931435376
1.74392807841299	12.4458924969802	7.52079971170268
10.9618336357388	93.8853194880896	78.3416636635696
32.3872357419554	228.625633911919	219.356658257995
196.648651889617	1207.52213508745	1419.55094558388
112.358794766322	752.841214627116	720.74330570484
18.5188553088617	135.822565945305	129.107061717563
20.5119159699051	178.842063923998	149.162527615436
22.5049766309485	89.4210319619989	174.858593297087
9.21790555732578	68.7229716137601	73.3277971891011
113.023148320003	796.266556926362	749.573037933034
35.5429151219409	225.920005108227	230.637857825549
2.07610485525355	16.2337728221481	12.5346661861711
2.57437002051441	22.0508747500844	16.2950660420225
30.975484440383	252.164604504033	228.757657897623
13.8683804330937	86.3095588377539	84.6089967566551
61.0374827444545	453.869231819223	429.312316876361
5.64700520628967	67.7760015324682	61.4198643122385
10.5466126646881	80.8983012303712	88.3693966125065
125.894998422576	800.189718691715	893.721699074002
107.376143113714	905.979804916046	805.979035770804
52.3178423523896	464.827028474173	366.638985945506
29.5637331388106	262.716556838429	226.877457969697
75.2380399543888	521.239389031137	584.742177584883
13.8683804330937	142.316075074165	115.318928912774
3.23872357419554	32.3322642041116	35.7237986305877
187.513790526501	1454.00491910373	1266.00128480328
67.0166647275847	489.177687707395	525.829246509879
147.818665694053	1302.76026897738	1133.13382322987
58.4631127239401	82.9275228331397	340.942920263855
53.729593653962	33.8203600461418	307.099321561193
84.8711664827653	744.183202455304	656.816508155367
24.0828163209412	186.417824574334	155.429860708522
50.241737497136	428.436321064524	389.201385080614
127.638926500989	1047.89003566966	930.698964323206
22.2558440483181	175.05418359883	141.014994594425
234.765937032072	1622.70087501388	1615.09173808815
10.7127010531083	106.060649104701	71.4475972611754
2.74045840893469	21.3744675491616	17.5485326606396
57.3004940049981	412.067266802192	406.749917741253
34.3802964029989	284.226305827776	232.518057753474
14.6988223751952	101.055235817872	85.2357300659637
24.4980372919919	198.593154190945	176.112059915704
12.0414081604706	79.4102053883409	64.5535308587813
4.31829809892739	32.8733899648498	21.9356658257995
30.394175080912	262.581275398245	209.955658618366
70.7536534670411	585.768635999176	494.492581044451
31.1415728288033	277.056389497994	242.545790702411
2.57437002051441	17.3160243436246	23.1891324444166
8.55355200364464	78.5985167472335	56.4059978377701
201.963480319066	1523.5395793586	1442.11334471899
220.233203045297	1621.34806061204	1475.95694342165
141.507306934082	912.338032604721	1049.15155978252
5.3148284294491	4.87013184664442	47.0049981981417
88.8572878048521	760.011130956898	658.696708083293
42.7677600182232	282.87349142593	307.726054870501
26.1589211761948	236.742520322993	203.688325525281
15.4462201230864	159.226255097236	114.065462294157
135.112903979901	901.244954509586	998.386161728531
25.5776118167238	275.568293655963	188.646726101876
102.891756626366	826.434318087521	745.185904767874
4.48438648734768	47.8896298253368	39.4841984864391
3.40481196261583	33.2792342854035	31.9633987747364
130.960694269394	1142.72232523904	997.759428419222
107.874408278975	795.31958684507	794.69783620325
6.64353553681137	75.6223250631731	50.7653980539931
73.2449792933454	544.913641063437	527.709446437805
224.883677921065	1147.59245708568	1720.38293405199
