k4_temp10_1	k4_temp10_2	k4_temp10_3
4.91990507053548	4.35400999014071	4.77789272804285
4.60072758666415	4.35400999014071	4.51915845964268
9.02922734574955	8.99031937086209	8.95676193073621
8.75298828122423	8.84446850439863	8.48494274430477
9.54424710426339	9.5735994281962	9.38599580573076
4.75684678858143	4.80772795758361	4.86155065708976
4.87516675577019	4.7008127536671	4.50621940393518
9.96095806973253	9.97765295902593	9.77148598483272
3.81721940656091	3.91791087533404	4.37001502033687
9.05703310431473	9.16862728398381	8.93339065884988
4.68089793534813	4.88573046958489	4.89171262760001
8.93905011980218	8.97191658947678	8.81640229114945
4.32942556484676	4.51694856126692	4.34116015766469
5.07630662787804	4.8304480340837	4.92125690321403
4.68089793534813	4.47430422385842	4.70048822435724
4.42564088010606	4.28987965272099	4.55729358852945
9.08554089265104	9.15293957168117	8.8098356205456
6.48639491118515	6.66965182218064	6.46334759667417
9.72332142874674	9.7965929474293	9.62019615835883
4.64136957116149	4.79623231874579	4.59444658694692
4.91990507053548	4.96999938648249	5.0516535404697
5.09593543462698	4.91791087533404	5.32651338170028
7.09349638917556	7.13878706422311	6.94302471829627
4.61440252356122	4.89653722454147	4.94062222808096
9.53573824651534	9.54641002433884	9.36912198716636
5.03622918850271	5.0972345747786	5.19561931484933
7.87658603285553	7.80915849319005	7.67614440537749
4.75684678858143	4.84167528950695	5.03373163247244
4.81721940656091	4.7008127536671	4.95973105102866
4.80534530627262	4.74931127135829	5.1464317652218
7.64303839152211	7.56176706510877	7.63661604119086
5.21739894711264	4.98019515358838	5.45327052398622
5.5085338884544	5.53088775222479	5.4052904950844
4.55890741096952	4.47430422385842	4.77789272804285
4.57298259618124	4.65062699649889	4.38422887955657
8.61440252356122	8.6954079492263	8.39040367668454
8.03749860789027	8.17252270208284	8.03147565853207
4.94176450449921	4.86387103562115	5.03373163247244
8.66948027791844	8.82126111323731	8.49807316523354
4.44107092067566	4.72526579739164	4.689083461085
9.30380718667794	9.39887922725116	9.21513239421174
5.21739894711264	5.12506878297533	5.15474703343381
4.76912511835987	4.88573046958489	4.94062222808096
4.47144456971918	4.50287337605519	4.63066677485967
9.70186536481156	9.76450742898449	9.43076444956929
4.81721940656091	4.72526579739164	4.43972399214828
4.13440958244161	4.27339152993243	4.0516535404697
8.27234446963949	8.28268927451452	8.08030999909277
8.39130105663087	8.431290148471	8.17021015082161
4.34591368763532	4.36960684519173	4.58216825716848
4.29587300513572	4.96999938648249	4.59444658694692
6.05138899567371	6.08311346653395	6.08249094439229
4.47144456971918	4.6378029561413	4.92125690321403
8.88789026339083	8.91525642188806	8.80654104263317
4.47144456971918	4.32230113041337	4.86155065708976
4.36221549996442	4.44515787819891	4.66599984797195
4.90884988202648	4.72526579739164	5.25869799747271
5.19026281717513	5.1342287822608	5.26639238926271
9.53977501438084	9.61998167905406	9.3112515191138
4.3783351653277	4.68842902921127	4.82032799436324
4.1153007594939	4.15237612897106	4.34116015766469
2.27879949177679	2.87484215344215	3.10412096036384
4.80534530627262	4.54469355174982	4.83074461030859
4.44107092067566	4.4886595168355	4.38422887955657
4.07630662787804	3.85281584711215	4.03373163247244
9.27665102519821	9.26351179920577	9.09172335523162
8.27772565842547	8.31728305564675	8.06935554220316
4.48639491118516	4.47430422385842	4.479987862362
8.18912099278558	8.43036087627083	8.12965605247097
4.80534530627262	4.61180774760836	4.70048822435724
5.53753376017695	5.23132747036588	5.3983040647683
5.07630662787804	5.0972345747786	5.17123515622238
4.61440252356122	4.4886595168355	4.74522653912253
5.02603342139682	4.93897249086187	5.06053169181615
9.03559405970491	9.0097351387297	8.94961101130821
9.06390160698726	9.18854974152454	8.98209886405712
4.51583868907764	4.0972345747786	4.49316325110974
5.17188428786028	4.50287337605519	4.73417135061353
9.26802502018261	9.31828806790675	9.06990524502593
4.42564088010606	4.41541053480486	4.38422887955657
4.26152150034495	4.36960684519173	4.6186941331936
8.60928960016757	8.73206919242981	8.44566625726362
4.45633767732897	4.20548746543062	4.67758782224716
4.55890741096952	4.6248639004338	4.70048822435724
10.7132291515182	10.7913549878494	10.4933681648294
10.2187983991972	10.3488553107551	10.1750724535664
4.22633207188265	4.54469355174982	4.59444658694692
4.58692178713912	4.41541053480486	4.18753696855148
4.22633207188265	4.40030364241465	4.18753696855148
9.19709485065755	9.22007937334422	9.11960238780705
2.34591368763532	2.47430422385842	2.75619765694353
5.10565058946018	5.10657243935794	5.29676603830623
7.55359361107306	7.62161092263872	7.50621940393518
4.78129983230597	4.59863235886063	4.73417135061353
5.00542314172153	4.86387103562115	4.76708597308627
9.65135365973411	9.62486390043381	9.43290272629226
5.19936502428238	5.2980535841667	5.23536549364209
7.75221533984979	7.81344160877801	7.66163024834419
9.92916744121738	9.9510099305266	9.67722710339521
9.2964033102477	9.24460471335784	9.04886787626982
4.7319721199424	4.68842902921127	4.95973105102866
4.66784178252268	4.66333804824844	4.77789272804285
4.31274682370012	4.6248639004338	3.84108655453005
9.77978359985859	9.7918977284819	9.6239443938808
4.1153007594939	4.45980465416331	4.56978453271265
4.61440252356122	4.33824267428239	4.91147588242144
4.76912511835987	4.67593808502808	4.50621940393518
9.49658413199769	9.50860799162646	9.25193157616718
4.07630662787804	4.20548746543062	3.95973105102867
5.33769318083035	5.289879652721	5.45999638717454
5.06639115901296	5.22276545686246	5.12119447372278
9.91680435164206	9.9677594247846	9.75551440093223
5.05640707044034	5.08783587677635	4.94062222808096
9.59771883679181	9.526980948162	9.56394286577232
5.6612691285992	5.81913272085586	5.71742808677896
4.61440252356122	4.45980465416331	4.15474703343381
4.90884988202648	4.71309108344554	4.89171262760001
3.71937208316277	3.98019515358838	3.79926637883542
4.15326860969293	3.93897249086187	4.01558428576218
7.40218190728207	7.43777834783331	7.48164138121452
9.46391089703377	9.58658733245663	9.30799329372949
4.78129983230597	4.57191502048484	4.51915845964268
4.45633767732897	3.73733862969222	3.73417135061353
4.27879949177679	4.22276545686246	4.18753696855148
4.17188428786027	4.44515787819891	3.95973105102867
5.60758125770521	5.98019515358838	5.78861913463591
5.67438462838946	5.68842902921127	5.74522653912253
4.44107092067566	4.00037303552601	4.3983040647683
8.95593183642581	8.99220977738837	8.75483082117963
3.99500652577619	4.07837554752728	4.25096234869311
4.57298259618124	4.51694856126692	4.91147588242144
4.44107092067566	4.77296253942294	4.58216825716848
4.69383699105563	4.95973105102866	4.92125690321403
8.90119999885803	9.0913675677466	8.72163215495319
8.05138899567371	8.23771579832843	7.89046838859155
4.61440252356122	4.68842902921127	4.99720575644733
7.43144650178726	7.38503688576133	7.2529001529346
3.90884988202648	3.8304480340837	4.03373163247244
4.71937208316277	4.73733862969222	4.3556597273598
9.19311343071053	9.25828463754222	9.00986610530409
4.79337266460654	4.91791087533404	4.97859007827998
9.31274682370012	9.44101153800874	9.14591046619503
7.8023614478338	7.92056045374799	7.7300037163983
9.44059122157203	9.48597875723934	9.27309148274991
4.13440958244161	4.11585025294595	4.29676603830623
8.17303983060598	8.225982169546	7.93821573037386
8.90329035668458	9.02150724861536	8.77519861887359
9.8183276091817	9.91425974133658	9.66490868817642
4.91990507053548	4.7008127536671	4.74522653912253
9.8348493005827	9.9529525183976	9.51996331045345
4.1153007594939	4.6248639004338	4.37001502033687
4.94176450449921	4.7008127536671	5.11268297386726
5.13440958244161	5.22276545686246	5.18753696855148
5.04635340577642	4.80772795758361	5.12965605247097
9.05703310431473	8.98589876539584	8.90779083561359
9.30433458388392	9.33725147187934	9.0895563326073
5.09593543462698	4.81913272085586	5.09550783005913
4.64136957116149	4.51694856126692	5.01558428576218
4.66784178252268	4.41541053480486	4.3556597273598
4.22633207188265	4.35400999014071	4.25096234869311
4.64136957116149	4.17029803696832	4.77789272804285
4.86376199249794	4.76118537164658	4.90162809646509
8.5518179861832	8.60852516361906	8.23732434668015
4.32942556484676	4.33824267428239	4.43972399214828
10.402920803606	10.470692970306	10.2685490635898
4.36221549996442	4.3061814650501	4.29676603830623
9.81758890202737	9.83817614871595	9.62730949981701
4.64136957116149	4.66333804824844	4.67758782224716
4.26152150034495	4.41541053480486	4.55729358852945
4.54469355174982	4.71309108344554	4.99720575644733
9.87125652904487	9.86868116881548	9.59673718553484
5.53033825877275	5.39269045830477	5.17123515622238
9.19538987306196	9.3197942748028	9.2106527441168
5.28736150528021	5.11585025294595	4.74522653912253
9.09715341278365	9.15631561465912	9.07867212375217
9.71144080952655	9.80522110197304	9.45158414735834
5.02603342139682	4.88573046958489	4.96919138027773
4.29587300513572	4.44515787819891	4.3983040647683
3.90884988202648	4.1342287822608	4.18753696855148
4.41004402505504	4.43036087627083	4.3983040647683
9.35561508882762	9.43962677222568	9.09766593822654
9.11229200962157	9.08252207687988	8.88672922008576
8.60415849206442	8.76192426797049	8.47998786236201
9.36322827293749	9.36085437118277	9.15007559370991
8.04130017805013	8.09957471323311	8.04159987580578
9.02603342139682	9.06646222598378	8.88610508205271
9.06327854714562	9.1141152015752	8.84108655453004
4.31274682370012	4.03990139971265	3.90162809646509
9.85370832783402	9.90559287815002	9.60396684744704
5.07630662787804	4.93897249086187	4.77789272804285
9.95693848494267	10.0295068577367	9.8118087620078
4.71937208316277	4.68842902921127	4.689083461085
4.41004402505504	4.50287337605519	4.41224325572617
4.22633207188265	4.36960684519173	4.32651338170028
4.41004402505504	4.40030364241465	4.71180353758508
4.50119191311323	4.44515787819891	4.45327052398622
5.32111029663475	5.08783587677635	5.27404596180615
4.24403407361611	4.45980465416331	4.086842968932
9.26586043606929	9.25093464690947	9.11641293542279
9.68980598803951	9.76192426797049	9.35971161186689
4.51583868907764	4.40030364241465	4.46669103974855
8.97593255011393	8.75303243679736	8.78460607212928
7.09105321324723	7.10424363329797	6.86155065708976
8.32631295297942	8.49133530438627	8.26062544604383
8.23742125054445	8.20004538036238	8.18246241164563
4.32942556484676	4.45980465416331	4.51915845964268
4.3783351653277	3.98019515358838	4.479987862362
5.47144456971918	5.34614787236774	5.21959817778378
9.90259390721854	9.91392736141554	9.72617277982021
7.00282603023549	7.16583838877762	6.95973105102866
4.15326860969293	3.89653722454147	4.59444658694692
7.04635340577642	7.16806993607621	7.14225608925061
6.22633207188265	6.32230113041337	6.23536549364209
4.62794905539917	4.54469355174982	4.77789272804285
4.97394491024837	4.90726363113453	4.88172853902739
9.43337652888566	9.56896256651297	9.24415946287393
4.29587300513572	4.11585025294595	3.79926637883542
4.24403407361611	4.05926672457958	3.92125690321403
4.31274682370012	4.32230113041337	4.3983040647683
6.09593543462698	6.3302939211669	6.10840831876694
8.44967834121476	8.59697694268256	8.27975961300054
4.94176450449921	4.84167528950695	4.85135488998387
4.1153007594939	3.95973105102866	4.41224325572617
7.94311978411122	8.13992438792481	7.68621812739061
4.69383699105563	4.8304480340837	4.95973105102866
10.184544636717	10.190197594406	10.008146222278
9.28201620446033	9.38886874735236	9.0121560979133
4.66784178252268	4.33824267428239	4.75619765694353
6.24842584273327	6.21415232655775	6.37001502033687
4.58692178713912	3.93897249086187	4.41224325572617
4.53033825877275	4.47430422385842	3.86155065708976
8.64053443652695	8.73432987981988	8.50784314641485
9.54781482179321	9.57486144464135	9.45663737508462
4.32942556484676	4.27339152993243	4.3983040647683
8.78432752500354	8.83255981056355	8.64475642977979
9.07197699320889	9.20820082910592	8.95735624384076
8.98451415195855	9.02274084855447	8.97741858406954
7.517659124702	7.47430422385842	7.45831785872354
8.77370268446641	8.93766510967508	8.58755288900513
8.35510611191605	8.54297503452352	8.19863855914813
5.32942556484675	5.41541053480485	5.41916266966596
6.20841016388539	6.25251280025651	6.03373163247244
8.75838730665721	8.83677411260863	8.53038571506594
4.76912511835987	4.66333804824844	4.77789272804285
4.75684678858143	4.54469355174982	4.65431804292432
3.05640707044034	3.22276545686246	2.95973105102866
10.2598910292267	10.2556639373831	10.1953674257102
5.16260647427226	5.04961655454586	5.17940908766807
4.70666103141321	4.94938910680721	4.95973105102866
4.98451415195855	4.98019515358838	5.16301464941741
4.62794905539917	4.38503688576133	4.51915845964268
5.48639491118515	5.46707265462735	5.4260490552512
5.53033825877275	5.22276545686246	5.64844147658765
8.16841209595347	8.22812266703197	8.00527518642321
4.31274682370012	4.72526579739164	4.32651338170028
4.68089793534813	4.90726363113453	5.03373163247244
3.58692178713912	3.35400999014071	3.88172853902739
5.21739894711264	4.96999938648249	5.23536549364209
4.66784178252268	4.35400999014071	4.79926637883541
3.27879949177678	3.50287337605519	3.32651338170029
4.76912511835987	4.59863235886063	4.98792794285932
4.45633767732897	4.20548746543062	4.21959817778378
9.10806919026283	9.16806993607621	8.86915047294792
9.67683056574994	9.63659483740422	9.59978567064353
6.46391089703377	6.53088775222479	6.5029664261401
4.70666103141321	4.6378029561413	4.55729358852945
4.64136957116149	4.76118537164658	5.12965605247097
4.51583868907764	4.51694856126692	4.76708597308627
5.02603342139682	4.33824267428239	5.06935554220316
4.99500652577619	4.61180774760836	4.58216825716848
8.54915044451557	8.32430348332452	8.39742837731143
4.61440252356122	4.58533553624717	4.25096234869311
5.91438806556791	5.53088775222479	5.75619765694353
8.05515418713025	8.02274084855447	7.96328594820529
4.36221549996442	4.22276545686246	4.17123515622237
9.1649315272185	9.1135363871077	8.98967208376192
5.10565058946018	4.73733862969222	4.90162809646509
4.94176450449921	5.05926672457958	4.96919138027773
4.27879949177679	3.93897249086187	4.15474703343381
5.11530075949391	5.3382426742824	5.48659059718625
9.23465693653358	9.26194563834175	9.02241631924461
8.9451503193386	9.04598103382935	8.67469954292234
4.3783351653277	4.61180774760836	4.95020827691016
9.42224344698468	9.45478657939668	9.25047749066775
7.9240290229602	7.86387103562115	7.8954389190583
8.528533761926	8.59945935518071	8.45242758207449
4.07630662787804	4.36960684519173	4.23536549364209
8.65714596191478	8.62405134336311	8.35023945157555
4.39427670919672	3.95973105102866	3.92125690321403
6.19482109913743	6.1342287822608	6.22750337586912
8.79337266460654	9.01532337699198	8.78125330501286
5.19026281717513	5.19677024832951	5.19561931484933
7.16027766821229	7.27959667945914	6.95973105102866
4.44107092067566	3.87484215344216	3.75619765694353
9.33253147571457	9.43361071361808	9.15733575661339
4.61440252356122	4.51694856126692	4.70048822435724
4.13440958244161	3.80772795758362	3.95973105102867
9.07692408778085	9.09195534328575	8.78259534700814
8.72489814479536	8.80915849319005	8.53596674732924
5.58692178713912	5.66333804824844	5.53835202487599
9.80273476781023	9.82833316191281	9.65797877830864
10.047928916516	10.081042541276	9.84975527230043
6.64470528372475	6.64743165733908	6.57598968223936
5.21739894711264	5.3302939211669	5.3983040647683
4.68089793534813	4.41541053480486	4.41224325572617
11.0960877381416	11.1328013605149	10.9163746818343
4.7444630641256	4.91791087533404	4.70048822435724
4.41004402505504	4.41541053480486	4.66599984797195
9.19652674864553	9.2483005489696	9.04439959537429
9.21403471307926	9.31929238054104	9.09766593822654
4.8406783793849	4.88573046958489	5.0516535404697
5.32111029663475	5.49578395126887	5.46669103974855
5.62119168922386	5.50992813358914	5.62469287381504
4.54469355174982	4.33824267428239	4.46669103974855
9.93769100991279	10.0441598321894	9.77249946927263
9.77446420205648	9.82267829904959	9.59521052397345
4.44107092067566	4.41541053480486	4.689083461085
5.16260647427226	5.40030364241465	5.34842815812873
4.42564088010606	4.51694856126692	4.689083461085
6.01060338082721	5.95973105102867	5.86662164663718
9.21571781073182	9.20168016245332	8.99778364351329
8.91438806556791	8.95844235506009	8.67397656869479
4.39427670919672	4.0972345747786	4.10412096036383
9.32838877354027	9.42197038065443	9.05109683776517
4.80534530627262	4.74931127135829	4.63066677485967
9.14740160266093	9.16136491219832	9.086842968932
5.18110281788965	5.20548746543062	5.01558428576218
9.07445266098222	9.1602443723044	8.88860001573268
4.34591368763532	4.2398389702214	4.34116015766469
9.41493617976281	9.4584378183994	9.1650741715957
9.220196495092	9.21846531942883	9.13701944088446
8.76759602967312	8.89720996647061	8.465855905114
9.01833902960682	9.10889749230418	8.78125330501286
3.90884988202648	3.55836848864689	3.77789272804285
4.61440252356122	4.54469355174982	4.79926637883541
9.28201620446033	9.44515787819891	9.0895563326073
4.07630662787804	4.17029803696832	3.43972399214828
9.9164594155876	9.93012458894334	9.74591468368167
9.36170884674029	9.3574362395157	9.27642940038045
9.17014923648953	9.19458268909175	8.85582440685197
6.44107092067566	6.18800003870178	6.23536549364209
4.68089793534813	4.68842902921127	4.98792794285932
8.09593543462697	8.12621696850421	7.83333705492511
5.04635340577642	4.59863235886063	4.49316325110974
9.55979114455972	9.57317851060287	9.51593455876839
5.91438806556791	5.64422922530074	5.52558472880211
9.35051722118794	9.37154464943322	9.16095218296051
9.64220422264031	9.70119803742981	9.51351189650154
5.31274682370012	5.22276545686246	5.21959817778378
4.22633207188265	4.25671278878579	4.31171637977221
4.8406783793849	4.74931127135829	4.82032799436324
9.33304847806409	9.27804789236365	9.16815795269336
4.31274682370012	4.0972345747786	4.56978453271265
9.7614634166518	9.76340092627841	9.68944122799095
9.91092919303867	9.95230527969635	9.74178088417466
8.85442877481073	8.90525849524415	8.59978567064353
4.19026281717513	4.57191502048484	4.37001502033687
9.75684678858143	9.84760442046681	9.52357959291174
6.0614077514987	5.91791087533404	5.86155065708976
9.2728834926388	9.3317876521451	8.96978059614906
4.86376199249794	4.73733862969222	4.72303079300833
9.28842819297456	9.33377689071036	9.14330114184313
5.13440958244161	4.89653722454147	5.06935554220316
9.05890957764351	9.15237612897106	8.88298033523685
13.3709273767697	13.363290945045	13.2640523481336
6.07135741190631	5.98019515358838	6.21562927558083
12.4477700141629	12.4904439265137	12.3215017186694
5.75684678858143	5.67593808502807	5.63066677485967
5.6612691285992	5.38503688576134	5.61267034556583
10.0635901107017	9.99723878480188	9.86028011976336
4.62794905539917	4.66333804824844	4.78861913463591
4.09593543462698	4.03990139971265	4.15474703343381
8.41004402505504	8.43777834783331	8.50621940393519
9.96196121848604	10.0122214728925	9.83074461030859
4.41004402505504	4.15237612897106	3.88172853902739
4.42564088010606	4.59863235886063	4.34116015766469
8.9383707249034	8.98589876539584	8.80654104263317
3.9525712594558	3.55836848864689	3.86155065708976
9.70745876161927	9.74258889037942	9.58947111165296
4.88648206899803	5.17029803696832	5.12965605247097
6.46768265092298	6.57528187158324	6.48988066712044
9.62246110861143	9.61753435863531	9.46835986010917
9.43385863249613	9.47430422385842	9.41224325572617
4.015765085943	4.00037303552601	4.13806829228717
4.36221549996442	4.35400999014071	4.46669103974855
9.19709485065755	9.2060305465742	9.03316796962452
8.96262959702053	9.06944979184928	8.73139426594296
9.54380051857931	9.67554599505667	9.4260490552512
6.69061309018134	6.86936702337601	6.49970609697651
4.94176450449921	5.02027259296372	5.07812575183089
10.0419328003102	10.0907795526413	9.84719218916413
5.42564088010606	5.35400999014071	5.33385535704145
9.16783258397906	9.24777315176362	9.08521249781377
4.32942556484676	4.43036087627083	4.41224325572617
5.02603342139682	4.93897249086187	4.93097205804724
9.36069500619197	9.42103508399873	9.26687192891841
9.61355162702173	9.6973405617603	9.48411811150673
3.69383699105563	3.41541053480485	3.59444658694691
4.87516675577019	4.61180774760836	4.54469355174982
8.8253265264642	8.96743914616393	8.63884070630537
10.002176021195	10.0174907484236	9.87262038725863
7.56420171063904	7.72678043799364	7.50133718255544
4.58692178713912	4.67593808502808	4.66599984797195
4.82899657433726	4.67593808502808	5.0516535404697
7.21066261561677	7.23771579832843	7.18956180402896
2.69383699105563	2.53088775222479	3.10412096036384
10.0336869939403	10.1106388263006	9.80191595724937
5.93087618835648	5.96999938648249	5.8098356205456
8.10201506874368	8.30719423802317	8.17736994239448
3.79337266460655	3.98019515358838	3.84108655453005
8.32215232993457	8.49933301834995	8.1328163933643
4.70666103141321	4.54469355174982	5.02468649286943
3.86376199249794	3.6378029561413	3.94062222808096
9.81388968194706	9.86627810691872	9.70615697444394
4.47144456971918	4.38503688576133	4.64254087514797
9.35408761908102	9.39602617086803	9.15630082468889
9.24897387504409	9.31123823517951	9.08140088386376
4.47144456971918	4.66333804824844	3.95973105102867
5.03622918850271	5.21415232655775	5.22750337586912
9.33304847806409	9.36280395937255	9.17021015082161
3.97394491024836	4.03990139971265	3.95973105102867
9.46485476035883	9.56431075376224	9.38467081401887
9.33717784057094	9.46933641633596	9.14538897873557
4.95257125945579	4.6378029561413	4.54469355174982
5.94176450449921	5.92320517500355	5.83592484941426
8.79487468977178	8.83747530097767	8.7376352059171
9.760310643885	9.76598144703445	9.68119005892736
3.76912511835987	3.87484215344216	4.086842968932
4.51583868907764	4.81913272085586	5.086842968932
5.8348493005827	5.99031937086209	5.86662164663718
4.31274682370012	4.15237612897106	4.28165914591603
5.35408761908102	5.2398389702214	5.49316325110974
4.29587300513572	3.89653722454147	4.60662130089302
7.66784178252268	7.6992705888587	7.43972399214827
9.67683056574994	9.80378665488406	9.45621694814273
5.17188428786028	4.98019515358838	5.23536549364209
4.7319721199424	4.33824267428239	4.63066677485967
8.37733294573832	8.49222613185568	8.37625082213305
8.00542314172153	7.87210718572091	7.82554570363427
8.77370268446641	8.71385502047207	8.82879721513206
8.93701097452858	8.81486649288484	8.7589274496991
5.8348493005827	5.76708597308627	5.83592484941426
9.24238370732644	9.2483005489696	9.07045473847796
9.14975126937069	9.25566393738308	9.00929303874606
4.1153007594939	4.00037303552601	3.51915845964268
9.93701097452858	9.92782180307392	9.80522110197304
5.02603342139682	4.81913272085586	4.89171262760001
9.88471989088607	9.90291564232556	9.7448823437157
9.94650242350588	9.95036181953597	9.68979890619804
9.66414834987878	9.71881077525434	9.55297472683362
10.3425797539622	10.3557241319508	10.1923413206869
9.50899152368136	9.54383454902073	9.32421133072375
5.09593543462698	5.12506878297533	5.19561931484933
8.90607279735591	8.97701670982448	8.64327977147187
5.08615441383439	5.21415232655775	5.37713945477025
4.78129983230597	4.91791087533404	5.086842968932
9.01060338082721	9.1342287822608	8.82554570363427
4.7444630641256	4.66333804824844	4.689083461085
4.99500652577619	4.71309108344554	4.79926637883541
4.76912511835987	4.4886595168355	4.53198250000026
4.88648206899803	4.68842902921127	4.76708597308627
10.2723444696395	10.3562135129056	10.138854430736
4.97394491024837	5.11585025294595	4.8098356205456
9.00736791178582	9.10132732941248	8.85837221332586
8.17188428786027	8.18249145987913	7.95735624384076
3.9525712594558	3.53088775222479	3.51915845964268
6.00542314172153	5.77296253942294	5.88172853902739
3.88648206899803	4.15237612897106	3.94062222808096
6.45253610716912	6.45980465416331	6.479987862362
9.31797967325607	9.45478657939668	9.08738605007558
4.19026281717513	4.11585025294595	4.21959817778378
4.29587300513572	4.41541053480486	4.50621940393518
4.88648206899803	4.76118537164658	5.02468649286943
8.18454463671704	8.21415232655775	8.12860106519114
4.54469355174982	4.38503688576133	4.3983040647683
7.20163163125432	7.28782891315624	7.17736994239448
3.90884988202648	3.89653722454147	3.90162809646509
9.45681217002882	9.49711587477405	9.16352980565959
9.62794905539917	9.68648443390286	9.40833645166338
9.67316010288868	9.71576309513308	9.58563211247205
4.8406783793849	4.65062699649889	4.96919138027773
7.67764495755304	7.78609794161207	7.60662130089302
4.57298259618124	4.61180774760836	4.55729358852945
9.07877488346879	9.15856192891735	8.90656039200733
9.25280428324384	9.37154464943322	9.10947817053334
9.31117326051098	9.38839032087115	9.13701944088446
8.96262959702053	9.00786757207293	8.73694309986359
4.26152150034495	4.71309108344554	4.56978453271265
3.99500652577619	4.03990139971265	4.13806829228717
8.79937140522799	8.86662164663718	8.58216825716848
4.75684678858143	4.88573046958489	5.00642428647671
4.65466639377495	4.40030364241465	4.34116015766469
5.12488680832311	5.21415232655775	5.48659059718625
4.7444630641256	4.85281584711215	5.10412096036384
9.03622918850271	9.16136491219832	8.8098356205456
8.9410863869587	9.12564298996435	8.76708597308627
6.31693462066356	6.25251280025651	6.22750337586912
8.82606128331272	8.79695348598944	8.81640229114945
10.1637694691284	10.134514097211	10.0072855112804
4.78129983230597	4.94938910680721	4.94062222808096
4.26152150034495	4.44515787819891	4.70048822435724
3.81721940656091	3.85281584711215	3.95973105102867
4.65466639377495	4.50287337605519	4.64254087514797
9.13262884363389	9.22169162351114	9.14330114184313
5.2352102232291	4.93897249086187	5.086842968932
4.20841016388538	4.25671278878579	4.37001502033687
10.0324142148185	10.0392920248183	9.86472211372169
4.81721940656091	5.0972345747786	5.04272041569969
3.61440252356122	3.66333804824844	3.66599984797195
9.08185427640076	9.11989060977203	9.00871974446437
7.65466639377495	7.73432987981988	7.47335477002955
9.70745876161927	9.7214722242332	9.47916039171076
5.10565058946018	5.17029803696832	5.09550783005913
5.02603342139682	5.02027259296372	5.3117163797722
4.60072758666415	4.51694856126692	4.46669103974855
4.13440958244161	4.32230113041337	4.34116015766469
5.58692178713912	5.54469355174982	5.66017076916976
9.02283241045218	9.07243118377803	8.88047565571731
8.86017943530338	8.92848011704423	8.59749991092447
9.06701287634251	9.08724642016309	8.85646178041696
10.0567201213347	10.0992824034275	9.86218550640292
4.20841016388538	4.20548746543062	4.06935554220316
4.70666103141321	4.81913272085586	4.89171262760001
4.3783351653277	4.32230113041337	4.67758782224716
4.91990507053548	5.07837554752728	5.0516535404697
3.79337266460655	3.85281584711215	4.28165914591603
4.66784178252268	4.50287337605519	4.76708597308627
9.41835084417558	9.46616615441475	9.11214933411977
4.19026281717513	4.28987965272099	4.15474703343381
4.68089793534813	4.85281584711215	4.479987862362
9.48593005052674	9.52958665935961	9.32651338170029
7.53753376017695	7.75822599616604	7.4243305380249
4.8406783793849	4.90726363113453	4.78861913463591
4.51583868907764	4.45980465416331	4.34116015766469
8.25934712911061	8.35204847380743	8.08792892686125
5.43337652888566	5.43036087627083	5.46669103974855
10.1110867505365	10.1822154780436	9.89605903299043
9.9679655070917	10.105699577554	9.69835668734174
8.93428762300561	9.03990139971265	8.64327977147187
5.08615441383439	4.77296253942294	5.086842968932
9.06078361346566	9.17474394199952	8.85391059488763
4.7444630641256	4.50287337605519	4.54469355174982
5.81129457260381	5.88029658353426	5.76708597308627
4.015765085943	4.25671278878579	4.3983040647683
6.90050253931296	6.9493891068072	7.13596982640318
8.82164711860172	9.03929202481831	8.59291749826017
9.37432210282108	9.47295106286422	9.35204847380742
5.14386991169068	5.11585025294595	4.97859007827998
9.86233003700481	9.86902413685249	9.83268938037287
4.54469355174982	4.3061814650501	4.34116015766469
5.19936502428238	5.19677024832951	5.16301464941741
9.29905191580323	9.29141579665412	9.17532791085626
9.05201721037595	9.07183539808264	8.97213505614268
6.04635340577642	6.08311346653395	6.09550783005913
9.49981112336908	9.57570217604096	9.29582647784262
7.03622918850271	7.20765856447225	6.75619765694353
4.64136957116149	4.33824267428239	4.479987862362
5.8580256229488	6.00037303552601	5.63661604119086
9.06452439786285	9.14899084378642	8.97213505614268
7.92950935259258	8.08901406797363	7.82424304436663
4.34591368763532	4.2398389702214	4.20365663391475
2.58692178713912	2.58533553624717	2.71180353758508
9.85226635366011	9.89754621983208	9.67542215502905
4.27879949177679	3.80772795758362	4.17123515622237
8.84575957471853	8.85904481115081	8.76437158838923
7.83046198334176	7.91259707543757	7.80720056037763
7.71144080952654	7.78173274905067	7.54469355174982
8.56243910193977	8.69153494007909	8.30426057485316
10.1432804550774	10.2241066255385	9.927033163333
2.97394491024837	3.03990139971265	2.51915845964268
4.7444630641256	4.78464434447057	4.91147588242144
4.36221549996442	4.36960684519173	4.43972399214828
9.58822170767237	9.65540677461222	9.479987862362
9.79524995184721	9.83887665615428	9.70297104372509
9.13262884363389	9.24036927533338	9.03542130087665
8.47706911891306	8.44239497590368	8.56978453271265
4.97394491024837	4.88573046958489	5.11268297386726
5.41004402505504	5.74333737031366	5.63066677485967
6.3982347227654	6.14333098936805	3.95973105102867
5.7319721199424	5.1342287822608	2.99720575644733
9.95055114938354	9.92782180307392	9.8091773065753
9.82495900766438	9.86180463033941	9.74694628547099
5.08615441383439	5.21415232655775	4.97859007827998
9.50532637076468	9.40976397166371	9.36420039906275
5.67438462838946	5.36182949460001	5.55729358852945
5.27018636147208	5.0972345747786	5.12119447372278
9.35561508882762	9.42009918059848	9.2944159888521
5.50119191311323	5.38503688576134	5.73417135061353
6.88366154993564	6.87210718572091	6.86155065708976
6.41395907505842	6.31828806790675	6.45999638717454
8.32006751014852	8.32829987103482	8.35475776106541
5.8921066181919	5.64422922530074	5.98326656548945
8.66291510144276	8.64503049998997	8.63958149966742
7.9525712594558	7.72526579739164	7.7792378983416
5.82312000800059	5.81344160877801	6.06053169181616
8.81795830288481	8.77808497203553	8.65138275189977
4.19026281717513	4.40030364241465	3.90162809646509
6.70984930904426	6.631347934004	6.61267034556583
4.44107092067566	4.32230113041337	4.23536549364209
5.91438806556791	6.02520488850595	5.89667888049336
5.97923920991788	5.74333737031366	5.79926637883542
4.99500652577619	5.08783587677635	5.086842968932
5.12488680832311	5.04961655454586	5.30426057485316
4.95257125945579	5.06885277340878	4.98792794285932
4.90884988202648	4.79623231874579	4.85135488998387
5.4789391062661	5.2980535841667	5.47335477002956
9.27611340825854	9.30161516780809	9.15422873091669
9.25771419736765	9.166396599286	9.06274271913151
5.06639115901296	4.93897249086187	4.91147588242144
4.7444630641256	4.17029803696832	4.50621940393518
9.44967834121476	9.42663779022811	9.41873117720248
4.95257125945579	4.6248639004338	4.60662130089302
4.88648206899803	4.80772795758361	4.93097205804724
6.59384120107891	6.53780716616458	6.50621940393518
5.99500652577619	5.74333737031366	5.73970953415496
5.10565058946018	5.3302939211669	5.18753696855148
10.354087619081	10.30997570334	10.1885497415245
10.0362291885027	9.97478762533154	9.8754532136009
6.71620480408408	6.63457905526702	6.67469954292233
7.46391089703378	7.27546287995212	7.38422887955657
5.96329766604886	5.94938910680721	6.086842968932
6.04130017805013	5.79044996615178	6.09118190465634
6.54111809752599	6.38503688576134	6.48329300708568
5.4789391062661	5.2398389702214	5.4260490552512
6.32527392157629	6.32630306097087	6.44989579720557
6.07630662787804	6.27339152993243	6.31171637977221
9.86053809162365	9.89181922674351	9.77013356379073
5.41786352951434	5.48865951683549	5.70048822435724
6.09105321324723	6.19677024832951	6.24707891420588
4.78129983230597	4.88573046958489	4.89171262760001
5.29587300513573	4.77296253942294	5.53835202487599
6.20841016388539	6.26923988666196	6.12965605247098
6.1579450969024	6.06885277340878	6.06935554220316
5.03622918850271	5.00037303552601	5.18753696855148
4.64136957116149	4.5583684886469	4.79926637883541
4.88648206899803	4.50287337605519	5.04272041569969
7.98187909179058	7.89922631206911	7.96328594820529
6.83776678396499	6.71919128298195	6.86408837989166
9.72292698033939	9.70235327174288	9.65064799505125
5.96329766604886	5.80772795758361	5.95020827691016
4.76912511835987	4.73733862969222	5.0516535404697
4.71937208316277	4.84167528950695	5.03373163247244
4.3783351653277	4.33824267428239	4.4260490552512
6.88366154993564	6.81913272085586	6.8487946496653
6.2352102232291	6.22276545686246	5.91147588242144
4.85226635366011	4.87484215344215	4.99720575644733
9.29374983324276	9.18909923497659	9.05387820558422
5.03622918850271	5.04961655454586	4.99720575644733
4.45633767732897	4.11585025294595	3.75619765694353
4.68089793534813	4.20548746543062	4.75619765694353
9.65920901823787	9.64101966882484	9.50946506343884
3.01576508594299	3.2567127887858	3.06935554220316
5.25280428324384	5.48149972526263	5.39128363709052
5.81721940656091	5.89653722454147	5.9016280964651
9.05327281971621	8.95650715015438	8.9490134983401
5.27018636147208	5.36960684519173	5.45999638717454
9.78092092356029	9.83326304969075	9.71848025289406
7.53033825877275	7.3102282981128	7.48329300708568
4.81721940656091	4.77296253942294	4.92125690321403
10.9050300108697	10.8373000358325	10.763862072212
6.37029784626228	6.31426381134796	6.07812575183089
7.71144080952654	7.60028587771314	7.60054678648333
10.285759993507	10.2504082119316	10.2143867511384
7.02858912630058	6.9493891068072	7.00182238451769
4.95257125945579	4.90726363113453	4.65431804292432
5.92540105829033	5.73733862969222	5.91637468183428
4.3783351653277	3.91791087533404	4.23536549364209
4.51583868907764	4.27339152993243	4.21959817778378
4.1153007594939	4.17029803696832	3.90162809646509
9.09897845419197	9.1141152015752	8.92854939578038
4.85226635366011	4.8304480340837	4.79926637883541
4.39427670919672	4.4886595168355	4.28165914591603
4.57298259618124	4.67593808502808	5.02468649286943
4.90884988202648	5.08783587677635	5.04272041569969
4.36221549996442	4.20548746543062	4.46669103974855
3.20841016388539	2.8304480340837	3.56978453271265
7.75530462377302	7.78027474484281	7.479987862362
5.15326860969292	5.20548746543062	5.33385535704145
9.03876691130461	9.01965486868072	8.77182389209293
4.79337266460654	4.65062699649889	4.74522653912253
7.8421319765264	8.04598103382936	7.77519861887359
8.12129950011535	8.1054085062243	7.97859007827998
4.1153007594939	4.41541053480486	3.90162809646509
8.7467931239175	8.84655987230421	8.69906754965762
4.41004402505504	4.15237612897106	4.21959817778378
9.20784650103747	9.19239180781894	9.09118190465634
3.76912511835987	3.73733862969222	3.46669103974855
9.18282475369091	9.22330207395657	8.98676400972568
4.54469355174982	4.53088775222479	4.60662130089302
9.97923920991788	10.0078675720729	9.80191595724937
4.36221549996442	4.40030364241465	4.21959817778378
9.56815972420772	9.68297754348789	9.38511261314677
4.69383699105563	4.27339152993243	4.54469355174982
5.18110281788965	5.289879652721	5.10412096036384
9.80683492441311	9.82833316191281	9.68585956021071
3.69383699105563	3.44515787819891	3.94062222808096
7.15560874814744	7.31224746574945	7.22947292571889
9.36727227009384	9.48194825473644	9.10358414359824
3.97394491024836	3.68842902921128	3.86155065708976
9.41640059711835	9.50198910079558	9.25386807986852
4.96329766604886	4.79623231874579	4.59444658694692
4.15326860969293	3.8304480340837	4.06935554220316
9.04761395198233	9.0972345747786	8.84108655453004
8.89561085853728	8.8843739156148	8.68478332365137
4.81721940656091	4.86387103562115	4.86155065708976
9.56552225539109	9.69849888782886	9.31589339905426
5.10565058946018	5.1342287822608	5.27404596180615
9.39625707332496	9.35253910297076	9.07867212375217
6.65797153849862	6.47790646053862	6.4700267523118
6.35408761908102	6.58533553624717	6.42260997128443
8.28308685017988	8.40125247180819	8.19158380161418
5.03622918850271	5.03990139971265	5.21164942466828
4.015765085943	4.17029803696832	4.53198250000026
9.10443976686214	9.2535639442308	8.97624613781168
7.25498853050572	7.31426381134796	7.22750337586912
9.50990635886794	9.57107207857311	9.35746196999379
9.53349070743967	9.56854029370419	9.37580630047158
2.69383699105563	2.47430422385842	2.29676603830623
9.83009577061207	9.97892461626198	9.62544096563418
4.13440958244161	4.2398389702214	3.94062222808096
8.77294076470173	8.92254444907449	8.53914624181919
8.61695220618225	8.74558048303435	8.44651315781092
9.54380051857931	9.60276260800535	9.38952317922609
5.2352102232291	5.11585025294595	5.34116015766469
5.53753376017695	5.631347934004	5.49316325110974
7.04635340577642	7.07123936624565	7.02921615134994
8.90119999885803	8.98463324334899	8.60889266589784
7.86662164663718	7.94549168424541	7.71742808677896
4.34591368763532	4.05926672457958	4.28165914591603
9.12070074723649	9.12506878297532	9.10733767304738
4.85226635366011	4.92848011704422	4.77789272804285
9.65052428630461	9.71385502047207	9.46752569122736
4.79337266460654	4.36960684519173	4.55729358852945
9.75800233132714	9.81201531598671	9.52718683339862
8.83046198334176	8.9245257197556	8.91515154056484
9.83156006410584	9.91259707543757	9.75209325861079
8.87374608107056	9.00537371658438	8.64696858718877
5.94176450449921	5.69463417873798	3.51915845964268
9.50440862579678	9.64342750533518	9.33202336309256
8.49288728169581	8.73282314856972	8.47169172080691
4.20841016388538	4.66333804824844	4.32651338170028
9.47613321551281	9.45934918611189	9.22701056799383
4.64136957116149	4.93897249086187	4.76708597308627
3.3783351653277	3.41541053480485	3.51915845964268
9.39328550679367	9.42103508399873	9.23045669325847
9.82054146389882	9.91890503756993	9.67108104330558
5.44107092067566	5.18800003870178	5.48659059718625
8.85658795961021	8.90123984350676	8.92733653733073
7.42370046953662	7.4285005342453	7.17940908766808
6.17650091593064	6.41916266966596	6.25483535784032
9.33769318083035	9.37686022920305	9.12490252250034
4.34591368763532	4.54469355174982	4.479987862362
8.83046198334176	8.95973105102866	8.62469287381504
4.36221549996442	4.07837554752728	4.12119447372278
5.40218190728207	5.53780716616458	5.54469355174982
9.41347027443003	9.47159663149493	9.30285831162186
9.13322266749117	9.08074645199003	9.08738605007558
4.20841016388538	4.11585025294595	4.0516535404697
9.71937208316277	9.84864821289692	9.66490868817642
4.54469355174982	4.33824267428239	4.50621940393518
9.46249394320481	9.59780488820938	9.29111947516509
4.015765085943	3.95973105102866	3.43972399214828
8.18683462932625	8.28885464732023	8.08684296893201
6.76912511835987	7.05926672457958	6.71180353758508
5.99500652577619	5.73131484206445	3.49316325110973
5.8921066181919	5.71309108344554	3.66599984797195
4.99500652577619	5.06885277340878	5.17123515622238
8.77902488564658	8.87210718572091	8.57598968223936
5.41786352951434	5.37734249397134	5.38422887955657
5.09593543462698	4.59863235886063	4.99720575644733
4.64136957116149	4.51694856126692	4.93097205804724
4.95257125945579	4.54469355174982	4.89171262760001
4.86376199249794	4.53088775222479	4.63066677485967
8.56243910193977	8.72678043799364	8.40267454687739
4.48639491118516	4.59863235886063	4.74522653912253
8.8949106910686	8.98209886405712	8.61191560056253
4.29587300513572	4.41541053480486	4.31171637977221
5.06639115901296	4.73733862969222	4.67758782224716
9.72647313953791	9.67672194543361	9.62094658492497
3.31274682370012	3.44515787819891	2.88172853902739
9.05390021482976	9.11469378391337	8.88735308822127
4.70666103141321	4.59863235886063	4.6186941331936
8.87729514815164	9.02520488850594	8.78125330501286
3.01576508594299	2.53088775222479	2.88172853902739
9.68008537827743	9.76340092627841	9.56667192084531
4.58692178713912	4.57191502048484	4.89171262760001
4.76912511835987	4.51694856126692	4.46669103974855
12.6613205936858	12.6883804462596	12.5107815297171
5.86376199249794	5.71309108344554	5.82554570363427
4.45633767732897	4.33824267428239	4.31171637977221
7.59900906943785	7.68219707549976	7.75072252687738
4.54469355174982	4.36960684519173	4.71180353758508
9.5298873461137	9.53866976412205	9.39874170925547
3.93087618835648	3.89653722454147	3.68908346108499
4.22633207188265	4.33824267428239	4.20365663391475
9.41004402505504	9.46797858560901	9.20715892982106
4.1153007594939	3.76118537164658	4.0516535404697
7.03876691130461	7.05926672457958	6.97859007827998
9.87871233396391	9.90090445002835	9.76776377203737
4.86376199249794	4.74931127135829	4.86155065708976
4.71937208316277	4.65062699649889	4.63066677485967
4.66784178252268	4.66333804824844	4.72303079300833
5.76912511835987	5.73131484206445	5.8150913459971
7.27879949177678	7.27959667945914	7.23928054364547
4.82899657433726	4.84167528950695	4.72303079300833
8.21066261561677	8.2493547653416	7.91147588242144
9.15619319014081	9.17085452493699	8.97859007827998
8.20163163125433	8.12621696850421	8.00412517038712
4.62794905539917	4.40030364241465	5.06053169181615
4.48639491118516	4.40030364241465	4.28165914591603
9.62879150508202	9.80486262388922	9.38555427702314
5.89770932442128	5.85835403065358	5.71180353758508
5.19026281717513	5.19677024832951	5.28923236562083
10.1976627290514	10.2540892291596	10.0460768228923
4.66784178252268	4.36960684519173	4.56978453271265
4.70666103141321	4.54469355174982	4.82032799436324
4.75684678858143	4.74931127135829	4.95020827691016
4.69383699105563	4.67593808502808	4.94062222808096
10.1646411004353	10.2398389702214	10.1086758560956
8.93292401700534	9.07896863902213	8.79594754820022
4.58692178713912	4.32230113041337	4.29676603830623
9.67560811542326	9.69347274432059	9.51512745662657
5.59384120107891	5.52393499158303	5.4052904950844
9.14032955398543	9.12104292216627	8.94362471624248
4.79337266460654	4.6378029561413	4.92125690321403
4.70666103141321	4.73733862969222	4.76708597308627
8.67845888989672	8.73658703027908	8.46752569122736
5.13440958244161	5.03012037892006	5.07812575183089
4.29587300513572	4.54469355174982	4.63066677485967
9.4391511665123	9.5373756737011	9.20665912207627
4.54469355174982	4.41541053480486	4.45327052398622
4.61440252356122	4.65062699649889	4.65431804292432
4.55890741096952	4.6378029561413	4.74522653912253
4.61440252356122	4.51694856126692	4.46669103974855
4.48639491118516	4.58533553624717	4.29676603830623
4.71937208316277	4.33824267428239	4.45327052398622
4.34591368763532	4.18800003870178	4.3556597273598
10.169570422022	10.1697413342638	10.0530443581238
4.015765085943	4.15237612897106	4.50621940393518
5.91438806556791	5.81344160877801	5.8098356205456
7.8112945726038	7.8346685004019	7.8150913459971
9.03749860789027	8.99535496075939	8.83204141492704
4.32942556484676	4.0972345747786	3.92125690321403
4.60072758666415	4.65062699649889	4.76708597308627
4.58692178713912	4.74931127135829	4.86155065708976
10.0950212757364	10.1461636921059	9.97829729389725
10.1104837431961	10.1769617672493	9.98618169083143
4.7444630641256	4.67593808502808	4.66599984797195
8.33769318083035	8.50021892260921	8.09118190465634
4.17188428786027	3.93897249086187	3.88172853902739
9.09166439522667	9.1652799622017	8.84751282368948
4.70666103141321	4.67593808502808	4.83074461030859
4.09593543462698	4.27339152993243	4.41224325572617
5.06639115901296	4.85281584711215	4.94062222808096
5.93087618835648	5.86387103562115	5.90656039200733
5.00542314172153	4.95973105102866	5.13806829228718
4.79337266460654	4.65062699649889	4.8098356205456
4.79337266460654	4.84167528950695	5.086842968932
8.88154253603074	9.0550527156222	8.73970953415496
4.57298259618124	4.38503688576133	4.43972399214828
4.93087618835648	4.80772795758361	4.79926637883541
8.21963741930864	8.23025999340939	8.01558428576218
9.02219135510242	9.08783587677635	8.87293542056938
4.58692178713912	4.61180774760836	4.74522653912253
4.75684678858143	4.76118537164658	4.92125690321403
4.42564088010606	4.43036087627083	4.63066677485967
5.18110281788965	4.86387103562115	5.37713945477025
8.04003410070614	8.14106081574323	7.94302471829626
4.7444630641256	4.57191502048484	4.71180353758508
8.93360598111205	8.98209886405712	8.74178088417466
5.19026281717513	5.289879652721	5.20365663391475
9.08676767422232	9.15406579737528	8.8423741003905
4.93087618835648	4.68842902921127	4.79926637883541
9.54290693227581	9.56261545974708	9.37580630047158
4.68089793534813	4.32230113041337	4.689083461085
4.13440958244161	4.17029803696832	4.46669103974855
4.3783351653277	4.57191502048484	4.59444658694692
9.69383699105563	9.77991001344385	9.55768557196914
4.64136957116149	4.33824267428239	4.73417135061353
9.52763066640926	9.59531962481979	9.42260997128443
5.37029784626228	5.11585025294595	5.38422887955657
4.41004402505504	4.53088775222479	4.74522653912253
8.87161244246492	8.8870857491969	8.72721858997177
4.26152150034495	4.3061814650501	4.34116015766469
8.99892157577958	9.05926672457958	8.84430326721359
4.47144456971918	4.41541053480486	4.97859007827998
4.41004402505504	4.6378029561413	4.90162809646509
4.09593543462698	4.36960684519173	4.4260490552512
4.7444630641256	4.41541053480486	4.38422887955657
5.22633207188265	5.19677024832951	5.03373163247244
8.71382477323214	8.88097693961425	8.6224462680547
5.98451415195855	6.04961655454586	5.95497752105803
7.31274682370012	7.45249985354008	7.32098227572705
3.88648206899803	4.11585025294595	3.68908346108499
4.53033825877275	4.38503688576133	4.66599984797195
9.91092919303867	9.92419569686937	9.75790438261388
4.58692178713912	4.20548746543062	3.97859007827998
4.3783351653277	4.47430422385842	4.31171637977221
10.0228324104522	9.9871631783084	9.91270214262352
4.64136957116149	4.57191502048484	4.70048822435724
9.76606531861081	9.85454881433661	9.55611699878837
5.41786352951434	5.03990139971265	5.06935554220316
4.27879949177679	4.1342287822608	4.54469355174982
4.88648206899803	4.86387103562115	4.87167487436347
9.23244166540214	9.16080475104164	9.04159987580578
4.53033825877275	4.73733862969222	4.98792794285932
9.08000742949924	9.16751237276844	8.94781772948516
10.0907475251349	10.1373641476062	10.0061370972569
4.8406783793849	4.76118537164658	4.82032799436324
5.08615441383439	5.26507626172042	5.43290272629226
7.34180928930258	7.48329300708568	7.28355618108862
5.72568585709497	5.57864088367316	5.95020827691016
4.87516675577019	4.76118537164658	5.03373163247244
8.02858912630057	8.09957471323311	8.01101155597236
4.55890741096952	4.3061814650501	4.46669103974855
8.77370268446641	8.98336661022032	8.71461855319213
9.55226209732751	9.59241472946579	9.27595302757081
8.98451415195855	9.12736424096299	8.77317473024489
4.68089793534813	4.76118537164658	4.51915845964268
9.04887339775493	9.10657243935793	8.86598874685038
5.01576508594299	4.66333804824844	5.29676603830623
9.73627809124363	9.75859625025273	9.61267034556583
8.44490278226669	8.55496188720365	8.31913385133469
4.1153007594939	4.2398389702214	3.97859007827998
8.96129253015848	8.95779757514282	8.78928689444459
4.66784178252268	4.51694856126692	4.6186941331936
8.82972946489958	8.92584505687626	8.54390238362421
7.16493152721851	7.12046688101632	7.16301464941741
8.77446420205648	8.87073775510942	8.58601647241595
8.69865937451247	8.92584505687626	8.43119235852716
7.61610281255107	7.77881526566837	7.47833244618394
4.71937208316277	4.41541053480486	4.85135488998387
3.79337266460655	4.00037303552601	4.41224325572617
8.81129457260381	8.83255981056355	8.59521052397345
6.43722885438127	6.59531962481979	6.61869413319359
7.66620142414143	7.72678043799364	7.67180546965316
5.37029784626228	5.28165914591603	5.25096234869311
4.47144456971918	4.25671278878579	4.31171637977221
4.76912511835987	4.36960684519173	4.86155065708976
4.3783351653277	4.3061814650501	4.17123515622237
4.3783351653277	4.36960684519173	4.37001502033687
10.5269529735881	10.5171674001055	10.3019227116922
4.03622918850271	4.00037303552601	4.10412096036383
9.61142218746038	9.71919128298196	9.50174466597599
4.53033825877275	4.57191502048484	4.70048822435724
8.58518673576837	8.71003128369648	8.52317823109502
4.65466639377495	4.94938910680721	5.25096234869311
9.1485769143682	9.16862728398381	9.10035904156764
10.1062556198909	10.1885497415245	10.055266881253
4.95257125945579	5.1342287822608	4.89171262760001
8.7606950038289	8.74632741291947	8.73832698010484
3.64136957116149	3.93897249086187	4.10412096036383
4.42564088010606	4.02027259296372	4.74522653912253
10.0362291885027	10.0774854528723	9.84173047109547
4.48639491118516	4.50287337605519	4.54469355174982
8.69865937451247	8.85350928381903	8.44397096324846
9.31169797229741	9.26246788089619	9.03485829792672
4.86376199249794	4.68842902921127	4.78861913463591
5.68089793534813	5.36960684519173	3.86155065708976
5.25280428324384	5.02027259296372	5.04272041569969
5.41004402505504	5.1342287822608	5.479987862362
9.17303983060598	9.19403528060828	8.93218186528031
9.35000644226921	9.41541053480486	9.21115117046168
3.99500652577619	4.02027259296372	4.086842968932
7.96062353175053	8.00786757207293	7.73694309986359
5.89770932442128	5.74931127135829	5.66017076916976
4.96329766604886	4.81913272085586	4.93097205804724
3.9525712594558	3.71309108344554	3.79926637883542
4.17188428786027	4.44515787819891	4.66599984797195
5.17188428786028	4.96999938648249	5.18753696855148
4.31274682370012	4.45980465416331	4.72303079300833
4.05640707044034	3.93897249086187	4.10412096036383
9.51538322102621	9.62364489314464	9.34706819412459
7.7082560509686	7.85281584711216	7.62019615835883
9.84249514708612	9.92056045374799	9.70013318681617
4.94176450449921	4.6248639004338	5.04272041569969
8.82091010962483	8.96101859688912	8.84301744267135
7.63969881817698	7.71766864955209	7.67180546965316
4.13440958244161	4.00037303552601	4.31171637977221
8.53753376017695	8.68219707549976	8.26735130923214
8.66948027791844	8.79117402892276	8.44735956149662
4.29587300513572	4.50287337605519	4.65431804292432
7.70506424647888	7.8402766514518	7.55729358852945
5.05640707044034	5.21415232655775	5.28165914591602
5.67438462838946	5.60523509368487	5.70615697444394
8.89910660786308	8.94288754086525	8.7089830185227
8.95995422297448	9.05866547637713	8.84558794676498
4.66784178252268	4.25671278878579	4.23536549364209
6.31274682370012	6.57864088367316	6.09982082293021
8.75453292274318	8.87415889743086	8.59902415305346
3.97394491024836	3.91791087533404	4.15474703343381
4.26152150034495	3.73733862969222	4.45327052398622
5.21739894711264	5.07837554752728	5.24318499810139
8.9444737917572	9.05686022687248	8.82293920781978
9.1896920179428	9.24354701899896	8.97683248004324
4.80534530627262	4.44515787819891	4.85135488998387
5.05640707044034	5.00037303552601	4.75619765694353
4.05640707044034	3.80772795758362	3.92125690321403
8.14269075752541	8.32430348332452	8.11800854300393
6.08615441383439	6.17917618831478	6.34479873472803
4.42564088010606	4.44515787819891	4.55729358852945
7.78129983230597	7.95844235506009	7.53835202487599
5.01576508594299	4.86387103562115	4.95020827691016
10.12727340116	10.1390714792148	10.0547115713767
4.24403407361611	4.25671278878579	4.06935554220316
7.1344095824416	7.19458268909175	7.10626623219539
5.09593543462698	4.87484215344215	5.0516535404697
4.36221549996442	4.05926672457958	3.95973105102867
10.6501094207257	10.6759380850281	10.5555283438842
4.13440958244161	4.28987965272099	4.53198250000026
9.43192925067612	9.41117768568266	9.28165914591603
4.51583868907764	4.25671278878579	4.64254087514797
8.44585915952471	8.44791549937789	8.30145468409986
9.14622533268881	9.31778564929088	8.99373356454052
4.24403407361611	4.22276545686246	3.79926637883542
4.51583868907764	4.40030364241465	4.41224325572617
9.52355972614169	9.58742126024915	9.28497732227156
9.2560794152767	9.19895449559139	9.07210196420312
6.53033825877275	6.59863235886063	6.43972399214828
9.66168079789601	9.68141618506614	9.37090750105874
4.22633207188265	3.93897249086187	4.45327052398622
4.22633207188265	4.0972345747786	4.01558428576218
9.95861467316526	10.026742779112	9.72058228586558
4.32942556484676	4.3061814650501	4.41224325572617
4.57298259618124	4.58533553624717	4.64254087514797
5.22633207188265	5.11585025294595	5.33385535704145
10.4831377366727	10.4672991907102	10.3084592052597
9.53123966151428	9.58450040161262	9.48741381834462
5.4789391062661	5.66965182218064	5.71742808677896
9.49427471091724	9.61916636677416	9.32605326527448
4.64136957116149	4.67593808502808	5.27404596180615
4.57298259618124	4.80772795758361	4.77789272804285
3.99500652577619	3.91791087533404	3.43972399214828
4.31274682370012	4.40030364241465	4.71180353758508
9.0507605072992	9.01903687979105	8.90039238329243
4.95257125945579	5.19677024832951	5.21959817778378
8.84793176339622	9.06286896125978	8.74591468368167
7.22410397099053	7.39840410949916	7.25676797037432
4.90884988202648	4.71309108344554	4.87167487436347
4.93087618835648	4.98019515358838	5.3117163797722
8.82459139521726	8.99912015221593	8.72163215495319
9.87587656884276	9.83992677997176	9.75722193461587
4.54469355174982	4.79623231874579	4.63066677485967
8.95794443155465	9.11005861513618	8.8313931583262
4.60072758666415	4.47430422385842	4.76708597308627
5.34591368763532	5.03012037892006	5.19561931484933
1.88648206899803	1.91791087533404	1.88172853902739
9.08185427640076	9.15293957168117	8.99951591713453
9.53078903054361	9.67279837749751	9.37046132971116
8.7759860324095	8.97510627691558	8.73208903842973
6.67111691455554	6.80486262388923	6.57598968223936
5.01576508594299	5.25671278878579	5.28165914591602
5.14386991169068	5.17029803696832	5.25096234869311
8.86733567537776	8.92254444907449	8.57289044358047
3.66784178252269	3.35400999014071	3.86155065708976
9.91680435164206	9.9311103730889	9.72233164347156
7.7319721199424	7.89519079883395	7.63215639300016
5.47144456971918	5.27339152993243	5.20365663391475
4.86376199249794	4.81913272085586	5.25869799747271
4.61440252356122	4.2398389702214	4.38422887955657
9.76568238694542	9.77881526566838	9.62693598653573
5.29587300513573	5.08783587677635	5.25096234869311
4.45633767732897	4.58533553624717	4.88172853902739
5.6612691285992	5.77881526566838	5.70615697444394
7.69061309018134	7.74184002192716	7.60510506844564
4.79337266460654	4.93897249086187	5.04272041569969
7.84503478442904	8.06526546520102	7.8577356834056
4.99500652577619	4.91791087533404	4.87167487436347
5.49381238274764	5.46707265462735	5.51915845964268
5.4487244932191	5.2980535841667	5.23536549364209
5.11530075949391	4.96999938648249	5.12965605247097
4.3783351653277	4.25671278878579	4.45327052398622
8.83046198334176	8.99094978163938	8.58370877524426
4.015765085943	3.95973105102866	4.086842968932
4.13440958244161	4.43036087627083	4.50621940393518
4.015765085943	4.15237612897106	4.13806829228717
4.71937208316277	4.36960684519173	4.59444658694692
7.88366154993564	8.02274084855447	7.78058181557049
7.39427670919672	7.5028733760552	7.30051817316734
9.74251846881718	9.74296317888609	9.63327259811649
4.50119191311323	4.45980465416331	4.54469355174982
4.61440252356122	4.53088775222479	4.76708597308627
9.72371576933711	9.71804945859241	9.511085159107
4.62794905539917	4.53088775222479	4.46669103974855
8.68333286426519	8.77516009512719	8.49562029690526
4.41004402505504	4.53088775222479	4.66599984797195
8.32838877354026	8.47700674423825	8.28355618108862
3.97394491024836	3.22276545686246	2.99720575644733
9.21291155612033	9.18854974152454	9.03485829792672
5.14386991169068	5.17917618831478	5.07812575183089
5.05640707044034	4.79623231874579	4.67758782224716
4.1153007594939	3.76118537164658	4.01558428576218
4.50119191311323	4.44515787819891	5.03373163247244
4.99500652577619	4.91791087533404	5.086842968932
8.24513326989091	8.17696176724933	7.93218186528031
4.44107092067566	4.1342287822608	4.3983040647683
7.32735123660889	7.43036087627082	7.12754530587517
7.94040795052913	8.0350191783329	7.78460607212929
4.90884988202648	5.04961655454586	5.25869799747271
9.19652674864553	9.27079815328426	8.98618169083144
4.48639491118516	4.27339152993243	4.41224325572617
5.12488680832311	4.88573046958489	4.91147588242144
4.42564088010606	4.6248639004338	4.6186941331936
8.67356839354964	8.75005627268695	8.68836766100041
8.83046198334176	9.04172798156571	8.71391531406493
8.93292401700534	9.03807250231046	8.91515154056484
8.49935056628907	8.61180774760836	8.30612814150993
6.52310668954167	6.53088775222479	6.66308825255205
4.61440252356122	4.57191502048484	4.83074461030859
5.76912511835987	5.5583684886469	3.46669103974855
5.29587300513573	5.05926672457958	4.98792794285932
9.67967892805897	9.73658703027908	9.53914624181919
10.3765808238823	10.3407177049819	10.1689278691259
4.7444630641256	4.38503688576133	4.59444658694692
4.31274682370012	4.6248639004338	4.28165914591603
4.3783351653277	4.45980465416331	4.74522653912253
4.27879949177679	3.98019515358838	4.49316325110974
4.53033825877275	4.50287337605519	4.64254087514797
5.09593543462698	5.03012037892006	4.96919138027773
8.7405712488686	8.79117402892276	8.49152289272848
5.66784178252268	5.57864088367316	5.62469287381504
8.1914037385797	8.225982169546	8.14434543797334
6.17650091593064	6.1342287822608	6.17532791085626
4.79337266460654	4.76118537164658	4.91147588242144
4.82899657433726	4.4886595168355	5.06053169181615
4.64136957116149	4.6378029561413	4.28165914591603
8.68414359485179	8.7440854621328	8.43119235852716
7.05890957764351	7.07837554752729	6.93821573037386
5.39427670919672	5.3382426742824	5.46669103974855
4.75684678858143	4.77296253942294	4.83074461030859
8.66948027791844	8.75005627268695	8.47833244618394
4.86376199249794	4.78464434447057	4.89171262760001
9.11710300212789	9.02212418043613	8.93459844045319
5.54469355174982	5.26507626172042	5.43972399214828
9.41737605019195	9.51300377516401	9.25338419757625
4.41004402505504	4.51694856126692	4.59444658694692
4.7444630641256	4.81913272085586	4.37001502033687
4.54469355174982	4.36960684519173	4.64254087514797
4.1153007594939	4.27339152993243	4.67758782224716
9.9383707249034	9.9245257197556	9.64844147658765
4.81721940656091	4.8304480340837	4.88172853902739
7.58865475436357	7.73432987981988	7.40877106381937
4.42564088010606	4.67593808502808	4.46669103974855
4.27879949177679	4.32230113041337	4.10412096036383
8.92745666781533	9.04111937786932	8.79594754820022
3.81721940656091	3.18800003870178	3.26639238926272
4.89770932442128	5.06885277340878	4.93097205804724
7.70186536481156	7.86524699666097	7.70757068846288
6.40218190728207	6.34220068785108	6.23928054364547
3.99500652577619	4.35400999014071	4.17123515622237
8.93769100991279	8.97191658947678	8.82293920781978
4.3783351653277	4.40030364241465	4.4260490552512
4.7319721199424	4.58533553624717	5.15474703343381
7.53033825877275	7.59531962481979	7.56667192084532
4.05640707044034	3.73733862969222	4.01558428576218
8.91990507053547	9.02274084855447	8.71039396733041
6.00022423504721	5.94938910680721	6.14225608925061
8.69222594114964	8.77296253942294	8.69693391105197
4.32942556484676	3.98019515358838	4.29676603830623
4.64136957116149	4.89653722454147	4.88172853902739
8.64053443652695	8.68920613401912	8.49152289272848
4.41004402505504	4.38503688576133	4.06935554220316
8.88859384547787	9.02397339458491	8.73832698010484
4.93087618835648	4.91791087533404	4.85135488998387
4.32942556484676	4.1342287822608	4.06935554220316
9.69825812432468	9.63013439541495	9.54587949101996
4.80534530627262	4.74931127135829	4.89171262760001
9.76529935361225	9.75042862913266	9.56822906621061
4.55890741096952	4.11585025294595	4.25096234869311
9.00866297025778	9.05686022687248	8.9034796839375
7.68899843411924	7.7773543085401	7.49152289272848
5.4789391062661	5.54469355174982	5.85646178041696
3.97394491024836	3.8304480340837	4.17123515622237
8.55536705326427	8.60934651009208	8.34116015766469
6.49750686630538	6.47790646053862	6.34842815812873
6.03622918850271	5.93897249086187	6.0516535404697
9.03241421481854	9.08488618235095	8.80257759222583
4.54469355174982	4.5583684886469	4.54469355174982
9.59168244706114	9.65540677461222	9.37536164180235
4.64136957116149	4.68842902921127	4.95020827691016
4.05640707044034	3.87484215344216	3.97859007827998
5.20841016388539	5.07837554752728	5.086842968932
4.07630662787804	4.6378029561413	4.31171637977221
4.61440252356122	4.85281584711215	5.13806829228718
5.11530075949391	4.92848011704422	4.90162809646509
9.73510500942736	9.69308539164249	9.62132165188169
8.87161244246492	8.92518553913179	8.70968866541419
5.02603342139682	4.93897249086187	4.88172853902739
9.33304847806409	9.321298910824	9.16043610531563
4.13440958244161	4.35400999014071	4.086842968932
6.01060338082721	6.01532337699198	6.05609944550089
3.93087618835648	4.0972345747786	3.79926637883542
4.94176450449921	4.94938910680721	5.06935554220316
4.54469355174982	4.15237612897106	4.41224325572617
4.71937208316277	4.61180774760836	4.97859007827998
6.67111691455554	6.56515765430954	6.66890557914737
6.44490278226669	6.45615687714816	6.32282833489243
9.66825158086116	9.71003128369648	9.62581486612633
4.69383699105563	4.72526579739164	4.71180353758508
7.72095311898225	7.82196988015939	7.78460607212929
10.0513889956737	10.0468907732442	9.82814749882255
9.26477692490992	9.33923319614821	9.04551796367905
8.82385588919017	8.94679199532117	8.75414691737877
9.48593005052674	9.55921888362636	9.29958105391329
3.47144456971917	3.76118537164658	3.73417135061353
9.31588881051201	9.37878832175985	9.30892496637465
9.53753376017695	9.62486390043381	9.19259373868089
8.66784178252268	8.78900074951471	8.47418557629547
9.18626247185656	9.30364641776123	9.06495036308316
4.1153007594939	4.32230113041337	4.43972399214828
4.62794905539917	4.73733862969222	4.99720575644733
8.75066821365231	8.80486262388923	8.52478300883656
9.50394953429222	9.57864088367316	9.24950728549272
9.46202131583256	9.46253444691888	9.17736994239448
6.11048374319613	6.08783587677635	6.12543146660925
5.53753376017695	5.36182949460001	5.80456067850493
9.83082810313586	9.91989851519961	9.75960909159267
4.62794905539917	4.36960684519173	4.23536549364209
4.64136957116149	4.78464434447057	4.83074461030859
4.62794905539917	4.2398389702214	4.4260490552512
7.33563071437346	7.42477263800855	7.15474703343381
9.39179742513426	9.51080755759741	9.34888119472874
4.58692178713912	4.89653722454147	4.66599984797195
4.26152150034495	4.1342287822608	3.97859007827998
4.41004402505504	4.17029803696832	4.41224325572617
9.21515699632597	9.21415232655775	9.03935618166632
8.04635340577641	8.20004538036238	7.81115134798827
4.69383699105563	4.44515787819891	4.70048822435724
9.13678048690436	9.2546143229018	9.05887119475095
5.62794905539917	5.58533553624717	5.846229857806
5.21739894711264	5.6378029561413	5.4052904950844
9.46296641579488	9.46298891063059	9.44566625726362
4.68089793534813	4.5583684886469	4.63066677485967
4.19026281717513	4.17029803696832	4.38422887955657
8.55979114455972	8.58031746148054	8.57444089514387
9.57735307829034	9.69463417873798	9.43375715038646
8.81721940656091	8.70619738550375	8.9010103721821
9.07321535812689	9.07600074033938	8.93821573037386
5.36221549996442	5.6378029561413	5.51915845964268
8.25934712911061	8.28885464732023	8.30706101903411
8.97129045680238	8.98400006579181	8.78594500033758
9.00931006380569	9.04537422202613	8.83074461030859
5.91990507053547	5.88029658353426	5.76165208703564
9.97493907248425	9.89687363471925	9.65358477986361
4.58692178713912	4.51694856126692	4.46669103974855
5.15326860969292	5.15237612897106	5.25869799747271
13.6626323334709	13.6585349198235	13.5646499915449
13.1637694691284	13.2059966099914	13.0204980777041
4.91990507053548	4.36960684519173	4.78861913463591
4.93087618835648	5.03990139971265	5.07812575183089
9.07259630853967	9.1112188042143	8.81771204615624
4.81721940656091	4.87484215344215	4.85135488998387
4.03622918850271	4.22276545686246	3.79926637883542
3.8406783793849	3.71309108344554	3.90162809646509
3.24403407361611	3.15237612897106	2.92125690321403
8.62288400031631	8.75303243679736	8.69265714396481
6.58344959523231	6.42290507135178	6.38068852185132
7.23077797691385	7.39078086829614	7.03373163247244
8.35408761908102	8.48597875723934	8.06715463400989
4.42564088010606	4.15237612897106	4.51915845964268
4.05640707044034	4.35400999014071	4.13806829228717
9.48593005052674	9.5794794161239	9.37447191310262
4.36221549996442	4.02027259296372	4.086842968932
3.74446306412559	3.85281584711215	4.15474703343381
9.15209711548248	9.26142320667177	8.92186602082531
4.75684678858143	4.53088775222479	4.64254087514797
5.00542314172153	4.7008127536671	4.95973105102866
9.18740655997433	9.32380315557861	9.13439397147764
4.19026281717513	4.41541053480486	4.38422887955657
7.86519252810438	7.9192362728006	7.88172853902739
5.56596216850347	5.60523509368487	5.57598968223936
9.36626233302712	9.43592755214537	9.19461149431175
4.31274682370012	4.51694856126692	4.50621940393518
9.26206458148853	9.27390964631109	9.06715463400989
4.31274682370012	4.36960684519173	4.37001502033687
7.57298259618124	7.55154722279089	7.37358163535706
5.25280428324384	5.03990139971265	5.25096234869311
4.69383699105563	4.50287337605519	4.53198250000026
9.84394691580323	9.900233429067	9.68119005892736
5.81721940656091	5.68842902921127	5.79926637883542
3.24403407361611	3.289879652721	3.32651338170029
8.74524016893345	8.92979584448689	8.53198250000027
5.54469355174982	5.71309108344554	5.86662164663718
5.76299901556302	5.73733862969222	5.77249946927263
9.16144254113862	9.1399243879248	9.11694500072142
8.81500044425592	8.90859884181835	8.59826223328878
9.34386294807056	9.37686022920305	9.01786522701342
9.86161352591937	9.99063461068436	9.56003523867889
9.25335065516512	9.21469215632678	9.1900675691668
9.11830324765543	9.23132747036588	8.96210195549141
8.5249179829885	8.61508287964122	8.44142428113812
7.93769100991279	8.08783587677635	7.95497752105803
9.1248868083231	9.06825550780683	9.09604765982816
4.27879949177679	4.51694856126692	4.31171637977221
7.64136957116149	7.81771204615624	7.68190942819726
4.36221549996442	4.85281584711215	4.92125690321403
6.43722885438127	6.44883353634231	6.68334709153585
5.44107092067566	5.2398389702214	5.55100732568202
6.33356529520768	6.18359485958178	6.25096234869311
5.8406783793849	5.65062699649889	5.62469287381504
5.43337652888566	5.40787686211945	5.15474703343381
9.38133765348922	9.41447097434124	9.14382338439757
9.77217844233742	9.72980495700681	9.72965586949104
9.02539378714077	9.06825550780683	8.95616737270559
3.8406783793849	3.87484215344216	3.75619765694353
4.93087618835648	4.59863235886063	4.76708597308627
5.30433458388392	5.2980535841667	5.04272041569969
4.57298259618124	4.07837554752728	4.37001502033687
9.20445989140514	9.30415378370311	9.05498925303296
4.82899657433726	4.92848011704422	4.98792794285932
5.08615441383439	4.72526579739164	5.13806829228718
4.29587300513572	3.80772795758362	4.37001502033687
4.7444630641256	5.0972345747786	4.96919138027773
8.97261829402533	9.04051051732393	8.84366049819387
5.43337652888566	5.57864088367316	5.6186941331936
6.01576508594299	6.52044600550314	6.23143979042829
4.05640707044034	3.41541053480485	3.71180353758508
7.98055975466993	8.06885277340877	7.88298033523685
3.50119191311323	3.6378029561413	3.10412096036384
5.32942556484675	5.18800003870178	5.4260490552512
9.6173767155397	9.68492686825533	9.51068030571838
9.1001938671037	9.15462858070244	8.96150959455478
4.55890741096952	4.81913272085586	4.43972399214828
4.55890741096952	4.6378029561413	4.73417135061353
9.30433458388392	9.43824067600291	9.05109683776517
7.83922331618452	7.98400006579181	7.61568538332126
4.98451415195855	4.92848011704422	5.15474703343381
9.53843067972147	9.60688106652843	9.37402684290292
10.065769173644	10.1256429899644	9.89202351975527
4.51583868907764	4.44515787819891	4.75619765694353
4.50119191311323	4.71309108344554	5.01558428576218
4.32942556484676	4.6248639004338	4.63066677485967
4.70666103141321	4.17029803696832	4.3556597273598
8.72411000216943	8.84725632177025	8.5143199027063
7.40808250872176	7.48508406261166	7.2529001529346
7.5085338884544	7.50110428320214	7.37713945477025
7.62794905539918	7.6101673892271	7.71461855319213
4.27879949177679	4.58533553624717	4.56978453271265
8.18225100341853	8.13308695787125	8.07155309790741
5.60758125770521	5.57864088367316	5.60662130089302
4.89770932442128	4.47430422385842	4.84108655453004
4.78129983230597	4.67593808502808	4.91147588242144
4.32942556484676	4.2398389702214	4.51915845964268
4.50119191311323	4.7008127536671	4.77789272804285
9.29534250502279	9.34121220200159	9.14330114184313
4.53033825877275	4.43036087627083	4.55729358852945
4.98451415195855	5.06885277340878	4.85135488998387
5.11530075949391	5.04961655454586	5.37713945477025
5.64136957116149	5.56515765430954	5.61267034556583
8.96729959660635	9.07718863257684	8.87230528514076
4.32942556484676	4.03990139971265	3.79926637883542
9.28255162663789	9.42477263800855	9.21513239421174
9.78470554021358	9.79551079082833	9.62169662135512
4.31274682370012	4.11585025294595	4.46669103974855
9.37633002943732	9.48865951683549	9.11214933411977
