k4_temp10_1	k4_temp10_2	k4_temp10_3
4.87255509835336	4.36057737487247	4.74115186170982
4.55291385385539	4.36057737487247	4.47369510283411
8.98784816402016	8.90764219787873	9.06089976224411
8.71120772781876	8.76459882224495	8.57317453296309
9.50361623937341	9.47969466739109	9.5046040373506
4.70925989489062	4.80556170182532	4.82763008005906
4.82775177941347	4.70070451416766	4.46031984363926
9.92093268031697	9.87597055102539	9.90308992218734
3.76826724681747	3.93287275435531	4.31952371637279
9.01569432398164	9.08251785281039	9.03674059435278
4.63320068898664	4.88206273946141	4.85880887567766
8.89753991176634	8.88959365257877	8.91580829634374
4.28121763381913	4.52037953306313	4.28969609401791
5.02918390507255	4.82784443840437	4.88934915257223
4.63320068898664	4.47855605869861	4.66113788518423
4.37757274864811	4.29768148561597	4.5131158492023
9.04424353375415	9.06713211408868	8.90902024910451
6.44132102784651	6.63164529819389	6.48342705077841
9.68295075646161	9.69839577290391	9.74669978921511
4.5936148906141	4.79428734313071	4.55152135536386
4.87255509835336	4.9647095596437	5.02414174183511
5.04884123221586	4.91362370292526	5.30826770139655
7.04930461618647	7.09175013183464	6.97927512320093
4.56660866025337	4.89266147463605	4.90936732432625
9.49509501836855	9.45302863376694	9.48716136595266
4.98904823371238	5.08949559125659	5.1729609131134
7.83353207867328	7.74921754668816	7.73710985683374
4.70925989489062	4.83885557981056	5.00561564764799
4.76972023347874	4.70070451416766	4.92912034692787
4.75782888028111	4.74826948139753	5.12211514505275
7.59964509573224	7.50658816892936	7.69624890619745
5.170481229565	4.9747090679042	5.43929810046108
5.46203918609316	5.51480135638731	5.38970056125535
4.51103291400331	4.47855605869861	4.74115186170982
4.5251285502714	4.65148478522022	4.33421675545695
8.57242060689843	8.61840754136532	8.47544834938028
7.99467845753318	8.10558733923613	8.10442009325354
4.89444629378307	4.86062407886628	5.00561564764799
8.62757838849806	8.74183815134964	8.58674760871374
4.39302520886084	4.72468685999592	4.64934864273328
9.26282696579487	9.30833766457991	9.32798045154617
5.170481229565	5.11679401734822	5.13071073889857
4.72155606491845	4.88206273946141	4.90936732432625
4.42344299041128	4.50657528181543	4.58896260396581
9.66146351715173	9.66692787025381	9.55088192877314
4.76972023347874	4.72468685999592	4.39158272803954
4.08591829579281	4.28151074355094	3.99042958407
8.22986554718697	8.2136333096492	8.15490074480758
8.34899497651252	8.35937375774034	8.24783162463461
4.29772971363017	4.37587400525846	4.53882909659484
4.24761632268638	4.9647095596437	4.55152135536386
6.00568305454226	6.05639724952074	6.08973089894891
4.42344299041128	4.63890759547503	4.88934915257223
8.84630572076604	8.83402413946999	8.90561460386173
4.42344299041128	4.32947888061681	4.82763008005906
4.31405521227514	4.44997075254569	4.62548683121318
4.86148384680292	4.72468685999592	5.238166114237
5.14330567119265	5.12577769533635	5.24611990057693
9.49913765160391	9.52518410391675	9.42733995955117
4.33019829929717	4.68855916466077	4.78501771242321
4.06678170798025	4.16282477426651	4.28969609401791
2.22761202841774	2.90988211593619	3.01095363613603
4.75782888028111	4.5475904587973	4.79578549496868
4.39302520886084	4.49263502590287	4.33421675545695
4.02773091841128	3.8690307436795	3.97190348988289
9.23563134677474	9.17557593111892	9.20041102757431
8.23525455476848	8.24756119330926	8.14357698953908
4.43841505452398	4.47855605869861	4.43320398019815
8.14652114773128	8.35846237314855	8.20591036012235
4.75782888028111	4.61341277004807	4.66113788518423
5.4910811942425	5.22100732580031	5.38247860329821
5.02918390507255	5.08949559125659	5.14775471188384
4.56660866025337	4.49263502590287	4.70738442507503
4.97883765229289	4.93427990233259	5.03331919482041
8.99422412872597	8.92668423063211	9.05350776989219
9.02257280649694	9.10205682194131	9.08709085825842
4.467901613833	4.10874464268664	4.44682353972996
5.12490043811985	4.50657528181543	4.6959565423069
9.22699280828891	9.22929780860653	9.17785738179523
4.37757274864811	4.42079601729454	4.33421675545695
4.21321490561735	4.37587400525846	4.57658633871502
8.56730025449529	8.65436309041291	8.53257395079435
4.40831414790793	4.21491376787904	4.63746546110533
4.51103291400331	4.6262176043163	4.66113788518423
10.6742968019502	10.6740095876473	10.6493083081239
10.1791476483411	10.2400276095951	10.3202821616268
4.17797434738488	4.5475904587973	4.55152135536386
4.5390879946878	4.42079601729454	4.13089393571693
4.17797434738488	4.4059799182529	4.13089393571693
9.15595957817366	9.13297953825651	9.22922992249427
2.29482374030764	2.5170541615587	2.65130108742067
5.05857050303946	5.09865371080039	5.2775175108689
7.51007035321027	7.56528008896795	7.56145631693457
4.73374846856153	4.60049099503595	4.6959565423069
4.95819742615615	4.86062407886628	4.72998078772521
9.61087841924057	9.52997234716606	9.55309229141835
5.15242110368542	5.28644902520484	5.21404702135618
7.70898067670955	7.75341821636389	7.72210639624871
9.88909586044264	9.8498403755519	9.80565337046805
9.25541233163094	9.15703278873887	9.15611079794465
4.68434908368986	4.68855916466077	4.92912034692787
4.62012556574529	4.66395116128092	4.74115186170982
4.26451465868408	4.6262176043163	3.77276393068023
9.73949496635495	9.6937909324675	9.75057438584434
4.06678170798025	4.46433559196627	4.52602789006644
4.56660866025337	4.34511356488802	4.87923839246358
4.72155606491845	4.67630865930457	4.46031984363926
9.45588401344477	9.4159542543264	9.36602021332932
4.02773091841128	4.21491376787904	3.89540818916277
5.29095024919973	5.27843243418592	5.44625070701031
5.01925402916346	5.21261012293515	5.09602705000115
9.87671480746308	9.8662674579335	9.88657990173065
5.00925543384332	5.08027780927555	4.90936732432625
9.55716566561595	9.43397354887666	9.68855007675412
5.61499634850459	5.79749788279275	5.71236098468553
4.56660866025337	4.46433559196627	4.09699858113347
4.86148384680292	4.71274649774471	4.85880887567766
3.67027775256359	3.99395811933425	3.72953390662482
4.10480472495917	3.95352895376264	3.95314435695731
7.35843865023331	7.38498611684949	7.5360497160344
9.42316330470627	9.49243256681445	9.42397189235867
4.73374846856153	4.57428794008064	4.47369510283411
4.40831414790793	3.75577635315668	3.66224438454179
4.23051800174027	4.2318591743652	4.13089393571693
4.12344745145858	4.44997075254569	3.89540818916277
5.56123046985032	5.95546001647415	5.7859520363793
5.6281309049411	5.66931011323072	5.74109658284013
4.39302520886084	4.01374759618471	4.34876644553311
8.91444615729904	8.90949621587257	8.85216111926447
3.94631268834552	4.0902486338208	4.19645752228022
4.5251285502714	4.52037953306313	4.87923839246358
4.39302520886084	4.77146548498681	4.53882909659484
4.64615854496949	4.95463887990713	4.88934915257223
8.85963479510133	9.0067453128245	8.81784325436462
8.00858902786479	8.16952553021921	7.95865916398276
4.56660866025337	4.68855916466077	4.96785840552781
7.38774576580397	7.33325987789343	7.29959712737932
3.86003086014166	3.84709348983441	3.97190348988289
4.67173073922486	4.73652730172664	4.30468447549411
9.15197237327655	9.17044938735907	9.11579419312301
4.74583884252639	4.91362370292526	4.94861515268118
9.27177959199041	9.34965896832085	9.25642490297136
7.75919964631958	7.85847512517791	7.79278488144481
9.39980974606713	9.39376061123582	9.38789346602106
4.08591829579281	4.12700198670753	4.2438053531038
8.13041661983755	8.15801776266068	8.0080161716841
8.86172819018992	8.93822973856913	8.87321555936762
9.77809497960948	9.81379759264366	9.79291967489199
4.87255509835336	4.70070451416766	4.70738442507503
9.79464067680771	9.85174557044907	9.64308787572791
4.06678170798025	4.6262176043163	4.31952371637279
4.89444629378307	4.70070451416766	5.08722860911968
5.08737128245408	5.21261012293515	5.16460609348204
4.99918716133874	4.80556170182532	5.10477388682704
9.01569432398164	8.90330668487445	9.01027774583678
9.26335512930196	9.24789618504077	9.1981709499414
5.04884123221586	4.8167469342228	5.06947445415385
4.5936148906141	4.52037953306313	4.98685651472242
4.62012556574529	4.42079601729454	4.30468447549411
4.17797434738488	4.36057737487247	4.19645752228022
4.5936148906141	4.18040170253501	4.74115186170982
4.81633044517232	4.75991501651869	4.86905861639344
8.5097451350224	8.53319716696661	8.3172083848522
4.28121763381913	4.34511356488802	4.39158272803954
10.3635375801475	10.3595200097713	10.4169100698747
4.31405521227514	4.31366950352114	4.2438053531038
9.7773551991235	9.73917853701037	9.75405293676277
4.5936148906141	4.66395116128092	4.63746546110533
4.21321490561735	4.42079601729454	4.5131158492023
4.49679840223576	4.71274649774471	4.96785840552781
9.8311008044872	9.76909636440913	9.72244996379827
5.48387523787074	5.37926422928545	5.14775471188384
9.15425212326836	9.23077502244857	9.3233497827805
5.24054544239637	5.10775293527748	4.70738442507503
9.05587292672361	9.07044317144171	9.1869198109202
9.67105287486016	9.70685784365709	9.57240350349868
4.97883765229289	4.88206273946141	4.93889960428909
4.24761632268638	4.44997075254569	4.34876644553311
3.86003086014166	4.1450267467664	4.13089393571693
4.36195323157474	4.43545857886873	4.34876644553311
9.31471014413532	9.34830085796557	9.20655394786469
9.07103351974081	8.9980700892664	8.98850609780349
8.56216169096051	8.68364348406906	8.56805261125856
9.32233439010015	9.2710447509216	9.26073044592213
7.99848555132377	8.0340435299755	8.11488561973723
8.98464959893795	8.98231937526616	8.98786091873061
9.02194884135766	9.02905507627962	8.94132471950575
4.26451465868408	4.05251507685618	3.83534645862833
9.81352710597406	9.80529755835231	9.72992335321345
5.02918390507255	4.93427990233259	4.74115186170982
9.91690725512404	9.92682631137305	9.94477206718808
4.67173073922486	4.68855916466077	4.64934864273328
4.36195323157474	4.50657528181543	4.36317555669567
4.17797434738488	4.37587400525846	4.27455554363144
4.36195323157474	4.4059799182529	4.67283466203677
4.45323355629849	4.44997075254569	4.40558594269598
5.27434327029459	5.08027780927555	5.25403149156541
4.19570206989074	4.46433559196627	4.02680532409629
9.22482507906375	9.16324087707402	9.22593294678804
9.64938661826609	9.66439443263901	9.47743374659646
4.467901613833	4.4059799182529	4.41945889300297
8.93447593175737	8.67492281221149	8.88294015817164
7.0468578903561	7.05787162918794	6.89505439558927
8.28391244601332	8.41826310136127	8.34129501455373
8.19489158512042	8.13258023206597	8.26049693560851
4.28121763381913	4.46433559196627	4.47369510283411
4.33019829929717	3.99395811933425	4.43320398019815
5.42489597707254	5.33361754397881	5.19774815525812
9.86248371545336	9.81347161072082	9.85624911125862
6.95850251442429	7.11828074405155	6.99654466245808
4.10480472495917	3.91191052606609	4.55152135536386
7.00209313466128	7.12046933618142	7.18522301356464
6.18088032070741	6.29098077775671	6.24775917912128
4.58017487502138	4.5475904587973	4.74115186170982
4.92667345723253	4.90318140807693	4.84848820193594
9.39258457052853	9.47514706089688	9.35798608532655
4.24761632268638	4.12700198670753	3.72953390662482
4.19570206989074	4.07150763758878	3.85563699480713
4.26451465868408	4.32947888061681	4.34876644553311
6.05029421887713	6.29881971486996	6.11652200393733
8.40745708251223	8.52187123832885	8.3610742355656
4.89444629378307	4.83885557981056	4.81709059164396
4.06678170798025	3.97388793133717	4.36317555669567
7.90016250258208	8.07361651170386	7.74752318575265
4.64615854496949	4.82784443840437	4.92912034692787
10.144844115601	10.0844239037879	10.1477284868941
9.24100432157076	9.29851987692353	9.11816138632434
4.62012556574529	4.34511356488802	4.71872540295088
6.20300619351237	6.18491373578861	6.386948031903
4.5390879946878	3.95352895376264	4.36317555669567
4.48242225120947	4.47855605869861	3.79391792229395
8.59859048918513	8.65658026171514	8.59684695704199
9.50718914074921	9.48093239121679	9.5776270864353
4.28121763381913	4.28151074355094	4.34876644553311
8.74259250710126	8.75291935946996	8.73837588261587
9.03065992614703	9.12132964472717	9.0615141109258
8.943070002555	8.93943959287957	9.08225279593351
7.47408365450984	7.42080890440846	7.51193990727357
8.73195222881255	8.85600148127332	8.67924388704989
8.31274744102582	8.46890881567728	8.27721841594764
5.28267062048039	5.40154696586449	5.40404039677495
6.16293237241688	6.22253580675626	6.03932780541309
8.71661459796368	8.75705254019823	8.62014948432387
4.72155606491845	4.66395116128092	4.74115186170982
4.70925989489062	4.5475904587973	4.6134112073108
3.00634946052079	3.25110822579525	2.86169603139766
10.2202999854139	10.148630081762	10.3412613210734
5.11560914399245	5.0427941727443	5.156204204196
4.65900121848666	4.94449600830187	4.92912034692787
4.93725805590994	4.9747090679042	5.13925707405655
4.58017487502138	4.39100703218357	4.47369510283411
5.43986804118524	5.45221463888553	5.41115893727747
5.48387523787074	5.21261012293515	5.64104868700777
8.12578216114831	8.16011705760045	8.07733634669543
4.26451465868408	4.72468685999592	4.27455554363144
4.63320068898664	4.90318140807693	5.00561564764799
3.53763500802654	3.37982642630251	3.81477604417084
5.170481229565	4.9647095596437	5.21404702135618
4.62012556574529	4.36057737487247	4.76324606438992
3.229065015079	3.52582433324548	3.24084338586635
4.72155606491845	4.60049099503595	4.95826781682441
4.40831414790793	4.21491376787904	4.16403599749301
9.06680456468187	9.08197123332132	8.97033473316883
9.636392342861	9.54147747472742	9.72560121991789
6.41880434472248	6.49555230495726	6.52438151647375
4.65900121848666	4.63890759547503	4.5131158492023
4.5936148906141	4.75991501651869	5.10477388682704
4.467901613833	4.52037953306313	4.72998078772521
4.97883765229289	4.34511356488802	5.04244051624376
4.94776567500679	4.61341277004807	4.53882909659484
8.5070737174523	8.2544464844136	8.48270986782296
4.56660866025337	4.58745012364484	4.19645752228022
5.86848306391243	5.51480135638731	5.75243756071598
8.0123596900943	7.95868864430961	8.03393156065427
4.31405521227514	4.2318591743652	4.11404255411873
9.12374952185467	9.02848740344157	9.0949193875407
5.05857050303946	4.73652730172664	4.86905861639344
4.89444629378307	5.05225858615874	4.93889960428909
4.23051800174027	3.95352895376264	4.09699858113347
5.06823469464152	5.32586451345797	5.47374146522557
9.19357624125943	9.17403991736592	9.12876750185587
8.90364897481131	8.96223242663286	8.76932844271265
4.33019829929717	4.61341277004807	4.91927653954592
9.38143531240805	9.36316885322867	9.36451710747012
7.88104400280975	7.80287692457613	7.96379726175678
8.48642707909793	8.52430586674115	8.53956321445395
4.02773091841128	4.37587400525846	4.18033486359107
8.61522615089778	8.54842448247826	8.4339301015779
4.3461630060168	3.97388793133717	3.85563699480713
6.14932356293911	6.1065286439063	6.23963201239358
8.75165078917146	8.93216490060867	8.87947436204124
5.14330567119265	5.18711529750819	5.1729609131134
7.11618292753086	7.22984929554514	6.99654466245808
4.39302520886084	3.89063306450615	3.68501324518577
9.29159299084033	9.34240060277952	9.26823536458281
4.56660866025337	4.52037953306313	4.66113788518423
4.08591829579281	3.82481075325538	3.89540818916277
9.03561420878142	9.00732177424207	8.88086164716799
8.68307677679635	8.72996849525811	8.62591866522732
5.54054098134907	5.64470210985088	5.52724788233174
9.76247948204749	9.72952501836643	9.78575614280945
10.0080298945808	9.97736998188942	9.98399783622234
6.59986142324575	6.60985285044815	6.59986654410316
5.170481229565	5.31806876630001	5.38247860329821
4.63320068898664	4.42079601729454	4.36317555669567
11.057711676993	11.0088834415248	11.0865752875657
4.69685817704834	4.91362370292526	4.66113788518423
4.36195323157474	4.42079601729454	4.62548683121318
9.15539065071699	9.16065748302086	9.15149188165864
9.17292405398951	9.23028278917527	9.20655394786469
4.79321329187733	4.88206273946141	5.02414174183511
5.27434327029459	5.48037327030139	5.45317105076808
5.57486067714443	5.49424519052874	5.61649946759179
4.49679840223576	4.34511356488802	4.41945889300297
9.89763181376967	9.94119722996686	9.90413757337459
9.73416783953879	9.72397900624929	9.72087183518147
4.39302520886084	4.42079601729454	4.64934864273328
5.11560914399245	5.38673086682285	5.33092127222533
4.37757274864811	4.52037953306313	4.64934864273328
5.96483817874141	5.93538982847708	5.86658418137123
9.17460959716051	9.11493449472233	9.10330440547413
8.87284202389623	8.87637878439334	8.76858109546388
4.3461630060168	4.10874464268664	4.04466579390114
9.28744426937502	9.33098433518375	9.15841490254159
4.75782888028111	4.74826948139753	4.58896260396581
9.10619412655054	9.07539527479289	9.19536611292181
5.13413236255039	5.195664716449	4.98685651472242
9.03313919103262	9.07429630422903	8.99043996200841
4.29772971363017	4.24860403878741	4.28969609401791
9.37411742782438	9.36674980934404	9.27623465823186
9.17909478898931	9.13139655334795	9.24723414201282
8.72583670113131	8.816325061201	8.55344423523829
8.97694402729931	9.0239378029627	8.87947436204124
3.86003086014166	3.58025121756078	3.70743970394471
4.56660866025337	4.5475904587973	4.76324606438992
9.24100432157076	9.35372549539546	9.1981709499414
4.02773091841128	4.18040170253501	3.35787057027444
9.87636937022114	9.82935705698291	9.87665655729763
9.32081275619696	9.26769241504679	9.39134391205737
9.12897481238766	9.10797364099052	8.95655941663026
6.39593118218337	6.15926485466659	6.24775917912128
4.63320068898664	4.68855916466077	4.95826781682441
8.05320019219966	8.06017294710466	7.89960180978242
4.99918716133874	4.60049099503595	4.44682353972996
9.51918286495295	9.47928185206217	9.63892330613044
5.86848306391243	5.62596111361886	5.51405017315839
9.30960486936196	9.28152925145621	9.2719737084655
9.6017156881367	9.60483712443317	9.63641897069104
5.26596764534534	5.21261012293515	5.19774815525812
4.17797434738488	4.26515305235043	4.25925970283992
4.79321329187733	4.74826948139753	4.78501771242321
9.29211074438737	9.18983221827201	9.2794224002444
4.26451465868408	4.10874464268664	4.52602789006644
9.72114816416633	9.66584266667522	9.81827925955913
9.87083111233261	9.85111079047886	9.87238339848947
8.81279561308936	8.82421866343025	8.69188906215279
4.14185268453139	4.57428794008064	4.31952371637279
9.71652482819695	9.7484253234734	9.64682607087095
6.01571636748583	5.89437465149521	5.86134223782416
9.23185834004078	9.24253753865359	9.07435731495924
4.81633044517232	4.73652730172664	4.68444041246612
9.24742562661878	9.24448848626341	9.25372761266524
5.08737128245408	4.89266147463605	5.04244051624376
9.01757352380113	9.06657951711627	8.98463082995711
13.3358566272726	13.196438217328	13.5133982337329
6.02568048461729	5.95546001647415	6.22735761056305
12.4113579293316	12.340392675947	12.5390721887466
5.71071288155189	5.65705960787452	5.62267476173091
5.61499634850459	5.37175798075353	5.60407163397351
10.0237138442727	9.89517936823368	9.99487749900339
4.58017487502138	4.66395116128092	4.7522398786142
4.0473882455546	4.05251507685618	4.09699858113347
8.3677651782198	8.36573706541944	8.59516847469968
9.92193728663225	9.90987365379069	9.9643462837942
4.36195323157474	4.16282477426651	3.81477604417084
4.37757274864811	4.60049099503595	4.28969609401791
8.89685952971583	8.90330668487445	8.90561460386173
3.90381576414919	3.58025121756078	3.79391792229395
9.66706504109039	9.64543124272562	9.71493893488736
4.8390835336405	5.16115265110496	5.10477388682704
6.42258157891977	6.53909187962899	6.51085460828154
9.58194388762649	9.52278389209461	9.58974476172439
9.39306737462911	9.38231080154837	9.53173634552119
3.96710141042335	4.01374759618471	4.07975756363398
4.31405521227514	4.36057737487247	4.41945889300297
9.15595957817366	9.11920113807553	9.13988161356963
8.92115364965056	8.98524943332266	8.82793446718019
9.50316900480629	9.57967885954296	9.54600756833788
6.64583593313277	6.82751617121008	6.52101127457904
4.89444629378307	5.01401505458781	5.0515063885621
10.002025066098	9.98691956502215	9.98134834602297
5.37902573530937	5.34132832344242	5.31585719056873
9.126654793812	9.16014023771082	9.19368067510401
4.28121763381913	4.43545857886873	4.36317555669567
4.97883765229289	4.93427990233259	4.89939182623789
9.31979744255184	9.33006704210148	9.38146423760957
9.57302146067888	9.6010539015112	9.60603425777917
3.64470555830822	3.44004506872458	3.51780919759875
4.82775177941347	4.61341277004807	4.50009103799491
8.78365107956416	8.88520239580252	8.73226072733839
9.96221052091317	9.91504150076608	10.0076337835433
7.52069386620342	7.66842519091293	7.55640950533743
4.5390879946878	4.67630865930457	4.62548683121318
4.78151451332278	4.67630865930457	5.02414174183511
7.16664108359185	7.18877458164925	7.2341235060628
2.64325257164696	2.57254851067745	3.01095363613603
9.99376727868146	10.0063965665014	9.93454575463489
5.88499514372348	5.94546050821365	5.8078837758092
8.05928865994364	8.23766657585498	8.25523278823054
3.74438585586513	3.99395811933425	3.77276393068023
8.27974577763869	8.42610686691754	8.20917724292647
4.65900121848666	4.5475904587973	4.99626557687168
3.81487745851105	3.65815664690507	3.87565516656114
9.77365060412576	9.7667395591744	9.8355585298937
4.42344299041128	4.39100703218357	4.60123700579634
9.31318045499556	9.30553952682584	9.26716554286999
9.20791398209062	9.22238367847204	9.18974056342317
4.42344299041128	4.66395116128092	3.89540818916277
4.98904823371238	5.20416278721865	5.20591985462848
9.29211074438737	9.27295681138805	9.28154378239971
3.92522047057126	4.05251507685618	3.89540818916277
9.42410853945215	9.47058479112903	9.50323437730909
9.29624610680285	9.37743861960841	9.25588583504439
4.90526875081046	4.63890759547503	4.50009103799491
5.89589928044434	5.8995670409181	5.83485252887745
8.75315499675922	8.75774023135629	8.83438580270735
9.71999371643608	9.66837351485451	9.80974992578232
3.72010307825719	3.89063306450615	4.02680532409629
4.467901613833	4.8167469342228	5.06051748186139
5.78882873016265	5.96538935216887	5.86658418137123
4.26451465868408	4.16282477426651	4.22818917477399
5.3073685083505	5.22935498735736	5.48053569749506
4.24761632268638	3.91191052606609	4.56410650518726
7.62448452572909	7.64144488027882	7.49271920133485
9.636392342861	9.7054510083139	9.57719248599401
5.12490043811985	4.9747090679042	5.21404702135618
4.68434908368986	4.34511356488802	4.58896260396581
8.33500657014116	8.41913678124692	8.46081837156332
7.96255638613995	7.81095453659904	7.89154779522766
8.73195222881255	8.63649952398794	8.92862107995915
8.89549780364186	8.73556662137321	8.8563958539709
5.78882873016265	5.74645298554774	5.83485252887745
9.20131423894719	9.16065748302086	9.17842539985721
9.10854720729468	9.16787913319208	9.11520180725476
4.06678170798025	4.01374759618471	3.439982945069
9.89695079030312	9.82709859755712	9.93796232291892
4.97883765229289	4.8167469342228	4.85880887567766
9.84458372841358	9.80267185677793	9.87558941492386
9.90645603022918	9.84920474008306	9.81864899587036
9.62369169989935	9.62211083376149	9.67721217818513
10.3031088557635	10.2467642124984	10.3381331995201
9.46830943290306	9.45050273390568	9.44073667437472
5.04884123221586	5.11679401734822	5.1729609131134
8.86451467371043	8.89459560044759	8.7368494429701
5.03904599973053	5.20416278721865	5.36060048862888
4.73374846856153	4.91362370292526	5.06051748186139
8.96919713872521	9.04878148961616	8.92525995299276
4.69685817704834	4.66395116128092	4.64934864273328
4.94776567500679	4.71274649774471	4.76324606438992
4.72155606491845	4.49263502590287	4.48695146926341
4.8390835336405	4.68855916466077	4.72998078772521
10.2327715205095	10.2472441733341	10.2828431510968
4.92667345723253	5.10775293527748	4.7741716180441
8.96595696859045	9.01651335852584	8.95919311515796
8.12925939810364	8.11536420790091	8.0278019531607
3.90381576414919	3.55329945924741	3.439982945069
5.95965041281741	5.75221643355676	5.88220035970104
3.83763054697923	4.16282477426651	3.87565516656114
6.40741302743987	6.42583748910617	6.50062829572836
9.27702004480696	9.36316885322867	9.19592750250258
4.14185268453139	4.12700198670753	4.16403599749301
4.24761632268638	4.42079601729454	4.46031984363926
4.8390835336405	4.75991501651869	4.99626557687168
8.14193814227843	8.14641563292852	8.2048198069449
4.49679840223576	4.39100703218357	4.34876644553311
7.15759697732959	7.23792306655242	7.22152063046544
3.86003086014166	3.91191052606609	3.83534645862833
9.41605426334567	9.40468334982233	9.27463822838766
9.58743980832771	9.59040674381722	9.52769783466348
9.63271654686616	9.61912181859162	9.7109705147604
4.79321329187733	4.65148478522022	4.93889960428909
7.634301944642	7.72660088885351	7.66524297848257
4.5251285502714	4.61341277004807	4.5131158492023
9.03746769365081	9.07264624628127	9.00900582132155
9.2117499558224	9.28152925145621	9.21876439601058
9.27020374243494	9.29805065969825	9.24723414201282
8.92115364965056	8.92485261286196	8.83367036426537
4.21321490561735	4.71274649774471	4.52602789006644
3.94631268834552	4.05251507685618	4.07975756363398
8.75765824588301	8.78632553750921	8.67367772765525
4.70925989489062	4.88206273946141	4.9773877120959
4.60693103333345	4.4059799182529	4.28969609401791
5.0778346718718	5.20416278721865	5.47374146522557
4.69685817704834	4.84978169224946	5.07837795166624
8.99486018035744	9.07539527479289	8.90902024910451
8.89957913759187	9.04036096567719	8.86482941878563
6.27161451378317	6.22253580675626	6.23963201239358
8.78438690400459	8.71799842286881	8.91580829634374
10.1240387619709	10.0298122610941	10.1468387594716
4.73374846856153	4.94449600830187	4.90936732432625
4.21321490561735	4.44997075254569	4.66113788518423
3.76826724681747	3.8690307436795	3.89540818916277
4.60693103333345	4.50657528181543	4.60123700579634
9.09139990290168	9.13456075413705	9.25372761266524
5.18831838522808	4.93427990233259	5.06051748186139
4.16002639909435	4.26515305235043	4.31952371637279
9.99249265022866	9.93642312327023	9.99946924216283
4.76972023347874	5.08949559125659	5.01490746215352
3.5651556735921	3.68320021271097	3.59177467344808
9.04055156089963	9.03471931334704	9.1146091859858
7.61128999331724	7.67582931314519	7.52748374530583
9.66706504109039	9.62472105237207	9.60090940255128
5.05857050303946	5.16115265110496	5.06947445415385
4.97883765229289	5.01401505458781	5.29297186060502
4.55291385385539	4.52037953306313	4.41945889300297
4.08591829579281	4.32947888061681	4.28969609401791
5.54054098134907	5.52834140736725	5.65317339935188
8.9814439369671	8.98817343628483	8.98204171228646
8.81855462921499	8.846993291038	8.68952624454147
9.02568859648506	9.00270349342277	8.95721827743343
10.0168338729028	9.99525874399623	9.99684712033794
4.16002639909435	4.21491376787904	4.00872835847866
4.65900121848666	4.8167469342228	4.85880887567766
4.33019829929717	4.32947888061681	4.63746546110533
4.87255509835336	5.07099958239075	5.02414174183511
3.74438585586513	3.8690307436795	4.22818917477399
4.62012556574529	4.50657528181543	4.72998078772521
9.37753705369899	9.37432938222196	9.22152561028525
4.14185268453139	4.29768148561597	4.09699858113347
4.63320068898664	4.84978169224946	4.43320398019815
9.44521445173556	9.43652910260542	9.44311633245696
7.49398716756503	7.69926545191882	7.47680680065752
4.79321329187733	4.90318140807693	4.7522398786142
4.467901613833	4.46433559196627	4.28969609401791
8.21684932169567	8.28165741014777	8.16277652307099
5.38677262388347	5.41620952743869	5.45317105076808
10.0712794960917	10.0765954355938	10.0318625965978
9.92795029938916	10.001552393608	9.8274952782821
8.89277049512545	8.95626981970594	8.7368494429701
5.03904599973053	4.77146548498681	5.06051748186139
9.01945028257234	9.08851677096137	8.95458108593505
4.69685817704834	4.50657528181543	4.50009103799491
5.76523977747819	5.85748439913279	5.76369294549031
3.96710141042335	4.26515305235043	4.34876644553311
6.85603034883431	6.90599790544177	7.17872482723235
8.77996632557114	8.95567217470028	8.68478934885849
9.33344433917059	9.38098368761974	9.46951226761776
5.09684535743535	5.10775293527748	4.94861515268118
9.82216134237328	9.76943273063675	9.9663566162537
4.49679840223576	4.31366950352114	4.28969609401791
5.15242110368542	5.18711529750819	5.13925707405655
9.25806478557501	9.20294280308529	9.28683407316805
9.01067114201587	8.98758911889893	9.07679114887963
6.00064014800001	6.05639724952074	6.10318661191896
9.45911569359158	9.48175693933444	9.41139490685512
6.99195420703491	7.15929592103342	6.78614971848108
4.5936148906141	4.34511356488802	4.43320398019815
5.812038727416	5.97524949332462	5.62882459066725
9.02319650227936	9.06325939546026	9.07679114887963
7.88653229528798	8.02368616711975	7.89020122050528
4.29772971363017	4.24860403878741	4.14755702978205
2.53618202136527	2.62594822650493	2.60541034650656
9.81208303663092	9.79740579057418	9.80378757339781
4.23051800174027	3.82481075325538	4.11404255411873
8.80411381676506	8.77889454891879	8.86202352632345
7.78734101153081	7.85066503434615	7.87258419760733
7.66814690153763	7.72231972210822	7.60122751129021
8.52038168311849	8.61460908397037	8.38640117770958
10.1035199776558	10.1176802182361	10.0638809317091
2.92376748391	3.07176412828622	2.4062707873039
4.69685817704834	4.78292242636829	4.87923839246358
4.31405521227514	4.37587400525846	4.39158272803954
9.54765473729458	9.5599272999886	9.60176476902367
9.75498379074671	9.73986556034499	9.83226519457583
9.09139990290168	9.15287887887877	9.14221090948043
8.43488765864517	8.37026482777865	8.66087652112685
4.92667345723253	4.88206273946141	5.08722860911968
5.36340621823601	5.72316152085129	5.62267476173091
6.35303274384893	6.11545564216082	3.89540818916277
5.68580207035112	5.12577769533635	2.9004340899976
9.91051063885153	9.82709859755712	9.94205189971489
9.7847360134257	9.76235219277584	9.87772293660922
5.03904599973053	5.20416278721865	4.94861515268118
9.46463895456808	9.31901288798747	9.48207386049445
5.6281309049411	5.34899730985823	5.5468280069674
5.22334534333338	5.08949559125659	5.09602705000115
9.31471014413532	9.32914915395391	9.40993686723723
5.45468654295975	5.37175798075353	5.729668700072
6.83916488972407	6.83020358802909	6.89505439558927
6.36877994341609	6.28704496289667	6.47996286477541
8.27765792863729	8.25836594545133	8.43860073303012
5.84616924189059	5.62596111361886	5.98716145213035
8.62100367290853	8.56899981024026	8.73302649444313
7.90962771079425	7.66693970570578	7.84367885389721
5.77708239507487	5.79191631922398	6.06703135258552
8.7762721500542	8.69949310991041	8.74522559235256
4.14185268453139	4.4059799182529	3.83534645862833
6.66510010196511	6.59407872353074	6.63778379173862
4.39302520886084	4.32947888061681	4.18033486359107
5.86848306391243	5.99960335668944	5.89765470943716
5.93342843611011	5.72316152085129	5.79695822215503
4.94776567500679	5.08027780927555	5.06051748186139
5.0778346718718	5.0427941727443	5.28526470441427
4.90526875081046	5.06166011264101	4.95826781682441
4.86148384680292	4.79428734313071	4.81709059164396
5.4324014030811	5.28644902520484	5.46005942977562
9.23509294868483	9.21294584601936	9.26502359434564
9.21666700398593	9.08033010667704	9.17045339169786
5.01925402916346	4.93427990233259	4.87923839246358
4.69685817704834	4.18040170253501	4.46031984363926
9.4089100691735	9.3355619015505	9.53844298882988
4.90526875081046	4.6262176043163	4.56410650518726
4.8390835336405	4.80556170182532	4.89939182623789
6.54892343576628	6.50233852674226	6.52774415916947
5.94921866166805	5.72316152085129	5.73539358773071
5.05857050303946	5.31806876630001	5.16460609348204
10.3146334416568	10.2018963977428	10.3342137980429
9.99631316701871	9.87316037228665	10.0105621105742
6.67146483145445	6.59724764877438	6.70190412718244
7.42025733138375	7.22579506775744	7.43535322875226
5.91746372939048	5.92524695687182	6.0942296396265
5.99557957800124	5.76936724390912	6.09871485023651
6.49612372624716	6.35250892932348	6.50404486401239
5.4324014030811	5.22935498735736	5.41115893727747
6.27996593158889	6.29490567494709	6.46952176212389
6.03063689173381	6.24301264069085	6.32668401837012
9.82036679331939	9.79178903667011	9.90169190811382
5.37123708433098	5.47338597447282	5.69485004294934
6.04540490369484	6.16786624607815	6.25986748436709
4.73374846856153	4.88206273946141	4.85880887567766
5.24906930934765	4.77146548498681	5.52724788233174
6.16293237241688	6.23894091261521	6.13848604459215
6.11239398036471	6.04241106121096	6.07615267400887
4.98904823371238	4.99449854475466	5.16460609348204
4.5936148906141	4.56100216613074	4.76324606438992
4.8390835336405	4.50657528181543	5.01490746215352
7.93897812701849	7.83755164548942	8.03393156065427
6.79320343927064	6.68023117136642	6.89767767050263
9.68255573492599	9.60597012158153	9.77817822303034
5.91746372939048	5.78631265039528	5.95298869731102
4.72155606491845	4.73652730172664	5.02414174183511
4.67173073922486	4.83885557981056	5.00561564764799
4.33019829929717	4.34511356488802	4.37744677951237
6.83916488972407	6.7782488313627	6.88186835563007
6.18977137188934	6.19336107150511	5.91295055022869
4.80481810332459	4.87138401307609	4.96785840552781
9.2527549991593	9.10259573816563	9.16129003627135
4.98904823371238	5.0427941727443	4.96785840552781
4.40831414790793	4.12700198670753	3.68501324518577
4.63320068898664	4.21491376787904	4.71872540295088
9.61874519147545	9.54581713234045	9.63223571015368
2.96564842376208	3.28440210378048	2.97501620071356
5.20593800917734	5.46636400209617	5.37522150185499
5.77117322014	5.873412423206	5.90277077415854
9.01192857573975	8.87448083034639	9.05289011347263
5.22334534333338	5.35662495382841	5.44625070701031
9.74063394257281	9.73436001048099	9.84829725265112
7.48678121119326	7.25989128459596	7.53775702177749
4.76972023347874	4.77146548498681	4.88934915257223
10.8663763453919	10.7190702370388	10.9289211487866
6.32505527543689	6.28309816945935	6.0852185463272
7.66814690153763	7.54436553092889	7.65896367908476
10.2462065369542	10.1434755240401	10.360921829001
6.98430304392431	6.90599790544177	7.04005498562223
4.90526875081046	4.90318140807693	4.6134112073108
5.87951205836637	5.71727825029659	5.91801449874019
4.33019829929717	3.93287275435531	4.18033486359107
4.467901613833	4.28151074355094	4.16403599749301
4.06678170798025	4.18040170253501	3.83534645862833
9.05770061989276	9.02905507627962	9.0317361218589
4.80481810332459	4.82784443840437	4.76324606438992
4.3461630060168	4.49263502590287	4.22818917477399
4.5251285502714	4.67630865930457	4.99626557687168
4.86148384680292	5.08027780927555	5.01490746215352
4.31405521227514	4.21491376787904	4.41945889300297
3.15857341243308	2.86634254126446	3.49231573230133
7.71207444932112	7.72088978309835	7.53434045349346
5.10625771162043	5.195664716449	5.31585719056873
8.99740159043672	8.93641301519113	8.86972706326532
4.74583884252639	4.65148478522022	4.70738442507503
7.79902796105988	7.9814814780629	7.83950340160252
8.07860111133686	8.03976502798536	8.04975162597649
4.06678170798025	4.42079601729454	3.83534645862833
8.70500356903111	8.76664993330215	8.79451794753541
4.36195323157474	4.16282477426651	4.16403599749301
9.16672685055816	9.105824932104	9.19985132353182
3.72010307825719	3.75577635315668	3.38574673523787
9.14166874694647	9.13614020493903	9.09191327605375
4.49679840223576	4.53405040781736	4.56410650518726
9.93924038275517	9.90560356143191	9.93454575463489
4.31405521227514	4.4059799182529	4.16403599749301
9.52756360403555	9.58696735771622	9.50369107043889
4.64615854496949	4.28151074355094	4.50009103799491
5.13413236255039	5.27843243418592	5.07837795166624
9.76658559612321	9.72952501836643	9.81457684602961
3.64470555830822	3.46921980397574	3.87565516656114
7.11150722358744	7.26187158517092	7.27538011778371
9.32638426313043	9.38980769208288	9.21267166870957
3.92522047057126	3.70780821609082	3.79391792229395
9.3755839729588	9.40946277086554	9.36802200074895
4.91601074272922	4.79428734313071	4.55152135536386
4.10480472495917	3.84709348983441	4.00872835847866
9.00626148574654	9.0124993855364	8.94132471950575
8.85403753383425	8.80373609214828	8.77975216944849
4.76972023347874	4.86062407886628	4.82763008005906
9.52492230301191	9.6021899309017	9.43213832728051
5.05857050303946	5.12577769533635	5.25403149156541
9.35541118089403	9.26288954373507	9.1869198109202
6.61314695371085	6.44359085287959	6.49033137516463
6.30882149501176	6.54895202078474	6.44131607213455
8.240623536263	8.32991427786046	8.26992582731471
4.98904823371238	5.03326602542612	5.18953143252356
3.96710141042335	4.18040170253501	4.48695146926341
9.06316986777739	9.16581956291599	9.08104082398244
7.21103140344388	7.2638491180293	7.27334417015869
9.46922559733296	9.47721596685088	9.47510826444162
9.49284421364858	9.47473291643911	9.49407102188258
2.64325257164696	2.5170541615587	2.17638103757359
9.78988024002143	9.8772177300659	9.75212141026078
4.08591829579281	4.24860403878741	3.87565516656114
8.73118920198862	8.84117187904629	8.62920534733714
8.57497399417429	8.66761430148972	8.53344940218651
9.50316900480629	9.50829648365224	9.5082503262177
5.18831838522808	5.10775293527748	5.32340825178301
5.4910811942425	5.61332777496078	5.48053569749506
7.00209313466128	7.02550266296953	7.06837225544372
8.85963479510133	8.90206552292657	8.70130307386787
7.82355321433467	7.88292645313727	7.77978530021574
4.29772971363017	4.07150763758878	4.22818917477399
9.07945447513933	9.03979781162803	9.21655173773567
4.80481810332459	4.92398949675819	4.74115186170982
9.61004784074253	9.61725047255789	9.58888247120963
4.74583884252639	4.37587400525846	4.5131158492023
9.71768204993086	9.71352127549579	9.65055491921821
8.78879399819207	8.84311501214616	9.01788659603461
9.79134666111412	9.81216693148605	9.88304342531953
8.83214098713752	8.92240676172597	8.74066261662442
5.89589928044434	5.67539581951506	3.439982945069
9.46371987612898	9.54817862028197	9.44881206721122
8.45072880500745	8.65510253361231	8.55947678887052
4.16002639909435	4.66395116128092	4.27455554363144
9.43540338205103	9.36764363409256	9.34025906419676
4.5936148906141	4.93427990233259	4.72998078772521
3.32874531263591	3.44004506872458	3.439982945069
9.35243529671621	9.33006704210148	9.34382136578
9.78031205102797	9.8183534713309	9.79930011343105
5.39447819552211	5.17851390609664	5.47374146522557
8.81495793515555	8.82027736692683	9.03048237533385
7.37998847867179	7.37588689237239	7.22362851972621
6.13097676075049	6.38597782425864	6.26788541445302
9.29676219584479	9.28674251135767	9.23470873616451
4.29772971363017	4.5475904587973	4.43320398019815
8.78879399819207	8.87764267418694	8.7176359408871
4.31405521227514	4.0902486338208	4.06231489223604
5.35553267691078	5.52158757817231	5.53380319576001
9.3726493925507	9.37965532776954	9.41866379892411
9.0919945895771	8.99632864347137	9.19592750250258
4.16002639909435	4.12700198670753	3.99042958407
9.67899567253118	9.74944902388934	9.79291967489199
4.49679840223576	4.34511356488802	4.46031984363926
9.42174429206229	9.5034341952596	9.40652922096073
3.96710141042335	3.97388793133717	3.35787057027444
8.14423146221635	8.21968000487669	8.16165395515671
6.72446203824099	7.01376048329864	6.74025897756697
5.94921866166805	5.71137041486667	3.41311138196485
5.84616924189059	5.69349744631467	3.59177467344808
4.94776567500679	5.06166011264101	5.14775471188384
8.73728216308004	8.791705485169	8.66729085963336
5.37123708433098	5.36421169870682	5.36792891322206
5.04884123221586	4.60049099503595	4.96785840552781
4.5936148906141	4.52037953306313	4.89939182623789
4.90526875081046	4.5475904587973	4.85880887567766
4.81633044517232	4.53405040781736	4.58896260396581
8.52038168311849	8.64917613948289	8.48813289708499
4.43841505452398	4.60049099503595	4.70738442507503
8.85333634903158	8.89957992803203	8.7044279181829
4.24761632268638	4.42079601729454	4.25925970283992
5.01925402916346	4.73652730172664	4.63746546110533
9.68610704664652	9.5808321739906	9.74747551428005
3.26306167202281	3.46921980397574	2.78106388640573
9.01255688245004	9.0296225214566	8.98915099788001
4.65900121848666	4.60049099503595	4.57658633871502
8.83569521096572	8.9418562023993	8.87947436204124
2.96564842376208	2.57254851067745	2.78106388640573
9.63965188458768	9.66584266667522	9.69137113416229
4.5390879946878	4.57428794008064	4.85880887567766
4.72155606491845	4.52037953306313	4.41945889300297
12.6252187949982	12.5345191054445	12.7347330306461
5.81778343183358	5.69349744631467	5.82412347969745
4.40831414790793	4.34511356488802	4.25925970283992
7.55555179963028	7.62470001585662	7.81420216773146
4.49679840223576	4.37587400525846	4.67283466203677
9.48923561668667	9.44543736621714	9.51777963278579
3.88208917040095	3.91191052606609	3.61563648496817
4.17797434738488	4.34511356488802	4.14755702978205
9.36921816488107	9.37610692583495	9.31973818446602
4.06678170798025	3.77916406794873	3.99042958407
6.99449561711419	7.01376048329864	7.01603946821139
9.83856744259134	9.80069937802469	9.899242225567
4.81633044517232	4.74826948139753	4.82763008005906
4.67173073922486	4.65148478522022	4.58896260396581
4.62012556574529	4.66395116128092	4.68444041246612
5.72300905157972	5.71137041486667	5.81331668310629
7.23487696172406	7.22984929554514	7.28551837167314
4.78151451332278	4.83885557981056	4.68444041246612
8.16809407025311	8.18094045815775	7.98037486575889
9.11499848808976	9.08470222148791	9.08346378374159
8.15904996399085	8.06017294710466	8.07614756113729
4.58017487502138	4.4059799182529	5.03331919482041
4.43841505452398	4.4059799182529	4.22818917477399
9.58828348207872	9.70650626593635	9.50414762375753
5.85178008877739	5.83596421958102	5.70654681980187
5.14330567119265	5.18711529750819	5.26972986182138
10.1579812683485	10.1470856851781	10.1869378099004
4.62012556574529	4.37587400525846	4.52602789006644
4.65900121848666	4.5475904587973	4.78501771242321
4.70925989489062	4.74826948139753	4.91927653954592
4.64615854496949	4.67630865930457	4.90936732432625
10.1249116597464	10.1331097302071	10.2516471915871
8.89140490782384	8.99458505171672	8.89466397987317
4.5390879946878	4.32947888061681	4.2438053531038
9.6351681163303	9.59726053588831	9.63808899483388
5.54747044910502	5.50798242979272	5.38970056125535
9.09911180228264	9.03584944482074	9.04731966390277
4.74583884252639	4.63890759547503	4.88934915257223
4.65900121848666	4.73652730172664	4.72998078772521
8.63657004627978	8.65879396416907	8.55517031344453
5.08737128245408	5.02367328000582	5.0515063885621
4.24761632268638	4.5475904587973	4.58896260396581
9.39836759862661	9.44416818580926	9.31922152712369
4.49679840223576	4.42079601729454	4.40558594269598
4.56660866025337	4.65148478522022	4.6134112073108
4.51103291400331	4.63890759547503	4.70738442507503
4.56660866025337	4.52037953306313	4.41945889300297
4.43841505452398	4.58745012364484	4.2438053531038
4.67173073922486	4.34511356488802	4.40558594269598
4.29772971363017	4.19776295752669	4.30468447549411
10.1298481435717	10.0643614072492	10.1941402357789
3.96710141042335	4.16282477426651	4.46031984363926
5.86848306391243	5.79191631922398	5.8078837758092
7.76814575080072	7.7742365104592	7.8807409986365
8.99613144419444	8.91258085744711	8.93197464872943
4.28121763381913	4.10874464268664	3.85563699480713
4.55291385385539	4.65148478522022	4.72998078772521
4.5390879946878	4.74826948139753	4.82763008005906
10.0551906783709	10.0412376123378	10.1168732867307
10.0706756125896	10.0714428537488	10.1250234836982
4.69685817704834	4.67630865930457	4.62548683121318
8.29530920918353	8.42697571836016	8.16613916576671
4.12344745145858	3.95352895376264	3.81477604417084
9.05037593369734	9.07923496379741	8.94796763206492
4.65900121848666	4.67630865930457	4.79578549496868
4.0473882455546	4.28151074355094	4.36317555669567
5.01925402916346	4.84978169224946	4.90936732432625
5.88499514372348	5.84137502743623	5.90786934802624
4.95819742615615	4.95463887990713	5.11346972139908
4.74583884252639	4.65148478522022	4.7741716180441
4.74583884252639	4.83885557981056	5.06051748186139
8.83994877024276	8.97112948715631	8.83653006102602
4.5251285502714	4.39100703218357	4.39158272803954
4.88354215706221	4.80556170182532	4.76324606438992
8.17708191421504	8.1622132424725	8.08799298801773
8.98080195017247	9.00328160355537	8.97424727954164
4.5390879946878	4.61341277004807	4.70738442507503
4.70925989489062	4.75991501651869	4.88934915257223
4.37757274864811	4.43545857886873	4.58896260396581
5.13413236255039	4.86062407886628	5.36060048862888
7.99721763438629	8.07473106436476	8.01298728096603
4.69685817704834	4.57428794008064	4.67283466203677
8.89208786281531	8.89957992803203	8.83867124072437
5.14330567119265	5.27843243418592	5.18126918754716
9.04547209782269	9.06823666100648	8.94265567131538
4.88354215706221	4.68855916466077	4.76324606438992
9.5022741201338	9.46892212991556	9.49407102188258
4.63320068898664	4.32947888061681	4.64934864273328
4.08591829579281	4.18040170253501	4.41945889300297
4.33019829929717	4.57428794008064	4.55152135536386
9.65342347827582	9.68203396957275	9.68208183607506
4.5936148906141	4.34511356488802	4.6959565423069
9.48697565805672	9.5009967708328	9.54245254542985
5.32360228877563	5.10775293527748	5.36792891322206
4.36195323157474	4.53405040781736	4.70738442507503
8.83000424838344	8.80639572550628	8.82361802016189
4.21321490561735	4.31366950352114	4.28969609401791
8.95749836017066	8.97526238043855	8.94464987451476
4.42344299041128	4.42079601729454	4.94861515268118
4.36195323157474	4.63890759547503	4.86905861639344
4.0473882455546	4.37587400525846	4.37744677951237
4.69685817704834	4.42079601729454	4.33421675545695
5.17942733404614	5.18711529750819	5.00561564764799
8.67198731577195	8.80040450471347	8.71531359719894
5.9387110425712	6.02354512131426	5.95791872297003
7.26887361866787	7.39942424753578	7.36997444543634
3.83763054697923	4.12700198670753	3.61563648496817
4.48242225120947	4.39100703218357	4.62548683121318
9.87083111233261	9.82354229045739	9.8890504548518
4.5390879946878	4.21491376787904	3.91490299491608
4.33019829929717	4.47855605869861	4.25925970283992
9.98289692362837	9.88529770760778	10.0490667813686
4.5936148906141	4.57428794008064	4.66113788518423
9.7257567526275	9.75523604434845	9.68046038290776
5.37123708433098	5.03326602542612	5.04244051624376
4.23051800174027	4.1450267467664	4.50009103799491
4.8390835336405	4.86062407886628	4.83809560654275
9.19135775136858	9.07484589620713	9.14859777750233
4.48242225120947	4.73652730172664	4.95826781682441
9.0387020305542	9.08142440257834	9.0516540326694
10.0509107180668	10.0326074507228	10.1456516299333
4.79321329187733	4.75991501651869	4.78501771242321
5.03904599973053	5.25410648493436	5.41824366035794
7.2979783116452	7.42962466208509	7.33128663639092
5.67950667364763	5.56163528535248	5.95298869731102
4.82775177941347	4.75991501651869	5.00561564764799
7.98575603058557	8.0340435299755	8.08326610163981
4.51103291400331	4.31366950352114	4.41945889300297
8.73195222881255	8.90082327128414	8.81059320895449
9.51164287811554	9.49814779195887	9.39085147969241
8.943070002555	9.04204908422683	8.87112344108617
4.63320068898664	4.75991501651869	4.47369510283411
9.00752276147705	9.0216575050802	8.96706641846227
4.96855439708461	4.66395116128092	5.2775175108689
9.69592624481628	9.66113047610547	9.73892026503392
8.40267458474071	8.48066493281368	8.40177586443434
4.06678170798025	4.24860403878741	3.91490299491608
8.9198146400482	8.87574641587786	8.88777878110731
4.62012556574529	4.52037953306313	4.57658633871502
8.78806041541036	8.84440895327872	8.63412182894504
7.12084354853214	7.0737825947766	7.20668138958676
8.73271485287752	8.79036241479777	8.67765567454226
8.65679988193023	8.84440895327872	8.51761210570021
7.57267037972423	7.7194583975136	7.53262922966404
4.67173073922486	4.42079601729454	4.81709059164396
3.74438585586513	4.01374759618471	4.36317555669567
8.76959873746199	8.75291935946996	8.68715967741637
6.3920835334179	6.55874392512295	6.64401065424523
7.62284178392898	7.66842519091293	7.73262464622374
5.32360228877563	5.27037016433922	5.23016968004532
4.42344299041128	4.26515305235043	4.25925970283992
4.72155606491845	4.37587400525846	4.82763008005906
4.33019829929717	4.31366950352114	4.11404255411873
4.33019829929717	4.37587400525846	4.31952371637279
10.4877499672182	10.4050998508814	10.4514088156672
3.98759524705111	4.01374759618471	4.04466579390114
9.57088892707026	9.62248401707629	9.62425504143356
4.48242225120947	4.57428794008064	4.66113788518423
8.54316236895562	8.6327493905182	8.61269902051624
4.60693103333345	4.94449600830187	5.23016968004532
9.10737114597004	9.08251785281039	9.2093378415305
10.0664413458776	10.0828077705113	10.1964376849585
4.90526875081046	5.12577769533635	4.85880887567766
8.71892564818858	8.66834685368307	8.83510089809565
3.59216190395283	3.95352895376264	4.04466579390114
4.37757274864811	4.03326410601786	4.70738442507503
9.99631316701871	9.9738813640633	9.97570250165312
4.43841505452398	4.50657528181543	4.50009103799491
8.65679988193023	8.77346557523732	8.5308215047599
9.27072921662059	9.17455210724657	9.14162892648623
4.81633044517232	4.68855916466077	4.7522398786142
5.63465367564791	5.35662495382841	3.79391792229395
5.20593800917734	5.01401505458781	5.01490746215352
5.36340621823601	5.12577769533635	5.46691613796325
9.13186960649881	9.10743676960109	9.03549104974368
9.30909334828827	9.3245507601443	9.32386501215295
3.94631268834552	4.03326410601786	4.02680532409629
7.91769168293322	7.94410166429201	7.79995820650027
5.85178008877739	5.72902042996748	5.65317339935188
4.91601074272922	4.8167469342228	4.89939182623789
3.90381576414919	3.73199554917476	3.72953390662482
4.12344745145858	4.44997075254569	4.62548683121318
5.12490043811985	4.9647095596437	5.16460609348204
4.26451465868408	4.46433559196627	4.68444041246612
4.00780244718206	3.95352895376264	4.04466579390114
9.4747104172989	9.5287768046109	9.46436409196055
7.66495751556798	7.79203453795932	7.67927547368491
9.80229763262411	9.81997702231781	9.82933166738708
4.89444629378307	4.6262176043163	5.01490746215352
8.77922824573004	8.87890543601091	8.9433207020527
7.59630067003158	7.65948879575571	7.73262464622374
4.08591829579281	4.01374759618471	4.25925970283992
8.4954401542263	8.60545096442657	8.34824762110296
8.62757838849806	8.71233021486844	8.53432433996679
4.24761632268638	4.50657528181543	4.6134112073108
7.66176107342891	7.77973670992112	7.61425232249761
5.00925543384332	5.20416278721865	5.26190133253909
5.6281309049411	5.58771758204794	5.70070989883328
8.85753836243719	8.86112338561692	8.80476768825119
8.91847438832172	8.97467270569367	8.94597786338587
4.62012556574529	4.26515305235043	4.18033486359107
6.26742063200661	6.54238623392244	6.10764500508615
8.71275461368124	8.79371770337471	8.69110187216158
3.92522047057126	3.93287275435531	4.09699858113347
4.21321490561735	3.75577635315668	4.40558594269598
5.170481229565	5.07099958239075	5.22213013818345
8.90297146424436	8.97290220552958	8.92256558658017
9.14854598924171	9.15599545399311	9.08164693307581
4.75782888028111	4.44997075254569	4.81709059164396
5.00925543384332	4.99449854475466	4.71872540295088
4.00780244718206	3.82481075325538	3.85563699480713
8.10002344995861	8.2544464844136	8.19387018797859
6.0404989863918	6.1506108550295	6.36088165089546
4.37757274864811	4.44997075254569	4.5131158492023
7.73810742854532	7.89562783582339	7.59467219786195
4.96855439708461	4.86062407886628	4.91927653954592
10.0874896657026	10.0342819178174	10.195863654388
4.19570206989074	4.26515305235043	4.00872835847866
7.0902772557766	7.14647174385061	7.14801986077044
5.04884123221586	4.87138401307609	5.02414174183511
4.31405521227514	4.07150763758878	3.89540818916277
10.6110853590307	10.5608143507243	10.7135640409417
4.08591829579281	4.29768148561597	4.48695146926341
9.39113518944305	9.32039938935255	9.39674996359951
4.467901613833	4.26515305235043	4.60123700579634
8.40363235160213	8.37567908641259	8.38350069432454
9.10501614747383	9.22880506107244	9.09911778960007
4.19570206989074	4.2318591743652	3.72953390662482
4.467901613833	4.4059799182529	4.36317555669567
9.48289880276724	9.493250442288	9.40018000283984
9.21502984657842	9.112261294362	9.18012815711589
6.485328224532	6.56199289217586	6.45900704356975
9.62122056259646	9.58543605396302	9.48900707337107
4.17797434738488	3.95352895376264	4.40558594269598
4.17797434738488	4.10874464268664	3.95314435695731
9.91858587882575	9.92411543863989	9.8504701496898
4.28121763381913	4.31366950352114	4.36317555669567
4.5251285502714	4.58745012364484	4.60123700579634
5.17942733404614	5.10775293527748	5.31585719056873
10.443871067348	10.3561915572135	10.458165668537
9.49058989698349	9.49038580740959	9.60944107000592
5.4324014030811	5.65089434962394	5.71236098468553
9.45357123680629	9.52438448562486	9.44264070451362
4.5936148906141	4.67630865930457	5.25403149156541
4.5251285502714	4.80556170182532	4.74115186170982
3.94631268834552	3.93287275435531	3.35787057027444
4.26451465868408	4.4059799182529	4.67283466203677
9.00941261296631	8.93580692200137	9.00262987572375
4.90526875081046	5.18711529750819	5.19774815525812
8.80628916160392	8.97879527747962	8.84294439953253
7.18010196907568	7.34636979525405	7.30359533729077
4.86148384680292	4.71274649774471	4.83809560654275
4.88354215706221	4.9747090679042	5.29297186060502
8.78291488018133	8.91627357253967	8.81784325436462
9.83572755714129	9.7408954702751	9.88834500005922
4.49679840223576	4.79428734313071	4.58896260396581
8.91646167670176	9.0250765752816	8.9313045379998
4.55291385385539	4.47855605869861	4.72998078772521
5.29918270029144	5.02367328000582	5.1729609131134
1.8347245736567	1.9713708572154	1.74735172864063
9.04055156089963	9.06713211408868	9.10509507777697
9.49013861125202	9.57698413101549	9.48854586062463
8.73423889442975	8.89272194156001	8.82865266194665
6.62631142982384	6.76425342022649	6.59986654410316
4.96855439708461	5.24590400092038	5.26190133253909
5.09684535743535	5.16115265110496	5.23016968004532
8.82572126721075	8.84117187904629	8.66408713895185
3.61867257908403	3.37982642630251	3.79391792229395
9.87671480746308	9.83032386571875	9.85227848191538
7.68870804367366	7.83359381205608	7.69163891364337
5.42489597707254	5.2622616921209	5.18126918754716
4.81633044517232	4.8167469342228	5.238166114237
4.56660866025337	4.24860403878741	4.33421675545695
9.72537326456751	9.68096029465351	9.75366683154282
5.24906930934765	5.08027780927555	5.23016968004532
4.40831414790793	4.58745012364484	4.84848820193594
5.61499634850459	5.7579565003737	5.70070989883328
7.64728891979403	7.6831948921408	7.66367563056771
4.74583884252639	4.93427990233259	5.01490746215352
7.80193498670368	8.0003947024233	7.9248229686755
4.94776567500679	4.91362370292526	4.83809560654275
5.44729629023497	5.45221463888553	5.50740726059921
5.40214288860436	5.28644902520484	5.21404702135618
5.06823469464152	4.9647095596437	5.10477388682704
4.33019829929717	4.26515305235043	4.40558594269598
8.78879399819207	8.90826047384655	8.67527017991945
3.96710141042335	3.97388793133717	4.02680532409629
4.08591829579281	4.43545857886873	4.46031984363926
3.96710141042335	4.16282477426651	4.07975756363398
4.67173073922486	4.37587400525846	4.55152135536386
7.84061787638534	7.95868864430961	7.84506807747574
7.3505219660006	7.44882812752529	7.34882045382261
9.70217568957521	9.64579832653357	9.76021706397289
4.45323355629849	4.46433559196627	4.50009103799491
4.56660866025337	4.53405040781736	4.72998078772521
9.6833456700236	9.62136417172314	9.6339104227426
4.58017487502138	4.53405040781736	4.41945889300297
8.64145110246799	8.6966245341081	8.58421204890139
4.36195323157474	4.53405040781736	4.62548683121318
8.28599128271375	8.40421035240446	8.36499879415603
3.92522047057126	3.25110822579525	2.9004340899976
9.17179926509849	9.10205682194131	9.14162892648623
5.09684535743535	5.16985990645954	5.0515063885621
5.00925543384332	4.79428734313071	4.63746546110533
4.06678170798025	3.77916406794873	3.95314435695731
4.45323355629849	4.44997075254569	5.00561564764799
4.94776567500679	4.91362370292526	5.06051748186139
8.20261480992812	8.10994095660894	8.00177889197858
4.39302520886084	4.1450267467664	4.34876644553311
7.2834992515938	7.37771142457859	7.1700162979392
7.89744672874196	7.97073062788667	7.84922800040654
4.86148384680292	5.0427941727443	5.238166114237
9.15539065071699	9.18272202979302	9.09131132593308
4.43841505452398	4.28151074355094	4.36317555669567
5.0778346718718	4.88206273946141	4.87923839246358
4.37757274864811	4.6262176043163	4.57658633871502
8.63167244410674	8.67200393643711	8.78345734254372
8.78879399819207	8.95806124159096	8.80986626211888
8.89140490782384	8.9544761268439	9.01788659603461
8.45720148066701	8.53641656432788	8.38833170406812
6.47808614792729	6.49555230495726	6.68990139515934
4.56660866025337	4.57428794008064	4.79578549496868
5.72300905157972	5.5417531147007	3.38574673523787
5.24906930934765	5.05225858615874	4.95826781682441
9.63924484380247	9.63954491273902	9.66291750510224
10.3371593287846	10.232046645014	10.3139304299863
4.69685817704834	4.39100703218357	4.55152135536386
4.26451465868408	4.6262176043163	4.22818917477399
4.33019829929717	4.46433559196627	4.70738442507503
4.23051800174027	3.99395811933425	4.44682353972996
4.48242225120947	4.50657528181543	4.60123700579634
5.04884123221586	5.02367328000582	4.93889960428909
8.69877265368075	8.71233021486844	8.57997651238858
5.62157855240656	5.56163528535248	5.61649946759179
8.14880721032459	8.15801776266068	8.22109495650624
6.13097676075049	6.1065286439063	6.18569759987274
4.74583884252639	4.75991501651869	4.87923839246358
4.78151451332278	4.49263502590287	5.03331919482041
4.5936148906141	4.63890759547503	4.22818917477399
8.64226301103532	8.66614805832239	8.51761210570021
7.01466755047861	7.03250147953066	6.974304013919
5.34761599267806	5.32586451345797	5.45317105076808
4.70925989489062	4.77146548498681	4.79578549496868
8.62757838849806	8.67200393643711	8.56634138742914
4.81633044517232	4.78292242636829	4.85880887567766
9.07585150255507	8.93883479503755	9.03798909288004
5.49825138889702	5.25410648493436	5.42529488580464
9.3765608433527	9.42026542320056	9.3675218057405
4.36195323157474	4.52037953306313	4.55152135536386
4.69685817704834	4.8167469342228	4.31952371637279
4.49679840223576	4.37587400525846	4.60123700579634
4.06678170798025	4.28151074355094	4.63746546110533
9.8983125163771	9.82386596071612	9.77589731806819
4.76972023347874	4.82784443840437	4.84848820193594
7.54518243987432	7.67582931314519	7.46072278300283
4.37757274864811	4.67630865930457	4.41945889300297
4.23051800174027	4.32947888061681	4.04466579390114
8.8859296146484	8.95746435293843	8.89466397987317
3.76826724681747	3.21701200895673	3.17869558504673
4.85032710211612	5.06166011264101	4.89939182623789
7.6585575438292	7.80422639967113	7.76959558773248
6.35698566357205	6.31049728758987	6.25180621390804
3.94631268834552	4.36057737487247	4.11404255411873
8.89617882710841	8.88959365257877	8.92256558658017
4.33019829929717	4.4059799182529	4.37744677951237
4.68434908368986	4.58745012364484	5.13071073889857
7.48678121119326	7.5394948736929	7.62394681863208
4.00780244718206	3.75577635315668	3.95314435695731
8.87836704499842	8.93943959287957	8.8062262031877
5.95444395220104	5.92524695687182	6.15151085579954
8.65035710087454	8.69446927926662	8.79231237936849
4.28121763381913	3.99395811933425	4.2438053531038
4.5936148906141	4.89266147463605	4.84848820193594
8.59859048918513	8.61232510521802	8.57997651238858
4.36195323157474	4.39100703218357	4.00872835847866
8.84701032514846	8.94064841356808	8.83510089809565
4.88354215706221	4.91362370292526	4.81709059164396
4.28121763381913	4.1450267467664	4.00872835847866
9.65785103539254	9.53514139011826	9.66987774666234
4.75782888028111	4.74826948139753	4.85880887567766
9.72498967469202	9.65312007394439	9.6929807742578
4.51103291400331	4.12700198670753	4.19645752228022
8.9672539087651	8.97290220552958	9.00582125593525
7.64567191765822	7.71802556242422	7.54626435462348
5.4324014030811	5.52834140736725	5.85608180413812
3.92522047057126	3.84709348983441	4.11404255411873
8.5132993588506	8.53400270329913	8.42454472507832
6.4524491284893	6.44359085287959	6.36463342999043
5.99050122037365	5.91503085090255	6.05785389960021
8.9910396635674	9.00038868794967	8.90151753698896
4.49679840223576	4.56100216613074	4.50009103799491
9.55112050509152	9.5599272999886	9.49361137281014
4.5936148906141	4.68855916466077	4.91927653954592
4.00780244718206	3.89063306450615	3.91490299491608
5.16147938575562	5.07099958239075	5.06051748186139
4.02773091841128	4.63890759547503	4.25925970283992
4.56660866025337	4.84978169224946	5.11346972139908
5.06823469464152	4.92398949675819	4.86905861639344
9.69475145852778	9.59688063938184	9.74786322555318
8.83000424838344	8.84376213062525	8.80549712402201
4.97883765229289	4.93427990233259	4.84848820193594
9.29211074438737	9.23225069565362	9.27144023272963
4.08591829579281	4.36057737487247	4.02680532409629
5.96483817874141	5.98991205489881	6.06244968568322
3.88208917040095	4.10874464268664	3.72953390662482
4.89444629378307	4.94449600830187	5.04244051624376
4.49679840223576	4.16282477426651	4.36317555669567
4.67173073922486	4.61341277004807	4.94861515268118
6.62631142982384	6.52916254393428	6.69591483638661
6.39976861141818	6.4222599283384	6.33817058147444
9.62780089282161	9.61350033908816	9.75250791574531
4.64615854496949	4.72468685999592	4.67283466203677
7.67767303225209	7.76178232661084	7.84922800040654
10.0114950011873	9.94387560299686	9.96166161807601
9.22373999357711	9.24983976299726	9.15264795257212
8.7821783054738	8.86495268302821	8.85145415959079
9.44521445173556	9.46559093466327	9.41527605778663
3.42199000375	3.77916406794873	3.66224438454179
9.27492614406721	9.28863348996168	9.42493497369903
9.49689314088756	9.52997234716606	9.30468196930426
8.62593751239035	8.71019876902749	8.56205471760875
9.14511146007076	9.21493799633768	9.1727354600907
4.06678170798025	4.32947888061681	4.39158272803954
4.58017487502138	4.73652730172664	4.96785840552781
8.7088842892196	8.7257553173664	8.61435789877818
9.46326011757059	9.4846390796323	9.36351419458517
9.42127097796877	9.37076758165046	9.28894494599565
6.06486366594458	6.06102875784551	6.13411903882536
5.4910811942425	5.34899730985823	5.80243100409025
9.79061363661461	9.81932782545859	9.89081263324863
4.58017487502138	4.37587400525846	4.18033486359107
4.5936148906141	4.78292242636829	4.79578549496868
4.58017487502138	4.24860403878741	4.37744677951237
7.29179075932912	7.37223075460203	7.19813505442878
9.35094505289399	9.41811148073885	9.46623821272709
4.5390879946878	4.89266147463605	4.62548683121318
4.21321490561735	4.1450267467664	3.91490299491608
4.36195323157474	4.18040170253501	4.36317555669567
9.1740479678988	9.12716658149846	9.14627844359206
8.00354612132254	8.13258023206597	7.8766681747932
4.64615854496949	4.44997075254569	4.66113788518423
9.09555757845444	9.16684972279392	9.16645134987659
5.58162786168265	5.56820107221479	5.84550494133787
5.170481229565	5.61965854404498	5.38970056125535
9.42221745114873	9.37121329736681	9.56628610855945
4.63320068898664	4.56100216613074	4.58896260396581
4.14185268453139	4.18040170253501	4.33421675545695
8.51772987829169	8.50553243633729	8.66568985958297
9.53677031593903	9.59839961379487	9.55397551999241
8.7755321801238	8.62898929122896	9.00326869835238
9.03190009039274	8.99167428226835	9.04172832944921
5.31550819893641	5.61965854404498	5.50740726059921
8.21684932169567	8.21968000487669	8.38929603090658
8.92982709354616	8.90144453343675	8.88432422453893
8.96790194253131	8.96163729538124	8.93063412602909
5.87400808501462	5.85748439913279	5.75807587141587
9.93493399727921	9.79674615208678	9.78121401319562
4.5390879946878	4.52037953306313	4.41945889300297
5.10625771162043	5.14357572283646	5.238166114237
13.6279854273849	13.4859990256516	13.8241296723227
13.1283977219547	13.0421716490195	13.2616332233143
4.87255509835336	4.37587400525846	4.7522398786142
4.88354215706221	5.03326602542612	5.0515063885621
9.03128014133472	9.02621443182048	8.91716220601796
4.76972023347874	4.87138401307609	4.81709059164396
3.98759524705111	4.2318591743652	3.72953390662482
3.79176030521606	3.73199554917476	3.83534645862833
3.19424908322947	3.18207382569656	2.82192483704202
8.58091440712612	8.67492281221149	8.78789143323456
6.538516731055	6.38964818826193	6.39798136018441
7.18678567224058	7.33889329421302	7.0730399631782
8.31172746833429	8.41300966266587	8.14130188398157
4.37757274864811	4.16282477426651	4.47369510283411
4.00780244718206	4.36057737487247	4.07975756363398
9.44521445173556	9.48546147112877	9.49269164943611
4.31405521227514	4.03326410601786	4.02680532409629
3.69540519038707	3.8690307436795	4.09699858113347
9.11089646188959	9.17352754201002	9.02482743591293
4.70925989489062	4.53405040781736	4.60123700579634
4.95819742615615	4.70070451416766	4.92912034692787
9.14625721053329	9.23470673607215	9.24452016236715
4.14185268453139	4.42079601729454	4.33421675545695
7.82212201931171	7.85717643345768	7.94962467523125
5.51955090866712	5.58771758204794	5.56615438633805
9.32537285863863	9.34467284436284	9.30676774783126
4.26451465868408	4.52037953306313	4.46031984363926
9.22102370915692	9.18577362953055	9.17501404174667
4.26451465868408	4.37587400525846	4.31952371637279
7.52948751025519	7.49656504888187	7.42434704297654
5.20593800917734	5.03326602542612	5.23016968004532
4.64615854496949	4.50657528181543	4.48695146926341
9.8037515107418	9.80004127358033	9.80974992578232
5.77117322014	5.66931011323072	5.79695822215503
3.19424908322947	3.31693053704602	3.24084338586635
8.70344835762417	8.84828369197546	8.62180010032383
5.49825138889702	5.69349744631467	5.86658418137123
5.71687404763723	5.71727825029659	5.76928894231418
9.12025546632455	9.05436746027381	9.22648294915596
8.77330999369617	8.82749471150144	8.69031426643759
9.3029409276745	9.28674251135767	9.12406298248538
9.82144379020678	9.8887023182034	9.68451071511964
9.21229712161479	9.12769602005651	9.30207063716496
9.07705349202335	9.14401112008012	9.06641981075633
8.48280604648187	8.5396286531758	8.52818896850047
7.89472584044714	8.02253065498542	8.02534303850024
9.08364661851686	8.98407813811517	9.20488111380963
4.23051800174027	4.52037953306313	4.25925970283992
7.59797385059789	7.75760645187339	7.74306923101233
4.31405521227514	4.84978169224946	4.88934915257223
6.3920835334179	6.41507755489635	6.71084320331911
5.39447819552211	5.22935498735736	5.54032982063511
6.28826935247557	6.15494447106603	6.26388183781042
5.79466627853859	5.63223573379018	5.61649946759179
5.38677262388347	5.39415830923206	5.13071073889857
9.34047008334027	9.32362928532837	9.25426746114307
9.73187875864135	9.63289338794397	9.85984962339793
8.98400903530186	8.98407813811517	9.06028516037936
3.79176030521606	3.89063306450615	3.68501324518577
4.88354215706221	4.60049099503595	4.72998078772521
5.2575431826569	5.28644902520484	5.01490746215352
4.5251285502714	4.0902486338208	4.31952371637279
9.16333532022721	9.21543559596646	9.16243853952697
4.78151451332278	4.92398949675819	4.95826781682441
5.03904599973053	4.72468685999592	5.11346972139908
4.24761632268638	3.82481075325538	4.31952371637279
4.69685817704834	5.08949559125659	4.93889960428909
8.93115686009888	8.95686721238099	8.94398543636444
5.38677262388347	5.56163528535248	5.61029849648013
5.97000738374588	6.48531155195528	6.2437011319814
4.00780244718206	3.44004506872458	3.63912250427166
7.9376568729186	8.00391295835087	7.95091867219201
3.45178056963722	3.65815664690507	3.01095363613603
5.28267062048039	5.17851390609664	5.41115893727747
9.57685210699944	9.58887915983095	9.63349192087267
9.05891779878323	9.06878861128843	9.06580748005435
4.51103291400331	4.8167469342228	4.39158272803954
4.51103291400331	4.63890759547503	4.6959565423069
9.26335512930196	9.34694144278028	9.15841490254159
7.79611507447332	7.92069358486679	7.67461263068763
4.93725805590994	4.92398949675819	5.13071073889857
9.49779136364421	9.51233566575539	9.49223157495963
10.0258960733644	10.0211119142472	10.0276910375038
4.467901613833	4.44997075254569	4.71872540295088
4.45323355629849	4.71274649774471	4.98685651472242
4.28121763381913	4.6262176043163	4.58896260396581
4.65900121848666	4.18040170253501	4.30468447549411
8.6822874890097	8.7673329767766	8.60354205876334
7.36434782516819	7.43138124149114	7.29959712737932
7.46494515941569	7.44709308803154	7.42802480415908
7.58453383500519	7.55405683271951	7.77688105118939
4.23051800174027	4.58745012364484	4.52602789006644
8.13964117636133	8.06691069569306	8.14584862958792
5.56123046985032	5.56163528535248	5.59781866295237
4.85032710211612	4.47855605869861	4.80647608844533
4.73374846856153	4.67630865930457	4.87923839246358
4.28121763381913	4.24860403878741	4.47369510283411
4.45323355629849	4.70070451416766	4.74115186170982
9.25434998507018	9.25178067486519	9.25372761266524
4.48242225120947	4.43545857886873	4.5131158492023
4.93725805590994	5.06166011264101	4.81709059164396
5.06823469464152	5.0427941727443	5.36060048862888
5.59506787727536	5.54841159536432	5.60407163397351
8.92583043468349	8.99283930870704	8.97359590088804
4.28121763381913	4.05251507685618	3.72953390662482
9.24154052170961	9.33373265174193	9.32798045154617
9.74442405822363	9.697334446791	9.74825083605666
4.26451465868408	4.12700198670753	4.41945889300297
9.33545518327742	9.39638976875264	9.22152561028525
