k4_temp10_1	k4_temp10_2	k4_temp10_3
6.40318925317846	6.24742593160401	6.35324492967528
6.2994406854193	6.24742593160401	6.26430013613028
9.14401650326438	9.0584195830071	9.2075957616753
8.89710004493444	8.92883312050299	8.78403003160082
9.61626741748158	9.58964108500636	9.60381287537339
6.34825322671407	6.37594257388576	6.38427555066848
6.38770553392365	6.34302189686175	6.2601239262555
10.0073685930526	9.96746994687961	9.96652488611736
6.10484641669233	6.14928124648436	6.21768315958675
9.16914027373877	9.21874064596887	9.18629453269998
6.32405338458691	6.40103808683524	6.39574209646057
9.06286492522732	9.04198922950824	9.08013887646135
6.22297827863684	6.29027046888351	6.20904310479373
6.45981671829796	6.38315737437218	6.40711822574925
6.32405338458691	6.27871120942905	6.32553461528659
6.24891863041857	6.23152515273087	6.27675671946333
9.19494646724214	9.20455634153729	9.07420417151156
7.15668944344798	7.24954703309175	7.20697409432408
9.7834819422147	9.79731697020124	9.82349849887599
6.311799520663	6.37232159837164	6.28910667168918
6.40318925317846	6.42919412728765	6.45905201797347
6.46720185524931	6.41166109953108	6.5779012921879
7.55870736943492	7.56080730473123	7.53541707429691
6.30357207166011	6.40458778919553	6.41465278055561
9.60835696772119	9.56447433570831	9.5880724941883
6.44493205602386	6.47380717231392	6.51970014317833
8.15360294272443	8.06006486554695	8.09776889923311
6.34825322671407	6.3867512895592	6.45174638454601
6.36811423291917	6.34302189686175	6.42214819070632
6.36416384457454	6.35774612602252	6.49858482571189
7.9682468599984	7.8690142418231	8.06582472113642
6.51430521435589	6.43267530808846	6.63706951577059
6.63724846646553	6.64563585084299	6.61434710333391
6.28697506489007	6.27871120942905	6.35324492967528
6.29114225067187	6.32814584319332	6.22198386061232
8.77521195024725	8.79796546485312	8.70096675988383
8.28477791252702	8.35336782242744	8.39206487778935
6.41086923931465	6.39391237284018	6.45174638454601
8.82348428253701	8.90835072080108	8.79561829574199
6.25319703665108	6.35040279557327	6.32153219117182
9.39406168731709	9.42855354676806	9.44501690973573
6.51430521435589	6.48390948546952	6.5021255762577
6.35224736129356	6.40103808683524	6.41465278055561
6.26171597330029	6.28642766367595	6.30135180286147
9.76337539579437	9.76730181504235	9.64563364369462
6.36811423291917	6.35040279557327	6.23905959780707
6.17417462964583	6.22752242379883	6.12886193344757
8.48085417114224	8.44498856106754	8.43345013343071
8.58210975934387	8.57038138256183	8.51018569092914
6.22733418977085	6.25137389390353	6.28500175616101
6.21422680229961	6.42919412728765	6.28910667168918
6.90534697456223	6.91070582699416	6.97185251778384
6.26171597330029	6.32440273862868	6.40711822574925
9.01705530534136	8.99154470251066	9.07122763893324
6.26171597330029	6.23949744807208	6.38427555066848
6.23167698900802	6.27095326142675	6.31349387733406
6.39933387450116	6.35040279557327	6.5473816049945
6.50357090616815	6.4872612642614	6.55080473937717
9.61210943009382	9.63265338109596	9.53418445306059
6.23600675504713	6.33931723890057	6.36884366601696
6.16965496803124	6.19918799217392	6.20904310479373
5.90181896442303	5.99300678259791	5.93815055433319
6.36416384457454	6.29792550810231	6.37271713962978
6.25319703665108	6.28257459551253	6.22198386061232
6.16057294522746	6.13653007044015	6.12427402944321
9.36914657032884	9.30484113514304	9.33118481745805
8.48540756519997	8.47399834262549	8.42414809555741
6.26595665222799	6.27871120942905	6.25173506434457
8.41077031516669	8.56959104750599	8.4754835391721
6.36416384457454	6.31688726873657	6.32553461528659
6.65028390158709	6.5236258638359	6.61107163188498
6.45981671829796	6.47380717231392	6.50918111409029
6.30357207166011	6.28257459551253	6.34143419132096
6.4411867712797	6.41869990020409	6.46269100850028
9.14976499102014	9.07577857605291	9.20107497191749
9.17535344464439	9.23677506000283	9.23072283516781
6.27440079768081	6.18687221804506	6.25593559252578
6.49637007179844	6.28642766367595	6.3374756941869
9.3612405548154	9.35478055080254	9.31113975455075
6.24891863041857	6.26315337101474	6.22198386061232
6.20542191594953	6.25137389390353	6.2972816294204
8.77074239692828	8.82999817049114	8.74944108098077
6.25746279275021	6.21139952244098	6.31751863256187
6.28697506489007	6.32064989740499	6.32553461528659
10.7279426388504	10.7454373518844	10.6585918322211
10.2525257236328	10.3199768058526	10.3517036938169
6.19656296367599	6.29792550810231	6.28910667168918
6.29529743453706	6.26315337101474	6.16504921628143
6.19656296367599	6.25923755520448	6.16504921628143
9.2963825332367	9.26536450095582	9.35683384509787
5.90725887565453	5.95477854085065	5.8903145746133
6.47088029548862	6.47718247605886	6.56441662960895
7.89894362939635	7.91453995381827	7.96166310302174
6.35623046873381	6.31311480143934	6.3374756941869
6.43366690677839	6.39391237284018	6.34931875019344
9.71611589806448	9.63718669122252	9.64763324925418
6.50715789033301	6.54950875184863	6.53706319785641
8.05412441982373	8.06343716605045	8.08602003370007
9.97729601398727	9.94235223473997	9.87731786565548
9.38726497803255	9.28764279529965	9.29183545939881
6.34023163072519	6.33931723890057	6.42214819070632
6.31998031668885	6.33187926149036	6.35324492967528
6.21860917619222	6.32064989740499	6.07757423983387
9.83648148336259	9.7929220326234	9.82703196344369
6.16965496803124	6.27483745001859	6.28088512776322
6.30357207166011	6.24346713619817	6.40333614091362
6.35224736129356	6.33560304352108	6.2601239262555
9.57199912394571	9.52954367017076	9.47910381323304
6.16057294522746	6.21139952244098	6.10577511044243
6.56336894155605	6.54629867130506	6.64028655655598
6.45610992482883	6.52035760757232	6.487910134762
9.9656107864515	9.95813972105327	9.95138747050707
6.45239358290309	6.47042395336322	6.41465278055561
9.66605285260332	9.54651236923533	9.7705324202048
6.70752829869816	6.77742130051253	6.76930677306088
6.30357207166011	6.27483745001859	6.1560871332411
6.39933387450116	6.34671706625925	6.39574209646057
6.08578209116275	6.16192071122357	6.06805010749731
6.17868017662913	6.1535067168947	6.11967148927303
7.78388726363369	7.77615518280519	7.94224479730245
9.54171381429396	9.60167519023464	9.53115489811906
6.35623046873381	6.30554014420516	6.26430013613028
6.25746279275021	6.11502442769234	6.05364497409027
6.20983107608914	6.21544717094426	6.16504921628143
6.18317169686308	6.27095326142675	6.10577511044243
6.68236632991588	6.85730663804369	6.80701098859747
6.71375081453845	6.71589288164781	6.78392523836141
6.25319703665108	6.16610937823074	6.22627177952934
9.07801816184865	9.06010864365581	9.02459615014693
6.14223556397716	6.18274348577523	6.18280807710942
6.29114225067187	6.29027046888351	6.40333614091362
6.25319703665108	6.3650522687067	6.28500175616101
6.32811498582893	6.42570452631033	6.40711822574925
9.0289567387486	9.1490297173632	8.99474557909309
8.29622628983931	8.40744404865989	8.27379797072888
6.30357207166011	6.33931723890057	6.43702318933007
7.80589789561682	7.73727078222485	7.76496203501194
6.12366210703079	6.13225451088229	6.12427402944321
6.3362040453257	6.35407913291343	6.21336960002047
9.29275010484883	9.30008434753062	9.25610862026194
6.36020260975433	6.41166109953108	6.4296048608341
9.40227201728744	9.46725798265078	9.38107365232408
8.09402720408125	8.14845933811963	8.14156184840981
9.52012935575249	9.50866684447164	9.49873292518739
6.17417462964583	6.19098916859812	6.1959852234647
8.39730235961597	8.39768061290387	8.31363559712491
9.0308269698916	9.08631563279253	9.04294390435478
9.87273379733794	9.90775002553506	9.8656830259362
6.40318925317846	6.34302189686175	6.34143419132096
9.88829066957834	9.94418270960978	9.72920815717953
6.16965496803124	6.32064989740499	6.21768315958675
6.41086923931465	6.34302189686175	6.48433428037976
6.48185967608197	6.52035760757232	6.51620231497126
6.44866764320204	6.37594257388576	6.49147714809218
9.16914027373877	9.05447073417985	9.16299746398311
9.39454594348831	9.37210812071975	9.32919279775661
6.46720185524931	6.37955448412709	6.47715587239316
6.311799520663	6.29027046888351	6.44440356847144
6.31998031668885	6.26315337101474	6.21336960002047
6.19656296367599	6.24742593160401	6.18280807710942
6.311799520663	6.20326999758637	6.35324492967528
6.38380849902449	6.3614038222802	6.39954411528188
8.72064110982811	8.72246964627986	8.56792013767553
6.22297827863684	6.24346713619817	6.23905959780707
10.428827054179	10.4366117592951	10.4415751296125
6.23167698900802	6.2355168071184	6.1959852234647
9.87203847198314	9.83628030500976	9.83020469908726
6.311799520663	6.33187926149036	6.31751863256187
6.20542191594953	6.26315337101474	6.27675671946333
6.28279580765894	6.34671706625925	6.43702318933007
9.9226082108018	9.86490794521725	9.80139571737745
6.64703606804231	6.58748272091889	6.50918111409029
9.29482689796687	9.35615610886995	9.44087182669413
6.54254560275417	6.48054990154708	6.34143419132096
9.20547228954428	9.20760759736074	9.31919123158695
9.77234625139468	9.80539569340163	9.66511128847061
6.4411867712797	6.40103808683524	6.42588134322886
6.21422680229961	6.27095326142675	6.22627177952934
6.12366210703079	6.19509440448208	6.16504921628143
6.24462749880282	6.26705858734678	6.22627177952934
9.44170018064091	9.46598442505653	9.33664873162776
9.21920607728972	9.14107196621313	9.14385844350999
8.76625895363804	8.85615928905583	8.77966032207881
9.44871219602547	9.39370224318528	9.384914504257
8.28790921773807	8.29336103119709	8.40062717052007
9.14113364708813	9.12663645666446	9.14329166941991
9.17478971532592	9.16951675839284	9.10247069883365
6.21860917619222	6.17445040500167	6.09174357886204
9.90606102957648	9.8995972732544	9.8082052068929
6.45981671829796	6.41869990020409	6.35324492967528
10.0035642643022	10.0164303353747	10.004780229625
6.3362040453257	6.33931723890057	6.32153219117182
6.24462749880282	6.28642766367595	6.23054699209052
6.19656296367599	6.25137389390353	6.20470359609091
6.24462749880282	6.25923755520448	6.32952596651327
6.27018490281004	6.27095326142675	6.24329713914231
6.5564611696045	6.47042395336322	6.5542197708956
6.20099923951898	6.27483745001859	6.1379942032367
9.35925726277555	9.29339838544374	9.35389750837054
9.75208280940775	9.76488721665639	9.57929961718029
6.27440079768081	6.25923755520448	6.24752227049695
9.09599442237607	8.8483606439164	9.05142698419385
7.55697793389991	7.53674642088653	7.47723969190485
8.52663794414439	8.62160885374982	8.58805167379576
8.45136711443625	8.37614641075258	8.52069749313836
6.22297827863684	6.27483745001859	6.26430013613028
6.23600675504713	6.16192071122357	6.25173506434457
6.62078677817355	6.56862067287227	6.53014303143112
9.9521863044448	9.90743730857698	9.92360129813749
7.4951033209698	7.57977120297647	7.5474618022982
6.17868017662913	6.14504336413392	6.28910667168918
7.52548825393788	7.58134033308862	7.68154176998821
7.00257890519009	7.04185808376591	7.06337250732546
6.30769166101556	6.29792550810231	6.35324492967528
6.42231310335201	6.40812877920694	6.39193003164091
9.51345678624306	9.5853466742609	9.47189921559167
6.21422680229961	6.19098916859812	6.06805010749731
6.20099923951898	6.17860290416371	6.0964359353022
6.21860917619222	6.23949744807208	6.22627177952934
6.92960804128823	7.0464097153574	6.98709365301984
8.63224613646479	8.71248023437076	8.60461599085393
6.41086923931465	6.3867512895592	6.38043302678176
6.16965496803124	6.15771984785536	6.23054699209052
8.20751239126816	8.32648606598542	8.10593654444508
6.32811498582893	6.38315737437218	6.42214819070632
10.2198352545528	10.1687546728885	10.1918002377835
9.37406591897807	9.41937111927828	9.25820407642615
6.31998031668885	6.24346713619817	6.34538185695214
7.0152297377089	6.98134177500397	7.14717182708084
6.29529743453706	6.1535067168947	6.23054699209052
6.27860440883978	6.27871120942905	6.08231283186872
8.79808660142343	8.83197679468308	8.8042488152951
9.61958520060662	9.59081007279796	9.66984150547889
6.22297827863684	6.22752242379883	6.22627177952934
8.92485547190074	8.91831790216127	8.92589335711262
9.18266195091289	9.25458681533928	9.20813783277408
9.10371510975921	9.08742033293423	9.22644810068697
7.87137623410002	7.80330178502174	7.92388216046384
8.91543792278782	9.01146914229583	8.87491298661351
8.55116971458233	8.665912341123	8.53459513813902
6.55991918991227	6.59682206781215	6.62087582083507
6.99237775547122	7.00257821316992	6.9434852542016
8.90187673691868	8.92203791334077	8.82418815294202
6.35224736129356	6.33187926149036	6.35324492967528
6.34825322671407	6.29792550810231	6.30945786284439
5.98133935134836	6.03483648402309	5.91708568028542
10.2917891145888	10.2310581966926	10.3711967432631
6.49275613190106	6.456811177351	6.51269598574902
6.3321651847953	6.4222064643254	6.42214819070632
6.42610764109143	6.43267530808846	6.50565765827026
6.30769166101556	6.25531108222263	6.26430013613028
6.62739401033952	6.61838159946995	6.62412913373605
6.64703606804231	6.52035760757232	6.73360600792984
8.39343116615036	8.39946070469075	8.36994976347994
6.21860917619222	6.35040279557327	6.20470359609091
6.32405338458691	6.40812877920694	6.45174638454601
6.06159187087033	6.05304515081525	6.08703591113321
6.51430521435589	6.42919412728765	6.53706319785641
6.31998031668885	6.24742593160401	6.36106537950062
6.01195954855104	6.0754874961132	5.97428984298587
6.35224736129356	6.31311480143934	6.43331879312692
6.25746279275021	6.21139952244098	6.17395597125786
9.21537377681653	9.21823645774544	9.12790399176097
9.73993915282048	9.64808373834177	9.80426678924606
7.14292099604365	7.16417051624539	7.23277741383131
6.3321651847953	6.32440273862868	6.27675671946333
6.311799520663	6.3614038222802	6.49147714809218
6.27440079768081	6.29027046888351	6.34931875019344
6.4411867712797	6.24346713619817	6.46632084342365
6.42989222487166	6.31688726873657	6.28500175616101
8.71832191067975	8.47989921231052	8.70711587216067
6.30357207166011	6.30933244392667	6.18280807710942
6.83287675494669	6.64563585084299	6.78973140043057
8.29933287184548	8.23074962122321	8.33463952645256
6.23167698900802	6.21544717094426	6.16057513369655
9.26706375495655	9.16899506757449	9.23764237711258
6.47088029548862	6.35407913291343	6.39954411528188
6.41086923931465	6.46022643186313	6.42588134322886
6.20983107608914	6.1535067168947	6.1560871332411
6.47454938079309	6.56545288289342	6.65308346060863
9.33069503804834	9.30341574493988	9.26759614642418
9.06833844364423	9.10825049859973	8.9526657179375
6.23600675504713	6.31688726873657	6.41840535327557
9.50316519544922	9.47993210435063	9.47775568888552
8.1919958054631	8.10330163872209	8.27793487979388
8.70041642938325	8.71462665312997	8.75538743480317
6.16057294522746	6.25137389390353	6.17838881337932
8.81265426353413	8.73591701143303	8.66588098760478
6.2403235658806	6.15771984785536	6.0964359353022
6.98467927668048	6.9379074536796	7.05857114494337
8.93287901465037	9.08077940799074	9.04840303570869
6.50357090616815	6.5105081800884	6.51970014317833
7.60630855416628	7.66066920629718	7.5474618022982
6.25319703665108	6.14079299671229	6.0584626839913
9.42045730025333	9.46045264708731	9.39161148808641
6.30357207166011	6.29027046888351	6.32553461528659
6.17417462964583	6.12796624293977	6.10577511044243
9.18714115985111	9.14955867667439	9.04961337580713
8.87228122619338	8.89768459270869	8.82913022368217
6.67281628929288	6.7044184086088	6.67834169465874
9.85806112248266	9.82705107818646	9.85914010128011
10.0898184793223	10.0651860265559	10.0408306137561
7.25596613661974	7.23566388009119	7.28097983373338
6.51430521435589	6.56227812203816	6.61107163188498
6.32405338458691	6.26315337101474	6.23054699209052
11.0998460193456	11.0767851612538	11.069759616723
6.34424800377013	6.41166109953108	6.32553461528659
6.24462749880282	6.26315337101474	6.31349387733406
9.29586417450402	9.29100301275442	9.28773827315157
9.31184731853649	9.35569773522593	9.33664873162776
6.37598270663977	6.40103808683524	6.45905201797347
6.5564611696045	6.63055820655551	6.64349643975918
6.68869808317486	6.63660818636986	6.72150669714684
6.28279580765894	6.24346713619817	6.24752227049695
9.98535542750632	10.0302833032004	9.96748573278064
9.83148290356342	9.82175060423226	9.79995803597838
6.25319703665108	6.26315337101474	6.32153219117182
6.49275613190106	6.59060255891783	6.58793271590165
6.24891863041857	6.29027046888351	6.32153219117182
6.8834336539085	6.84690739456146	6.84932563171516
9.31338471851472	9.24867396403374	9.24505726215628
9.04076079473897	9.02997348018623	8.95201860989074
6.2403235658806	6.18687221804506	6.14253875197255
9.41664782261377	9.44975462486913	9.29387969733763
6.36416384457454	6.35774612602252	6.30135180286147
9.25110868369271	9.21217241515453	9.32669889898897
6.49997498154942	6.51379879958705	6.44440356847144
9.18490329373428	9.21115925867197	9.14555743103416
6.22733418977085	6.2194834953027	6.20904310479373
9.49641351740926	9.48329314969039	9.3987524973307
9.31747646019318	9.26389954903813	9.37287773142662
8.91002873564831	8.97552396621449	8.76720711653703
9.13419119763319	9.16481473575932	9.04840303570869
6.12366210703079	6.08436758983588	6.06326435966932
6.30357207166011	6.29792550810231	6.36106537950062
9.37406591897807	9.47107192380139	9.32919279775661
6.16057294522746	6.20326999758637	5.99454156231845
9.96528484190417	9.92268127965268	9.94229335659706
9.44731251677059	9.39057316030152	9.50183126081497
9.27181607027531	9.24224090922554	9.11582128869462
7.12901988227775	6.96700847161079	7.06337250732546
6.32405338458691	6.33931723890057	6.43331879312692
8.33307092604174	8.31521438402555	8.22642150517301
6.44866764320204	6.31311480143934	6.25593559252578
9.63072672065171	9.58925121182371	9.72542646668302
6.83287675494669	6.6957522638831	6.6720684720415
9.43700649802145	9.40349255215594	9.39494835820302
9.70756702487212	9.70820593313101	9.72315268506516
6.55299484089992	6.52035760757232	6.53014303143112
6.19656296367599	6.22350855870158	6.20035099539213
6.37598270663977	6.35774612602252	6.36884366601696
9.42093277845995	9.31807730272075	9.401599033356
6.21860917619222	6.18687221804506	6.28088512776322
9.81927090113081	9.76626748196951	9.88885962456732
9.9600596891692	9.94357280933736	9.93837826190108
8.98718606948377	8.98266626606588	8.88579642517913
6.18764927741145	6.30554014420516	6.21768315958675
9.81493598296113	9.84512434739463	9.73260322384352
6.91077369025441	6.82588129178052	6.84654294173565
9.36569301834971	9.36711361135417	9.21947452877153
6.38380849902449	6.35407913291343	6.33350630594907
9.37994708068468	9.3689317977765	9.37866791688814
6.48185967608197	6.40458778919553	6.46632084342365
9.17083743030096	9.20404717090461	9.14045445422698
13.3456897579281	13.2770969368803	13.3891264383209
6.91618006992097	6.85730663804369	7.05133900700837
12.4293533899047	12.4110981585614	12.4530059361981
6.75355586351834	6.71016705275249	6.72454105104432
6.70752829869816	6.58435612171024	6.71541877612746
10.1046926826775	9.98595130482091	10.0508378933731
6.30769166101556	6.33187926149036	6.35716045355071
6.16512110307491	6.17445040500167	6.1560871332411
8.59817558440871	8.57590163818134	8.80281397599661
10.008318109826	10.0000986045252	10.0227639614443
6.24462749880282	6.19918799217392	6.08703591113321
6.24891863041857	6.31311480143934	6.20904310479373
9.0622554726619	9.05447073417985	9.07122763893324
6.13297872424828	6.08436758983588	6.08231283186872
9.76861517159032	9.74682255388554	9.79455393473982
6.39159207060545	6.50059104800934	6.49147714809218
7.14522488158901	7.19114049186155	7.22422748306212
9.68913202196927	9.63038137301968	9.68081873617756
9.51390258561778	9.49790634798143	9.62832165740083
6.14684180603656	6.16610937823074	6.15158512805605
6.23167698900802	6.24742593160401	6.24752227049695
9.2963825332367	9.25261855630697	9.27744410986234
9.08403517055152	9.12932061951203	9.00351597908554
9.61585215759599	9.68431084405621	9.6412247313957
7.28550894336303	7.37788387120463	7.2306446767305
6.41086923931465	6.4465166358877	6.46994156869778
10.0841258281445	10.074408268818	10.0383941167856
6.60078156210907	6.57178152251942	6.58125285608519
9.26970586253631	9.29052346058899	9.32520048779809
6.22297827863684	6.26705858734678	6.23054699209052
6.4411867712797	6.41869990020409	6.4108904217713
9.44637864228333	9.44889534622595	9.49296116005836
9.68081834630821	9.70461080708376	9.69558405638226
6.08097638602929	6.06206402407844	6.02439590257001
6.38770553392365	6.31688726873657	6.27261646365181
8.9612690637559	9.03799508890302	8.9206110518607
10.0464117113447	10.0050760235792	10.0625758739686
7.9071121655013	7.99562361271247	7.9578002947986
6.29529743453706	6.33560304352108	6.31349387733406
6.37205383402373	6.33560304352108	6.45905201797347
7.6426379242756	7.63067207803346	7.7170151827783
5.93947451497506	5.95961283396203	5.93815055433319
10.0762993043949	10.0932277850281	9.99538958560826
6.84142689748056	6.8521163861869	6.81841679645783
8.33811461786941	8.46552643955284	8.5163268797351
6.10010390047613	6.16192071122357	6.07757423983387
8.52309910339355	8.62845557849485	8.47818277216453
6.3321651847953	6.29792550810231	6.44807964797971
6.11428493527779	6.09758608117128	6.10111307972574
9.86855680949437	9.86265142748742	9.90466387641199
6.26171597330029	6.25531108222263	6.30541052592164
9.44029367855997	9.42593595430916	9.39065667731586
9.34379360057442	9.34834388111885	9.32169813092529
6.26171597330029	6.33187926149036	6.10577511044243
6.44493205602386	6.51708193074702	6.53360726382333
9.42093277845995	9.39548724816483	9.40349360859295
6.13761456831835	6.17445040500167	6.10577511044243
9.54258799004935	9.58103944234914	9.60257643839931
9.42473097319836	9.4933295582221	9.38059282606042
6.41469395558818	6.32440273862868	6.27261646365181
6.84709897050806	6.82852637398214	6.83254840925855
8.93421194413903	8.92265698370627	9.00912606860406
9.81818839209714	9.7686797732784	9.88106207782372
6.09534574332577	6.14079299671229	6.1379942032367
6.27440079768081	6.37955448412709	6.4735532299318
6.79229209526486	6.86247828448314	6.84932563171516
6.21860917619222	6.19918799217392	6.19160620035453
6.57024379636403	6.52688673308169	6.65626502916765
6.21422680229961	6.14504336413392	6.29319994080969
7.98763475080158	7.97428373526317	7.90928860321073
9.73993915282048	9.80405237720865	9.6694479125517
6.49637007179844	6.43267530808846	6.53706319785641
6.34023163072519	6.24346713619817	6.30135180286147
8.57015623972917	8.62237120751573	8.6885893454235
8.25841597245869	8.10983992478173	8.21998544449235
8.91543792278782	8.81407072008512	9.09134799715314
9.06103579461513	8.90271377149211	9.02828441576123
6.79229209526486	6.75256690583754	6.83254840925855
9.33776288433187	9.29100301275442	9.31164429044049
9.25324624903635	9.29770005932089	9.25558428031835
6.16965496803124	6.16610937823074	6.00954595256358
9.98471232867385	9.92051340630081	9.99852659680878
6.4411867712797	6.37955448412709	6.39574209646057
9.93531131648375	9.89707943694716	9.94131557852269
9.99368972962915	9.94174155997816	9.88919769418803
9.72807669911665	9.72462909106152	9.76021938649409
10.3709445950465	10.3265409997101	10.3682895235313
9.58351277848461	9.56209228850874	9.54623945235846
6.46720185524931	6.48390948546952	6.51970014317833
9.03331684599133	9.04654046228548	8.92457459288373
6.46351401225003	6.51708193074702	6.60120036084436
6.35623046873381	6.41166109953108	6.4735532299318
9.12721517855023	9.18765809635201	9.08840666181527
6.34424800377013	6.33187926149036	6.32153219117182
6.42989222487166	6.34671706625925	6.36106537950062
6.35224736129356	6.28257459551253	6.26846429213537
6.39159207060545	6.33931723890057	6.34931875019344
10.3036979515716	10.3270087298169	10.3169439561814
6.42231310335201	6.48054990154708	6.36495976473879
9.12429851883423	9.15799575556211	9.11813057121406
8.39633553465046	8.36160960648957	8.32966625658245
6.13297872424828	6.07993437514684	6.00954595256358
6.88067093692117	6.7553497446476	6.85764164239969
6.11898113962772	6.19918799217392	6.10111307972574
7.13598718205082	7.12166802325313	7.21778161790291
9.40707988646105	9.47993210435063	9.32719802374567
6.18764927741145	6.19098916859812	6.17395597125786
6.21422680229961	6.26315337101474	6.2601239262555
6.39159207060545	6.3614038222802	6.44807964797971
8.4069351400167	8.38785065272498	8.47458267141408
6.28279580765894	6.25531108222263	6.22627177952934
7.63610026631446	7.66659450631453	7.70784500880908
6.12366210703079	6.14504336413392	6.09174357886204
9.53514055745503	9.51893833409266	9.39732712039056
9.69425467733262	9.69449653001702	9.62467177797377
9.73650525123949	9.7217862861784	9.79093992166938
6.37598270663977	6.32814584319332	6.42588134322886
7.99531753749732	8.04194490944258	8.04169783451793
6.29114225067187	6.31688726873657	6.27675671946333
9.1888172843316	9.20963818862452	9.16187864030102
9.34729991156137	9.40349255215594	9.34751486872814
9.40082652658245	9.41893239964428	9.37287773142662
9.08403517055152	9.07410777254368	9.00850380154653
6.20542191594953	6.34671706625925	6.28088512776322
6.14223556397716	6.17445040500167	6.15158512805605
8.93820335940795	8.9484209367598	8.87012554247352
6.34825322671407	6.40103808683524	6.44071809828815
6.31589571720761	6.25923755520448	6.20904310479373
6.4782091586239	6.51708193074702	6.65308346060863
6.34424800377013	6.39033627429136	6.48074954101105
9.15033858201935	9.21217241515453	9.07420417151156
9.06469173970113	9.17991115342627	9.03563277968864
7.05498267630509	7.00257821316992	7.05857114494337
8.96192269557289	8.88693902016194	9.08013887646135
10.2000256316491	10.1158708657177	10.1909777908806
6.35623046873381	6.4222064643254	6.41465278055561
6.20542191594953	6.27095326142675	6.32553461528659
6.10484641669233	6.13653007044015	6.10577511044243
6.31589571720761	6.28642766367595	6.30541052592164
9.23767666326694	9.26682796683065	9.37866791688814
6.52141730445587	6.41869990020409	6.4735532299318
6.1921130045299	6.22350855870158	6.21768315958675
10.0750914463938	10.0256804112521	10.0550625238751
6.36811423291917	6.47380717231392	6.45540382554037
6.06646247146503	6.10196546802014	6.0390945591957
9.19160650499798	9.17472331713747	9.25505974973693
7.97732697542068	8.00149576443954	7.93571351008739
9.76861517159032	9.72711195847744	9.69093762870147
6.47088029548862	6.50059104800934	6.47715587239316
6.4411867712797	6.4465166358877	6.57117471553736
6.2994406854193	6.29027046888351	6.24752227049695
6.17417462964583	6.23949744807208	6.20904310479373
6.67281628929288	6.65162306247584	6.73961782319836
9.13824501872884	9.13199979769567	9.13818065783815
8.99231406568995	9.00329825870762	8.88376202453919
9.17816879182787	9.14532156185861	9.11639895595479
10.0981669184442	10.0824642811744	10.0526499643229
6.1921130045299	6.21139952244098	6.13343529407546
6.3321651847953	6.37955448412709	6.39574209646057
6.23600675504713	6.23949744807208	6.31751863256187
6.40318925317846	6.46703278199716	6.45905201797347
6.10010390047613	6.13653007044015	6.19160620035453
6.31998031668885	6.28642766367595	6.34931875019344
9.4995682329979	9.49040947777001	9.34997307297805
6.18764927741145	6.23152515273087	6.1560871332411
6.32405338458691	6.39033627429136	6.25173506434457
9.56211819502597	9.54892025840886	9.54838157093404
7.88660344606757	8.0201276287676	7.89723763412758
6.37598270663977	6.40812877920694	6.35716045355071
6.27440079768081	6.27483745001859	6.20904310479373
8.46986703033484	8.50326425702504	8.43992605698726
6.6041350880943	6.60301487956932	6.64349643975918
10.1498516201361	10.1611676112993	10.0848839682089
10.014002124266	10.0885458710368	9.89728768950196
9.05859334074985	9.10279796842945	8.92457459288373
6.46351401225003	6.3650522687067	6.4735532299318
9.17253259270968	9.224275118163	9.11408689779959
6.34424800377013	6.28642766367595	6.27261646365181
6.78048364658648	6.80722867174092	6.79551428931025
6.14684180603656	6.22350855870158	6.22627177952934
7.42477723450212	7.43106544056937	7.67684982823661
8.95799645523365	9.10225158029432	8.8796845966205
9.45893522680987	9.49665957183608	9.57215848305566
6.4855009799116	6.48054990154708	6.4296048608341
9.91418948699773	9.86523001697033	10.0246116166742
6.28279580765894	6.2355168071184	6.20904310479373
6.50715789033301	6.5105081800884	6.50565765827026
9.3896960516295	9.330260235602	9.40821919022347
9.16460473793627	9.13146435994357	9.22162383565516
6.90262594278569	6.91070582699416	6.97949321174646
9.57499297990852	9.59158887209715	9.51984623608681
7.51839621642524	7.60929669620817	7.40342392117597
6.311799520663	6.24346713619817	6.25173506434457
6.80400467692541	6.86763145841691	6.72756903638409
9.17591695377321	9.20098836759301	9.22162383565516
8.19644617089858	8.28471879180343	8.21890997071208
6.22733418977085	6.2194834953027	6.16950946704925
5.92881569782566	5.96443098252344	5.88490022226631
9.90470182296403	9.89203054324667	9.87561273338355
6.20983107608914	6.12796624293977	6.16057513369655
8.97945973629983	8.94171757943802	9.03318748145167
8.11651061849216	8.14209413449818	8.20485536154172
8.02188960423261	8.03852193469844	7.99219878878913
8.72988080307705	8.79458745390857	8.62586913825268
10.1805019326196	10.2010084394944	10.1143906543573
5.9709864796811	6.01174764293223	5.86303730529968
6.34424800377013	6.36869151196646	6.40333614091362
6.23167698900802	6.25137389390353	6.23905959780707
9.65720118943257	9.66557151993642	9.69171307326392
9.85102133594579	9.83693728175766	9.90165090225317
9.23767666326694	9.28379293896115	9.27950882711851
8.6558680447276	8.57983178574731	8.85912278678693
6.42231310335201	6.40103808683524	6.48433428037976
6.59405103375665	6.7413815598443	6.72454105104432
7.10318132331972	6.94279857021249	6.10577511044243
6.7414247126679	6.4872612642614	5.92238080262261
9.99752015178683	9.92051340630081	10.0022820284615
9.87897669096452	9.85845136486781	9.94327047243698
6.46351401225003	6.51708193074702	6.4296048608341
9.58011089428251	9.43854388349142	9.58348383153791
6.71375081453845	6.57493546217924	6.68770067820867
6.53553716052424	6.47380717231392	6.487910134762
9.44170018064091	9.44803555548587	9.51853566792964
6.63397112106402	6.58435612171024	6.77809561502185
7.41335290862389	7.37968853961834	7.47723969190485
7.11263079248088	7.03957687159064	7.20480284022098
8.52132642248056	8.48326033304044	8.66982181013191
6.82139716622367	6.6957522638831	6.91454901198061
8.8177183912391	8.75411787969843	8.9212723986804
8.21520854773929	7.99444630876868	8.18185849683772
6.7863999522848	6.77468075162605	6.9590274101276
8.95471640625066	8.87034822777426	8.93181292364257
6.18764927741145	6.25923755520448	6.09174357886204
7.29798727207334	7.22566490513421	7.30550380864861
6.25319703665108	6.23949744807208	6.17838881337932
6.83287675494669	6.88043443552066	6.86590999278127
6.86677743324172	6.7413815598443	6.81272516404631
6.42989222487166	6.47042395336322	6.4735532299318
6.4782091586239	6.456811177351	6.56779962967168
6.41469395558818	6.46363362074316	6.43331879312692
6.39933387450116	6.37232159837164	6.38043302678176
6.62409417667016	6.54950875184863	6.64669919715889
9.36865371162579	9.33956221208572	9.38874515793044
9.35179554012158	9.21672283500054	9.30456468076843
6.45610992482883	6.41869990020409	6.40333614091362
6.34424800377013	6.20326999758637	6.2601239262555
9.52853721419016	9.45404335793128	9.63438434481501
6.41469395558818	6.32064989740499	6.29319994080969
6.39159207060545	6.37594257388576	6.4108904217713
7.22362706285068	7.16835270137953	7.23490700277495
6.87512958068867	6.7413815598443	6.78101337119447
6.47088029548862	6.56227812203816	6.51620231497126
10.3819759310312	10.282847841985	10.3646472410328
10.0787119908831	9.96476738216568	10.0652711298725
7.30212284556151	7.22767025182325	7.34744253739127
7.83044394962023	7.65769740532041	7.86597544901267
6.85837665170374	6.84167952735555	6.97440391461096
6.89989976928048	6.76366619844093	6.97695080730694
7.19054643450488	7.07787528670579	7.2199334411588
6.62409417667016	6.52688673308169	6.62412913373605
7.05987565074713	7.04413569457049	7.1982694024883
6.91887568126239	7.01424254554118	7.11052723421316
9.91249983093361	9.88664666259147	9.96524276097275
6.59742022282738	6.62752367605538	6.76046406200959
6.92693242685899	6.97180207923007	7.07054472243587
6.35623046873381	6.40103808683524	6.39574209646057
6.54603709793083	6.3650522687067	6.67834169465874
6.99237775547122	7.01191721139865	6.99967274761438
6.96394687229234	6.90319731735349	6.96417114249962
6.44493205602386	6.43961257101344	6.51620231497126
6.311799520663	6.30173784987034	6.36106537950062
6.39159207060545	6.28642766367595	6.45540382554037
8.23913260090656	8.13142265373769	8.33463952645256
7.38243822755043	7.28078707158324	7.4790375506541
9.78311213399498	9.70928272628273	9.85222060363103
6.85837665170374	6.7719349869239	6.89582819647784
6.35224736129356	6.35407913291343	6.45905201797347
6.3362040453257	6.3867512895592	6.45174638454601
6.23600675504713	6.24346713619817	6.23480957337717
7.41335290862389	7.34500775478497	7.46821663707764
7.00765255789769	6.98608807171542	6.87413122604036
6.37990090904022	6.3974796291488	6.43702318933007
9.38482980093871	9.23727281197873	9.29643092814183
6.44493205602386	6.456811177351	6.43702318933007
6.25746279275021	6.19098916859812	6.0584626839913
6.32405338458691	6.21139952244098	6.34538185695214
9.72345846749518	9.65219566468213	9.71935506724293
5.97617220182976	6.03941024074951	5.93291309932289
6.52849450630776	6.62448274941635	6.60778870702445
6.78344483215487	6.81525219926055	6.86865561254774
9.16573995934822	9.02824874590081	9.2005302400464
6.53553716052424	6.57808252199753	6.64028655655598
9.83755035810134	9.8316730717502	9.91632154454489
7.88108485567575	7.68276470574166	7.94354751406484
6.36811423291917	6.3650522687067	6.40711822574925
10.9139027715492	10.7898849071471	10.9211320547188
7.08649434432765	7.03729204663768	6.96929660086651
8.02188960423261	7.89826534366873	8.03682365836111
10.3165318080378	10.2260513730143	10.3894743253355
7.51305421524692	7.43106544056937	7.57797995873676
6.41469395558818	6.40812877920694	6.30945786284439
6.83858247648177	6.73857162060384	6.87686125920418
6.23600675504713	6.14928124648436	6.17838881337932
6.27440079768081	6.22752242379883	6.17395597125786
6.16965496803124	6.20326999758637	6.09174357886204
9.2071272637725	9.16951675839284	9.18188590388875
6.37990090904022	6.38315737437218	6.36106537950062
6.2403235658806	6.28257459551253	6.19160620035453
6.29114225067187	6.33560304352108	6.44807964797971
6.39933387450116	6.47042395336322	6.45540382554037
6.23167698900802	6.21139952244098	6.24752227049695
6.00182485317182	5.98828328140321	6.01946288301399
8.05657444326511	8.03737913597444	7.94094090315915
6.48913311650404	6.51379879958705	6.58125285608519
9.15263066823324	9.08465699491431	9.03990210379908
6.36020260975433	6.32814584319332	6.34143419132096
8.12587348751732	8.24962263998719	8.17854310031991
8.35413695115764	8.2981399994703	8.34749036186962
6.16965496803124	6.26315337101474	6.09174357886204
8.89162153210146	8.93068081751572	8.9744964513814
6.24462749880282	6.19918799217392	6.17395597125786
9.30619612690482	9.24025572284419	9.33068707033328
6.09534574332577	6.11502442769234	5.99956038404793
9.28336736114329	9.26828994967445	9.23498494093823
6.28279580765894	6.29410306566137	6.29319994080969
10.024677876464	9.99598661991958	9.99538958560826
6.23167698900802	6.25923755520448	6.17395597125786
9.63851578869297	9.69123039545461	9.6029887018093
6.32811498582893	6.22752242379883	6.27261646365181
6.49997498154942	6.54629867130506	6.48074954101105
9.86191841263268	9.82705107818646	9.8854745640712
6.08097638602929	6.06655240625564	6.10111307972574
7.60296006687928	7.68422577627643	7.74716817638111
9.45243804875922	9.50495113274776	9.34209203039123
6.13761456831835	6.10633160152804	6.08231283186872
9.49776638316063	9.52343472501745	9.48089935498318
6.41850855915564	6.37232159837164	6.28910667168918
6.17868017662913	6.13225451088229	6.13343529407546
9.16062441363753	9.154310603339	9.10247069883365
9.02395757022501	8.96414250944603	8.96169488538001
6.36811423291917	6.39391237284018	6.38427555066848
9.63606062309578	9.70569028589257	9.53850138254658
6.47088029548862	6.4872612642614	6.5542197708956
9.47916649867531	9.38609123609581	9.31919123158695
7.26446884927734	7.13241160959759	7.21130682390026
7.0768715483692	7.19729337959138	7.18070085459434
8.48994663317846	8.54487340978347	8.52853138498367
6.44493205602386	6.45338781893016	6.5266704607325
6.14684180603656	6.20326999758637	6.26846429213537
9.21208082592976	9.29578978757878	9.22537743504927
7.67488907740685	7.68568536863208	7.7456754007267
9.58436199762632	9.58730026395607	9.57720295041903
9.60626804130503	9.58495563867261	9.59430633346515
5.93947451497506	5.95477854085065	5.84083797994532
9.88381366676605	9.96866946361979	9.82844292965068
6.17417462964583	6.2194834953027	6.10111307972574
8.91476288247311	8.99802100491551	8.8319466816737
8.7774415450105	8.84182941462396	8.75018571692965
9.61585215759599	9.61667366900376	9.60710486939848
6.52141730445587	6.48054990154708	6.58459665201505
6.65028390158709	6.68994577815918	6.65626502916765
7.52548825393788	7.5139216817549	7.59797254863844
9.0289567387486	9.05334050356882	8.89390546066486
8.14557009324241	8.16843251829084	8.13130933053172
6.22733418977085	6.17860290416371	6.19160620035453
9.22684027301799	9.17939320847281	9.34554528512868
6.37990090904022	6.41518479251697	6.35324492967528
9.71534081767661	9.72000668430498	9.68003741218341
6.36020260975433	6.25137389390353	6.27675671946333
9.81602093423535	9.81175941977846	9.73599031971716
8.96583827979525	8.99978223524269	9.16969224625798
9.88519268642309	9.90618576246186	9.94814614943142
9.00442049929372	9.07187702029836	8.92786924593439
6.84709897050806	6.71874729683001	6.00954595256358
9.57925916836768	9.65443360368444	9.55350971570109
8.66953765710365	8.83065801344967	8.77234793203072
6.1921130045299	6.33187926149036	6.20470359609091
9.55303699063308	9.48413218897663	9.45601259130653
6.311799520663	6.41869990020409	6.34931875019344
6.02702934303356	6.06206402407844	6.00954595256358
9.47642433811497	9.44889534622595	9.45920394217483
9.87481776493522	9.91212096048871	9.8715121746355
6.60748083702178	6.50721003801386	6.65308346060863
8.9891112046963	8.97909953602539	9.18078163846348
7.80006115016205	7.76928796118703	7.70937742463765
6.97435031604718	7.09774668082121	7.07530646672173
9.42520504521887	9.40836290449098	9.36171449775182
6.22733418977085	6.29792550810231	6.25173506434457
8.96583827979525	9.03112215860179	8.90798751472309
6.23167698900802	6.18274348577523	6.14706903046672
6.59067395814801	6.64863256250133	6.68146810652835
9.49505938183765	9.49541171729581	9.52638127800956
9.23821635204731	9.13947513510169	9.32719802374567
6.1921130045299	6.19098916859812	6.12886193344757
9.77977958737271	9.84610368044754	9.8656830259362
6.28279580765894	6.24346713619817	6.2601239262555
9.54040155668648	9.61207533783414	9.51547303771912
6.14684180603656	6.15771984785536	5.99454156231845
8.40885400199038	8.45015050556577	8.43900270287735
7.33680465820734	7.50568167773096	7.37280660964608
6.87512958068867	6.73575619781468	6.00456180739383
6.82139716622367	6.72727681308652	6.0390945591957
6.42989222487166	6.46363362074316	6.50918111409029
8.92015438174978	8.95327661666892	8.8646346537037
6.59742022282738	6.58122273192325	6.60449829475456
6.46720185524931	6.31311480143934	6.43702318933007
6.311799520663	6.29027046888351	6.4108904217713
6.41469395558818	6.29792550810231	6.39574209646057
6.38380849902449	6.29410306566137	6.30135180286147
8.72988080307705	8.82537080025747	8.71171056758988
6.26595665222799	6.31311480143934	6.34143419132096
9.02333145438167	9.0510773825517	8.89659837538432
6.21422680229961	6.26315337101474	6.20035099539213
6.45610992482883	6.35407913291343	6.31751863256187
9.78643700035559	9.6854056136231	9.8242058844646
6.01700032345238	6.06655240625564	5.90643677435907
9.16630723525072	9.17003826063161	9.14442499502593
6.3321651847953	6.31311480143934	6.2972816294204
9.00758958963954	9.08962719878035	9.04840303570869
5.97617220182976	5.95961283396203	5.90643677435907
9.74298466327446	9.76626748196951	9.77309920057049
6.29529743453706	6.30554014420516	6.39574209646057
6.35224736129356	6.29027046888351	6.24752227049695
12.6409216960824	12.6071038299803	12.6406402664245
6.80691802488507	6.72727681308652	6.82691236386768
6.25746279275021	6.24346713619817	6.20035099539213
7.93401134672624	7.96108558625549	8.15848911168184
6.28279580765894	6.25137389390353	6.32952596651327
9.6029194550358	9.55731636248244	9.61571078302908
6.12832793603824	6.14504336413392	6.04396102076718
6.19656296367599	6.24346713619817	6.16950946704925
9.49189478056539	9.49207881882066	9.43763961931642
6.16965496803124	6.11935127813891	6.12886193344757
7.52017249689606	7.50568167773096	7.56110518789293
9.92964217046477	9.89518817181877	9.96299629656481
6.38380849902449	6.35774612602252	6.38427555066848
6.3362040453257	6.32814584319332	6.30135180286147
6.31998031668885	6.33187926149036	6.33350630594907
6.75958339994709	6.73575619781468	6.82125421447157
7.69232463188432	7.66066920629718	7.75460897331948
6.37205383402373	6.3867512895592	6.33350630594907
8.42884945106542	8.41714185435324	8.29129849137146
9.25910827552114	9.22075563868828	9.22751797234226
8.42126477871781	8.31521438402555	8.36898050382176
6.30769166101556	6.25923755520448	6.46269100850028
6.26595665222799	6.25923755520448	6.19160620035453
9.69504116621929	9.80505998159607	9.60340084744491
6.82427563813995	6.79646074719173	6.76636522072478
6.50357090616815	6.5105081800884	6.56102567814661
10.2323504668646	10.2295579732253	10.2280660695712
6.31998031668885	6.25137389390353	6.28088512776322
6.3321651847953	6.29792550810231	6.36884366601696
6.34825322671407	6.35774612602252	6.41840535327557
6.32811498582893	6.33560304352108	6.41465278055561
10.2008564861205	10.2159852941688	10.2880076063652
9.05737056143109	9.13787653459736	9.06166125522975
6.29529743453706	6.23949744807208	6.1959852234647
9.73879542687188	9.7010066997728	9.72466893758818
6.67600666539029	6.64263290164234	6.61434710333391
9.24467691900857	9.17576237787748	9.19561837543887
6.36020260975433	6.32440273862868	6.40711822574925
6.3321651847953	6.35407913291343	6.34931875019344
8.8313749434667	8.8339527089536	8.76867779114666
6.48185967608197	6.44995631805087	6.46994156869778
6.21422680229961	6.29792550810231	6.30135180286147
9.51879730845604	9.5561199065185	9.43717728370084
6.28279580765894	6.26315337101474	6.24329713914231
6.30357207166011	6.32814584319332	6.30945786284439
6.28697506489007	6.32440273862868	6.34143419132096
6.30357207166011	6.29027046888351	6.24752227049695
6.26595665222799	6.30933244392667	6.1959852234647
6.3362040453257	6.24346713619817	6.24329713914231
6.22733418977085	6.2073404860743	6.21336960002047
10.2055556446047	10.1493150185143	10.2347323254352
6.14684180603656	6.19918799217392	6.2601239262555
6.83287675494669	6.77468075162605	6.81841679645783
8.10116515546243	8.08018143122136	8.21135912197257
9.15148508032097	9.06291935771744	9.09428334796177
6.22297827863684	6.18687221804506	6.0964359353022
6.2994406854193	6.32814584319332	6.34931875019344
6.29529743453706	6.35774612602252	6.38427555066848
10.134568683948	10.1269262171966	10.1632911027819
10.1492778353801	10.1561750556175	10.1708190253005
6.34424800377013	6.33560304352108	6.31349387733406
8.53632523361358	8.62921432381459	8.44269257881458
6.18317169686308	6.1535067168947	6.08703591113321
9.20049594535234	9.21571287020731	9.10829048960085
6.3321651847953	6.33560304352108	6.37271713962978
6.16512110307491	6.22752242379883	6.23054699209052
6.45610992482883	6.39033627429136	6.41465278055561
6.84142689748056	6.7991602722359	6.87139601704245
6.43366690677839	6.42570452631033	6.49503536397965
6.36020260975433	6.32814584319332	6.36495976473879
6.36020260975433	6.3867512895592	6.4735532299318
9.01138333186477	9.11639084876998	9.01099126100899
6.29114225067187	6.25531108222263	6.23905959780707
6.40703435657478	6.37594257388576	6.36106537950062
8.43639445704455	8.40123860279228	8.37864392111079
9.1376665983593	9.14585188225071	9.13133768722984
6.29529743453706	6.31688726873657	6.34143419132096
6.34825322671407	6.3614038222802	6.40711822574925
6.24891863041857	6.26705858734678	6.30135180286147
6.49997498154942	6.39391237284018	6.60120036084436
8.28686620430219	8.32742140971441	8.31765999222249
6.34424800377013	6.30554014420516	6.32952596651327
9.05798208063869	9.0510773825517	9.01285404510888
6.50357090616815	6.54629867130506	6.52318951149103
9.19605807190955	9.20557414401468	9.10363653665138
6.40703435657478	6.33931723890057	6.36106537950062
9.61502127907227	9.5794699824198	9.59430633346515
6.32405338458691	6.23949744807208	6.32153219117182
6.17417462964583	6.20326999758637	6.24752227049695
6.23600675504713	6.30554014420516	6.28910667168918
9.75585683471189	9.78170514973746	9.764648288347
6.311799520663	6.24346713619817	6.3374756941869
9.60082263487401	9.60977066441328	9.63800976565934
6.57708604625289	6.48054990154708	6.60449829475456
6.24462749880282	6.29410306566137	6.34143419132096
9.00251569823846	8.9665460786203	8.99976376291993
6.20542191594953	6.2355168071184	6.20904310479373
9.11668749195383	9.12017401698437	9.10538352882294
6.26171597330029	6.26315337101474	6.4296048608341
6.24462749880282	6.32440273862868	6.39954411528188
6.16512110307491	6.25137389390353	6.23480957337717
6.34424800377013	6.26315337101474	6.22198386061232
6.51786564192176	6.5105081800884	6.45174638454601
8.86251297006094	8.96113240580831	8.90598418872308
6.86956685833077	6.89312479418632	6.89851751763166
7.7173151084072	7.78707519642056	7.81706353995802
6.11898113962772	6.19098916859812	6.04396102076718
6.27860440883978	6.25531108222263	6.31349387733406
9.9600596891692	9.91710015287474	9.95365207005521
6.29529743453706	6.21139952244098	6.11042212481208
6.23600675504713	6.27871120942905	6.20035099539213
10.0660001332383	9.9764421064742	10.1007348566903
6.311799520663	6.30554014420516	6.32553461528659
9.82359283302692	9.85164071215315	9.76317349790243
6.59742022282738	6.45338781893016	6.46632084342365
6.20983107608914	6.19509440448208	6.27261646365181
6.39159207060545	6.39391237284018	6.38810786759443
9.32866927719797	9.21166592585146	9.28517161032182
6.27860440883978	6.35407913291343	6.43331879312692
9.18993361978282	9.21773209325845	9.19944015887733
10.1305045044217	10.1185751146249	10.1898804651672
6.37598270663977	6.3614038222802	6.36884366601696
6.46351401225003	6.53662535075988	6.62737512692702
7.73883221761858	7.81000936644569	7.78835085298823
6.73837591926109	6.66648328097917	6.89582819647784
6.38770553392365	6.3614038222802	6.45174638454601
8.27744499459673	8.29336103119709	8.37478631797169
6.28697506489007	6.2355168071184	6.24752227049695
8.91543792278782	9.05220938682297	8.98844820324427
9.62372172860702	9.60707721726587	9.50138904861861
9.10371510975921	9.1814638735298	9.04111959373462
6.32405338458691	6.3614038222802	6.26430013613028
9.16176277015561	9.16272001873596	9.12503632283837
6.43743173848959	6.33187926149036	6.56441662960895
9.79563273680652	9.76177678300355	9.81640550068106
8.62813401368089	8.67622828661678	8.63879406394326
6.16965496803124	6.2194834953027	6.11042212481208
9.08283377473354	9.02939879782841	9.05564989188705
6.31998031668885	6.29027046888351	6.2972816294204
8.96518641997905	9.00095519543016	8.83616108602738
7.60964928764952	7.54802478831005	7.69707227857008
8.91611264739747	8.95206422796559	8.87354676574985
8.84914936689369	9.00095519543016	8.73672310964398
7.94727516929973	8.03623543129175	7.93963582950482
6.3362040453257	6.26315337101474	6.38043302678176
6.10010390047613	6.16610937823074	6.23054699209052
8.94879345973217	8.91831790216127	8.88172475106135
7.12668995169932	7.20342013767758	7.30955091245159
7.98635029925652	7.99562361271247	8.09425427494577
6.57708604625289	6.54308143230991	6.54395032920521
6.26171597330029	6.22350855870158	6.20035099539213
6.35224736129356	6.25137389390353	6.38427555066848
6.23600675504713	6.2355168071184	6.16057513369655
6.23600675504713	6.25137389390353	6.21768315958675
10.5481053877795	10.4812099693438	10.4737151156057
6.15143338840318	6.16610937823074	6.14253875197255
9.67883181831839	9.72498404812585	9.71211193649162
6.27860440883978	6.30554014420516	6.32553461528659
8.74969941685666	8.81073025265592	8.81780908414651
6.31589571720761	6.4222064643254	6.54395032920521
9.25217786225413	9.21874064596887	9.33912550461148
10.1452549396387	10.1671882062451	10.2368590381646
6.41469395558818	6.4872612642614	6.39574209646057
8.903919059085	8.84248386969948	9.00974806737955
6.07131668443803	6.1535067168947	6.14253875197255
6.24891863041857	6.17028591948966	6.34143419132096
10.0787119908831	10.0618178137263	10.0332028575231
6.26595665222799	6.28642766367595	6.27261646365181
8.84914936689369	8.93682277267933	8.7479506550766
9.40130851775663	9.30389103150172	9.27899292476263
6.38380849902449	6.33931723890057	6.35716045355071
6.71685203699862	6.57808252199753	6.08231283186872
6.52849450630776	6.4465166358877	6.45540382554037
6.59405103375665	6.4872612642614	6.64989486032264
9.27444949685687	9.24174486866533	9.18519363785469
9.43653628878868	9.44372889891752	9.44133298003593
6.14223556397716	6.17028591948966	6.1379942032367
8.22177273326255	8.21870134365248	8.14722636582122
6.82427563813995	6.74418603685477	6.73961782319836
6.41850855915564	6.37955448412709	6.4108904217713
6.13297872424828	6.11068456166825	6.06805010749731
6.18317169686308	6.27095326142675	6.31349387733406
6.49637007179844	6.42919412728765	6.51620231497126
6.21860917619222	6.27483745001859	6.33350630594907
6.15601040408997	6.1535067168947	6.14253875197255
9.58944684171674	9.63605469844101	9.5675188418904
8.01937991251566	8.09453757376173	8.05260489202422
9.89549353065246	9.91367880492329	9.89896741025721
6.41086923931465	6.32064989740499	6.45540382554037
8.95734104175569	9.03226992316388	9.10421910245926
7.9656420098645	7.98854533481709	8.09425427494577
6.17417462964583	6.16610937823074	6.20035099539213
8.70822874161621	8.7864478101858	8.59387084285847
8.82348428253701	8.88185445195371	8.75092996873891
6.21422680229961	6.28642766367595	6.30945786284439
8.01686584737331	8.08461394072083	8.00223539595984
6.45239358290309	6.51708193074702	6.55762673781913
6.71375081453845	6.67826222473049	6.76341765857669
9.02708407999365	9.01611752499373	8.98339043596835
9.08163137762677	9.11963417138499	9.1065470161144
6.31998031668885	6.22350855870158	6.17838881337932
7.05252995198145	7.19319437148968	6.9820311437204
8.89846642865038	8.95509329152346	8.88511861033656
6.13761456831835	6.14928124648436	6.1560871332411
6.20542191594953	6.11502442769234	6.24329713914231
6.51430521435589	6.46703278199716	6.54051087319128
9.06773129941776	9.11801342149111	9.08604926825713
9.28962929890654	9.28668129391825	9.22591286718957
6.36416384457454	6.27095326142675	6.38043302678176
6.45239358290309	6.43961257101344	6.34538185695214
6.15601040408997	6.12796624293977	6.0964359353022
8.37195190668965	8.47989921231052	8.46554291867542
6.92425184106759	6.96219888339448	7.13125422198484
6.24891863041857	6.27095326142675	6.27675671946333
8.07723334702876	8.17883469449352	7.9871541795565
6.43743173848959	6.39391237284018	6.41840535327557
10.1652581712567	10.1201952342087	10.23632765382
6.20099923951898	6.22350855870158	6.13343529407546
7.58779494751351	7.60003797085587	7.65475005170656
6.46720185524931	6.3974796291488	6.45905201797347
6.23167698900802	6.17860290416371	6.10577511044243
10.6669154391543	10.63399197147	10.7187941755564
6.17417462964583	6.23152515273087	6.26846429213537
9.51211856099836	9.43984188540958	9.5066866699046
6.27440079768081	6.22350855870158	6.30541052592164
8.62895737643628	8.58453387388484	8.62343277056505
9.25003871217764	9.35432173983782	9.24135458332674
6.20099923951898	6.21544717094426	6.06805010749731
6.27440079768081	6.25923755520448	6.23054699209052
9.59704066165439	9.60244814789529	9.50976798923095
9.35029855328097	9.24620310573109	9.31315684030253
7.18383830186222	7.20545662206248	7.19170624271733
9.72576943124069	9.68977640324572	9.58973748686166
6.19656296367599	6.1535067168947	6.24329713914231
6.19656296367599	6.18687221804506	6.11967148927303
10.0051506206096	10.0138180298011	9.91831057763404
6.22297827863684	6.2355168071184	6.23054699209052
6.29114225067187	6.30933244392667	6.30541052592164
6.51786564192176	6.48054990154708	6.58125285608519
10.5059247595306	10.4333572752287	10.480013189236
9.60417608587667	9.59974098232008	9.69867338196588
6.62409417667016	6.70729559394466	6.76930677306088
9.56985684524607	9.63189644256088	9.54795340159331
6.311799520663	6.33560304352108	6.5542197708956
6.29114225067187	6.37594257388576	6.35324492967528
6.14223556397716	6.14928124648436	5.99454156231845
6.21860917619222	6.25923755520448	6.32952596651327
9.16346862254319	9.08410369159468	9.15627146989291
6.41469395558818	6.5105081800884	6.53014303143112
8.98139520226817	9.12340885531922	9.01657241321403
7.65238919644189	7.74709057611459	7.76790645765052
6.39933387450116	6.34671706625925	6.38810786759443
6.40703435657478	6.43267530808846	6.57117471553736
8.9606151356684	9.06628500227324	8.99474557909309
9.92696660901781	9.83792218626663	9.95300540426044
6.28279580765894	6.37232159837164	6.30135180286147
9.07982590089496	9.16586095484236	9.0936967553937
6.2994406854193	6.27871120942905	6.34931875019344
6.56681046398435	6.44995631805087	6.51970014317833
5.87430741692588	5.91550973116817	5.80688508994695
9.19160650499798	9.20455634153729	9.24664122006682
9.60375733053606	9.68175314639738	9.58932141880329
8.91746115068192	9.04483543208829	9.00414040075988
7.2729217437938	7.33574095516191	7.28097983373338
6.43743173848959	6.533386443563	6.55762673781913
6.4855009799116	6.50059104800934	6.54395032920521
8.99869853471904	8.99802100491551	8.86188135252736
6.07615461969238	6.05304515081525	6.08231283186872
9.9656107864515	9.92360937194472	9.91996601298635
8.03809703971402	8.12820575606345	8.06223131007772
6.62078677817355	6.5398570028657	6.52318951149103
6.38380849902449	6.37955448412709	6.5473816049945
6.30357207166011	6.2194834953027	6.22198386061232
9.8232331661415	9.78068109533384	9.82985251727085
6.54603709793083	6.47042395336322	6.54395032920521
6.25746279275021	6.30933244392667	6.39193003164091
6.70752829869816	6.75812722597897	6.76341765857669
8.00549802180831	8.00734411185	8.04048083343558
6.36020260975433	6.41869990020409	6.45540382554037
8.12820474119111	8.26532642658418	8.2466149845668
6.42989222487166	6.41166109953108	6.38810786759443
6.63068631370746	6.61838159946995	6.66892160199008
6.6108188448787	6.54950875184863	6.53706319785641
6.47454938079309	6.42919412728765	6.49147714809218
6.23600675504713	6.22350855870158	6.24329713914231
8.96583827979525	9.05898282297377	8.87149500551254
6.14684180603656	6.15771984785536	6.1379942032367
6.17417462964583	6.26705858734678	6.2601239262555
6.14684180603656	6.19918799217392	6.15158512805605
6.3362040453257	6.25137389390353	6.28910667168918
8.15931343167514	8.23074962122321	8.18296193806648
7.77796060213827	7.8246571819037	7.8013423238447
9.80148739597043	9.74717209296847	9.83582794719991
6.27018490281004	6.27483745001859	6.27261646365181
6.30357207166011	6.29410306566137	6.34931875019344
9.78385165566521	9.72391891482721	9.72087531416185
6.30769166101556	6.29410306566137	6.24752227049695
8.8356608192336	8.86777877872711	8.79345257452362
6.24462749880282	6.29410306566137	6.31349387733406
8.52840411462867	8.60935608598909	8.60790615395163
6.13761456831835	6.03483648402309	5.92238080262261
9.31082147428412	9.23677506000283	9.27899292476263
6.4855009799116	6.50390433889085	6.46994156869778
6.45239358290309	6.37232159837164	6.31751863256187
6.16965496803124	6.11935127813891	6.11967148927303
6.27018490281004	6.27095326142675	6.45174638454601
6.42989222487166	6.41166109953108	6.4735532299318
8.45786910406687	8.357036651549	8.30858926508904
6.25319703665108	6.19509440448208	6.22627177952934
7.72811377721605	7.77066402302938	7.67057007472966
8.20530592746156	8.24071355776887	8.18626720699536
6.39933387450116	6.456811177351	6.5473816049945
9.29586417450402	9.3114743984624	9.23445286580031
6.26595665222799	6.22752242379883	6.23054699209052
6.4782091586239	6.40103808683524	6.40333614091362
6.24891863041857	6.32064989740499	6.2972816294204
8.82707629752649	8.84575169922982	8.96490594196181
8.96583827979525	9.1044358923385	8.98781695117101
9.05737056143109	9.10115818283571	9.16969224625798
8.67512889056942	8.72531110556305	8.62749110057563
7.17934882231153	7.16417051624539	7.33954763755835
6.30357207166011	6.30554014420516	6.37271713962978
6.75958339994709	6.65758553000633	5.99956038404793
6.54603709793083	6.46022643186313	6.43331879312692
9.74260432586989	9.74121838033583	9.74722354993918
10.4035481733485	10.3122018952142	10.3458040468891
6.34424800377013	6.25531108222263	6.28910667168918
6.21860917619222	6.32064989740499	6.19160620035453
6.23600675504713	6.27483745001859	6.34143419132096
6.20983107608914	6.16192071122357	6.25593559252578
6.27860440883978	6.28642766367595	6.30541052592164
6.46720185524931	6.44995631805087	6.42588134322886
8.88612213575996	8.88185445195371	8.78983579879014
6.71064291138666	6.66648328097917	6.72150669714684
8.41268408630772	8.39768061290387	8.48803697606548
6.97435031604718	6.9379074536796	7.02696664298631
6.36020260975433	6.3614038222802	6.40333614091362
6.37205383402373	6.28257459551253	6.46269100850028
6.311799520663	6.32440273862868	6.19160620035453
8.83637389563842	8.84051961315087	8.73672310964398
7.53430455401038	7.51884318817643	7.53195717242789
6.58728895899395	6.56545288289342	6.64349643975918
6.34825322671407	6.3650522687067	6.37271713962978
8.82348428253701	8.84575169922982	8.77820080612644
6.38380849902449	6.36869151196646	6.39574209646057
9.22357342020001	9.08686808859968	9.18739458811286
6.65352444002665	6.53662535075988	6.63061383327127
9.49866758938108	9.53360197649391	9.48045067900393
6.24462749880282	6.29027046888351	6.28910667168918
6.34424800377013	6.37955448412709	6.21768315958675
6.28279580765894	6.25137389390353	6.30541052592164
6.16965496803124	6.22752242379883	6.31751863256187
9.98599823979744	9.91741078254915	9.85013826617815
6.36811423291917	6.38315737437218	6.39193003164091
7.92599412240296	8.00149576443954	7.88508515383234
6.24891863041857	6.33560304352108	6.24752227049695
6.20983107608914	6.23949744807208	6.14253875197255
9.05246905387067	9.10389012429507	9.06166125522975
6.10484641669233	6.03024818144531	5.96405637341364
6.3954681654793	6.46363362074316	6.4108904217713
8.0143473935366	8.1043934128766	8.12328447107445
7.10554949935798	7.05321035034054	7.06576720962829
6.14223556397716	6.24742593160401	6.16057513369655
9.06164576253043	9.04198922950824	9.08604926825713
6.23600675504713	6.25923755520448	6.23480957337717
6.34023163072519	6.30933244392667	6.5021255762577
7.88108485567575	7.89448344861178	8.00971729400369
6.15601040408997	6.11502442769234	6.11967148927303
9.04570217422407	9.08742033293423	8.98465654107685
6.87790291930749	6.84167952735555	7.00716789311478
8.84348534175272	8.86584868434453	8.972583443051
6.22297827863684	6.16192071122357	6.1959852234647
6.311799520663	6.40458778919553	6.39193003164091
8.79808660142343	8.79255684426622	8.78983579879014
6.24462749880282	6.25531108222263	6.13343529407546
9.01768415031056	9.08852418783268	9.00974806737955
6.40703435657478	6.41166109953108	6.38043302678176
6.22297827863684	6.19509440448208	6.13343529407546
9.75999689132431	9.64208175546187	9.75355043602245
6.36416384457454	6.35774612602252	6.39574209646057
9.82287340956803	9.75414514902038	9.77456388445357
6.28697506489007	6.19098916859812	6.18280807710942
9.1254658904	9.11801342149111	9.15907777919389
8.00422938305123	8.03509081921283	7.95004351131532
6.62409417667016	6.65162306247584	6.84375487413885
6.13761456831835	6.13225451088229	6.16057513369655
8.72372758727963	8.72318053593452	8.65796690090685
7.16352470388912	7.13241160959759	7.13353894619811
6.89716843457809	6.83643264727563	6.95386527297895
9.14689361028006	9.14319832873332	9.06764767457671
6.28279580765894	6.30173784987034	6.27261646365181
9.66042626327157	9.66557151993642	9.59389158115036
6.311799520663	6.33931723890057	6.41840535327557
6.15601040408997	6.14079299671229	6.11042212481208
6.51073597838997	6.46703278199716	6.4735532299318
6.16057294522746	6.32440273862868	6.20035099539213
6.30357207166011	6.39033627429136	6.49503536397965
6.47454938079309	6.41518479251697	6.39954411528188
9.79453233823725	9.70064579334316	9.82455944723382
9.00251569823846	9.00036883454344	8.98402362741382
6.4411867712797	6.41869990020409	6.39193003164091
9.42093277845995	9.35753035664157	9.39447213474163
6.17417462964583	6.24742593160401	6.1379942032367
6.8834336539085	6.87532687062622	6.95644865037836
6.12832793603824	6.18687221804506	6.06805010749731
6.41086923931465	6.4222064643254	6.46632084342365
6.28279580765894	6.19918799217392	6.23054699209052
6.3362040453257	6.31688726873657	6.4296048608341
7.2729217437938	7.1849612506569	7.34350048787893
7.13134605614228	7.11950967181662	7.1174693694065
9.73191396456388	9.71644088143351	9.82879545569298
6.32811498582893	6.35040279557327	6.32952596651327
8.02939259033103	8.07015821056559	8.18626720699536
10.093103987084	10.032865990909	10.0202967344765
9.35826459339628	9.37392002753652	9.28876366108712
8.95996091104167	9.01959400958105	9.02398052145171
9.56211819502597	9.57632593116681	9.52333527521854
6.04194335480456	6.11935127813891	6.05364497409027
9.40515866106522	9.41012987316284	9.53202113460769
9.61002593385261	9.63718669122252	9.42417136344804
8.82204496864938	8.87994310940709	8.77454554331778
9.2865017274704	9.341415431885	9.30659097388602
6.16965496803124	6.23949744807208	6.23905959780707
6.30769166101556	6.35407913291343	6.43702318933007
8.89504803983924	8.89390117004047	8.81922909453164
9.57883311677307	9.59431136364758	9.4768562389489
9.53996387210253	9.48706498969204	9.41010509732654
6.93760523994667	6.91320000463567	6.99716568766908
6.65028390158709	6.57493546217924	6.81557378700953
9.88450334136388	9.91305586899704	9.9552674675494
6.30769166101556	6.25137389390353	6.17838881337932
6.311799520663	6.36869151196646	6.37271713962978
6.30769166101556	6.2194834953027	6.23480957337717
7.73424834768771	7.76653189372291	7.69088012277678
9.47505130082466	9.53157425033534	9.56920771101816
6.29529743453706	6.40458778919553	6.31349387733406
6.20542191594953	6.19509440448208	6.11042212481208
6.24462749880282	6.20326999758637	6.23054699209052
9.31287243386945	9.25998572248875	9.28311498725552
8.29207374721665	8.37614641075258	8.20811090666955
6.32811498582893	6.27095326142675	6.32553461528659
9.24145025192608	9.29674523962344	9.30101180524318
6.69185356942964	6.66943704498479	6.83816252267287
6.51430521435589	6.69285194219341	6.61434710333391
9.54083910852605	9.4874834749543	9.659573028445
6.32405338458691	6.30173784987034	6.30135180286147
6.18764927741145	6.20326999758637	6.22198386061232
8.72757642152284	8.69808858194777	8.86325865992985
9.64707611369347	9.70208887766892	9.6484323161043
8.9540595006188	8.80738203263998	9.15683316862619
9.18378305758669	9.13520825777137	9.19068973053404
6.57366897758301	6.69285194219341	6.66892160199008
8.46986703033484	8.45015050556577	8.62830139843532
9.09181995163594	9.05277505604958	9.05263479108785
9.12604922215247	9.10770617197787	9.0931099242231
6.83573243638534	6.80722867174092	6.79262574235246
10.0206052939663	9.89139818735177	9.85499238646066
6.29529743453706	6.29027046888351	6.24752227049695
6.48913311650404	6.4939415509299	6.5473816049945
13.63599753107	13.5708118608469	13.6884087271102
13.1397093030927	13.120753539388	13.1468571437846
6.40318925317846	6.25137389390353	6.35716045355071
6.40703435657478	6.45338781893016	6.46994156869778
9.18322261315012	9.1669064157743	9.08132289348893
6.36811423291917	6.3974796291488	6.38043302678176
6.15143338840318	6.21544717094426	6.06805010749731
6.10957339446427	6.11068456166825	6.09174357886204
6.00690109991298	6.02564524020354	5.91177105227529
8.78263057184893	8.8483606439164	8.96874979960842
7.21707134111595	7.09993781260462	7.15394026073229
7.65724022739	7.74148745230978	7.60127787625514
8.55030072516854	8.617026251983	8.42228046908402
6.24891863041857	6.19918799217392	6.26430013613028
6.15601040408997	6.24742593160401	6.15158512805605
9.56211819502597	9.5950882756713	9.59306171864491
6.23167698900802	6.17028591948966	6.1379942032367
6.09057184173401	6.13653007044015	6.1560871332411
9.2553806519479	9.30294030174639	9.17580195762891
6.34825322671407	6.29410306566137	6.30541052592164
6.43366690677839	6.34302189686175	6.42214819070632
9.28754500481469	9.35981786459614	9.37045827866732
6.18764927741145	6.26315337101474	6.22198386061232
8.14441888344921	8.14740041917278	8.26652971231922
6.66320261059842	6.67826222473049	6.6969993403663
9.45150748727357	9.4625827648787	9.42603654596001
6.21860917619222	6.29027046888351	6.2601239262555
9.35577992760901	9.31430791579219	9.30861442502767
6.21860917619222	6.25137389390353	6.21768315958675
7.91388412581173	7.86128496871484	7.85770744801154
6.52849450630776	6.45338781893016	6.54395032920521
6.32811498582893	6.28642766367595	6.26846429213537
9.89686143629494	9.89455719875074	9.88106207782372
6.78344483215487	6.71589288164781	6.81272516404631
6.00690109991298	6.04396954355734	5.97428984298587
8.8902486470568	9.00446836488771	8.82560190149451
6.65352444002665	6.72727681308652	6.84932563171516
6.75657277955721	6.73857162060384	6.79839706446237
9.26388682552498	9.19279971034473	9.35438731303813
8.95208698715301	8.98563181996274	8.88444047688979
9.43088179173177	9.40836290449098	9.26342943979863
9.91351386202053	9.97971796785741	9.76685765111161
9.34780011820591	9.26047553185418	9.42183648916325
9.22466319328949	9.27557772320326	9.21246708483713
8.69727962067819	8.7281469794541	8.74571212523456
8.2030960839149	8.28375533949187	8.32767213839973
9.230642275158	9.12824755357098	9.33516062428353
6.20983107608914	6.29027046888351	6.20035099539213
7.96694502282688	8.06680160219175	8.10244178558486
6.23167698900802	6.39033627429136	6.40711822574925
7.12668995169932	7.11518325774271	7.35333548877676
6.60748083702178	6.52688673308169	6.68458775798719
7.06475208659877	6.96460568173381	7.07292755913573
6.79522916725461	6.69864676667092	6.72150669714684
6.6041350880943	6.59371566488557	6.5021255762577
9.46540327595486	9.44286602273203	9.37914938501292
9.82933534199792	9.73488755372327	9.92689817270147
9.14055638393006	9.12824755357098	9.20705348682491
6.10957339446427	6.14079299671229	6.0584626839913
6.40703435657478	6.31311480143934	6.34931875019344
6.54952016377861	6.54950875184863	6.45540382554037
6.29114225067187	6.18274348577523	6.21768315958675
9.30310430301321	9.34187836511102	9.29745015857113
6.37205383402373	6.41518479251697	6.43331879312692
6.46351401225003	6.35040279557327	6.49503536397965
6.21422680229961	6.12796624293977	6.21768315958675
6.34424800377013	6.47380717231392	6.42588134322886
9.09301389061392	9.10334414971085	9.10480143311986
6.6041350880943	6.66648328097917	6.71846594784635
6.88619109053143	7.1578744186672	7.06097382351766
6.15601040408997	6.06206402407844	6.04881112252411
8.2380537075737	8.2682519510831	8.26757027951164
6.046880627482	6.09758608117128	5.93815055433319
6.55991918991227	6.50721003801386	6.62412913373605
9.6843872180981	9.69304582744833	9.72049540259018
9.20822952614942	9.20608277611267	9.21192663825563
6.28697506489007	6.37955448412709	6.23905959780707
6.28697506489007	6.32440273862868	6.3374756941869
9.39454594348831	9.46470974221981	9.29387969733763
8.12353846067402	8.19941670902624	8.04897836062865
6.42610764109143	6.41518479251697	6.5021255762577
9.61085969345438	9.62049444744475	9.59264660831696
10.1067628871827	10.1074553352246	10.081041862144
6.27440079768081	6.27095326142675	6.34538185695214
6.27018490281004	6.34671706625925	6.44440356847144
6.22297827863684	6.32064989740499	6.30135180286147
6.3321651847953	6.20326999758637	6.21336960002047
8.87158568276806	8.93129619102888	8.80997394466987
7.78831633656451	7.81134714854224	7.76496203501194
7.86440128477719	7.82333169079232	7.86046871650719
7.9564878176853	7.90579952146663	8.12902106476695
6.20983107608914	6.30933244392667	6.28088512776322
8.40501372245657	8.32086123307913	8.42601330744142
6.68236632991588	6.66648328097917	6.71236515480321
6.3954681654793	6.27871120942905	6.37658024141969
6.35623046873381	6.33560304352108	6.40333614091362
6.22297827863684	6.2194834953027	6.26430013613028
6.27018490281004	6.34302189686175	6.35324492967528
9.38629140039014	9.37572966160142	9.37866791688814
6.27860440883978	6.26705858734678	6.27675671946333
6.42610764109143	6.46363362074316	6.38043302678176
6.47454938079309	6.456811177351	6.60120036084436
6.69814391214328	6.66055754848222	6.71541877612746
9.08823219478425	9.13627616077459	9.13076597187835
6.22297827863684	6.17445040500167	6.06805010749731
9.37455693252152	9.45232939430833	9.44501690973573
9.84110756531113	9.79630394151269	9.8249129233763
6.21860917619222	6.19098916859812	6.24752227049695
9.46078620175175	9.51113867961318	9.34997307297805
