k27_temp10_1	k27_temp10_2	k27_temp10_3
7.36021521327978	7.12632061756164	6.86865653318518
2.83665325722277	2.71653501720567	2.49361710183826
6.7369711989078	6.52628445440365	6.42435443940114
9.44465599934199	9.34215891840895	9.36952000496309
5.54212856526116	5.34011881195413	5.23238493863845
5.40512763515535	5.12947405060051	5.00457902111564
7.36306357558881	7.22690820150614	7.31124035934969
7.61682016783459	7.68473295711388	7.62290011878323
8.12121449964565	7.8733530300065	7.78455750424194
12.2964574246138	12.2582619843089	12.2633723145194
11.1721451208026	11.0236034167682	10.9055517266294
5.96967867585355	5.64782226712165	5.54237641375811
7.86907473491515	7.66313532261615	7.70890740748949
8.24527249233063	8.01733982052727	7.88335598051524
8.81393318072268	8.54293569495382	8.51986387448645
5.95842222051043	5.96622729544532	6.11126822126559
10.6010725215589	10.5555922867384	10.6318889020105
4.62514915202905	4.54765810519622	4.18291626237415
6.88897429235285	6.64562135892839	6.57895677119562
6.351636228391	6.25027219457165	6.32143612645558
7.77061209602946	7.56755766263393	7.49699446204058
7.61562637791055	7.49116886754201	7.32270554584314
4.98455195233508	4.42982161490236	4.41961652039448
9.47459540757569	9.17710996838799	9.22119725800599
4.59639015904763	4.44001738200825	4.25915184820124
5.38284618777935	5.26755018600348	5.09650151055668
5.33141794897234	4.89760057625318	4.966104873301
11.1236309868246	11.0111557660973	11.085326435
6.17488316443923	5.75379463577475	5.68344166071827
3.90078359464248	3.14825125763114	3.25915184820124
9.78342664400432	9.63567550922136	9.68245317486878
5.30203414219125	4.98375722000289	5.02343804836695
3.07766135672656	3.14825125763114	3.21608312630935
6.84889685297751	6.59860929264298	6.45709122581314
11.7141465527675	11.691083004611	11.6646687687349
9.21917903768501	9.06382160893207	9.23912336770742
5.09146715625159	4.8371647223912	4.37136135178726
7.04255755577064	6.94132195368249	6.73010972021956
10.2527790273892	10.1690875471178	10.1660424438097
9.57628046223849	9.43173881789665	9.30386738786644
9.42332248361427	9.16793783657145	9.02733617297816
4.78661257472317	4.41955327944853	4.46630975584252
9.11108435826401	9.04097724872852	9.02733617297816
5.95465046662122	5.50458938330433	5.55539329942495
7.82946287901629	7.64562135892838	7.78179106995056
7.12205547608501	7.21211119957805	7.12879104851318
9.25373858515047	9.68901395444176	9.06802141086084
8.31606609605164	8.16678720906857	8.18710405933758
5.11193125881131	4.87523276322473	4.58954152183679
5.10514209314867	4.75787581258657	4.87212872509199
7.67528420630449	7.55236510787374	7.29710247743421
7.59396749678077	7.41568373298689	7.29322252429093
5.64400817928037	5.38830234546409	5.34161400839321
4.69010459386982	4.52867500182865	4.02967000207846
3.80348639328756	3.63012026538819	3.5810799430886
8.8660659850428	8.66313532261615	8.61722122597921
6.17812153850577	5.90129505981092	5.85116910645634
3.76953906136423	3.49972362813251	3.54672843829782
6.04610662285172	5.80990651534678	5.74533619444422
5.70365112570777	5.52867500182865	5.41009374627597
9.43588988892604	9.4272613745838	9.35253057251756
8.19819833120671	7.98375722000289	7.98145713566131
7.65683221963796	7.34555269800476	7.27235134595609
11.1093890642489	11.1083530820338	11.1353979254646
9.76900224459864	9.72906211508183	9.67078744817977
6.96406142654729	6.65221403623882	6.44781341222513
7.26900534180378	6.96269560447506	6.85643762737252
10.4676649136671	10.4200362438142	10.465160655789
7.24912687624466	7.09440128368689	6.97420537207212
5.38284618777935	5.01819071706676	4.90639862717673
6.39402992627202	6.23571409888148	6.15753094395424
5.44868400114209	5.19716085811208	5.08457834318086
8.28185626025362	8.02751760553131	7.81193394317324
9.21603162429403	8.94177048315631	8.95714147510944
9.11658034601886	8.84773396410139	8.8195970812327
6.67413784546476	6.38038268216786	6.14896893045081
7.04610662285171	6.86202290600712	6.69720981604597
7.92796842396871	7.69966119864127	7.60004917965518
3.62514915202905	3.04515776466704	3.00457902111564
7.39681236694335	7.18962718542668	7.22832672206409
11.5160533825027	11.524863190411	11.5104950159837
8.89292147686951	8.66204690684149	8.52041716118197
7.18457656064307	6.82165172301988	6.73393143117197
4.78661257472317	4.40921133522707	4.17168900695089
7.31973614392471	7.0667032949483	6.91146961672416
6.27506709459098	6.1451386457638	5.92991222167762
4.95465046662122	4.65659247674938	4.49361710183826
8.52887246855889	8.39617877107473	8.39388014540723
9.25488921265335	9.13850196359738	9.54672843829782
8.36874348466116	8.05431247981016	7.91484040106339
10.4326735536805	10.2650433303929	10.4086001183955
4.21011165275021	4.23278476784281	3.87212872509199
4.21011165275021	3.87523276322472	3.75665150767205
5.75226106993239	5.34011881195413	5.56829378813275
5.7652389239306	5.51908895299945	5.57683047008724
11.740261268842	11.7016488385068	11.641712304526
7.84788051264602	7.6975380267483	7.56185796315108
9.4044365237453	9.33773503582199	9.66929139373438
4.47525372154599	4.08468612885367	4.13747329161298
5.73916541232071	5.36173262506019	5.26444614787075
4.7170716414701	4.27895494927574	4.18291626237415
7.64751696505751	7.62006660072427	7.39810119973968
4.82843275041779	4.46019526394588	4.38114237257984
10.2144553389246	10.0730637612369	10.2470010134113
9.35450156208539	9.02794012568102	9.16851553497155
9.49063825007141	9.26719233035465	9.2811932227079
8.69067157954852	8.4645718069712	8.63725541176029
12.423151901877	12.2829873637483	12.2410548552884
11.3689206219983	11.1745361947955	11.012958495865
7.29011097481543	6.91962688258318	6.70890740748948
11.0616415395189	11.0508862656598	11.2387871926993
4.42161575794392	4.19716085811209	4.00457902111564
10.5480855889974	10.5704610547205	10.7053837474917
7.55464117657471	7.29869888457415	7.05890962241928
6.99377048236446	6.96446253064925	7.52041716118197
7.05846005036328	6.97326484618525	7.05280296762599
9.87382579316107	9.74482660646551	9.75265414292822
8.87607084511719	8.77206969416932	8.68393564978007
4.15858135211012	3.97677078968678	3.85818953413412
7.72705573004272	7.51788620591779	7.20786261950438
5.99193148270068	5.70812277738946	5.54672843829782
5.88104737658122	5.58028910943619	5.58531693597507
8.045220174258	7.8771100504654	8.01325335468147
10.6434225510844	10.6020185775085	10.7172568506155
6.99193148270068	6.65440491751162	6.63725541176029
6.08458077066635	6.19716085811209	7.2444915414951
8.6357876724754	8.49484140675277	8.49079658277588
12.2938475607967	12.2244679105907	12.2991191612607
6.67413784546476	6.25316626784083	6.1968285692294
12.2520589400067	12.3180898882505	12.3487970486546
4.98455195233508	4.82165172301988	4.34161400839321
4.4540372356363	4.25605454716565	3.9790439290085
8.85700190261457	8.64727235476855	8.55862925227521
4.44331082904324	4.24446657289044	4.11420351229014
8.64517872298831	8.2646848523091	8.43319631615295
9.33504919941921	9.3922459334528	9.38114237257984
6.69010459386982	6.38302740342342	6.23777819740867
5.87307666547264	5.73735348871322	5.71858346683853
4.68100238676257	4.62118714061818	4.51153900983552
13.838988828792	13.7830935955798	13.8139945936695
6.59880875985027	6.41697473534676	6.17731355614477
6.75443216897402	6.59633195193191	6.45709122581314
3.52696875809015	2.99070998064466	3.51153900983552
7.27506709459098	7.11044922491876	6.86691729844665
7.76953906136423	7.63123302675527	7.42789769547828
4.98455195233508	4.72489849014029	4.45709122581314
4.96967867585355	4.70812277738947	4.48457196223525
11.5337787917854	11.5197650578502	11.5781597754802
7.80871924284352	7.54411774749097	7.50707936164482
7.22584457901481	7.39355807091559	7.44081568610032
12.1167913126115	12.2138763052927	12.2017957142257
5.93181049026311	5.57104103263417	5.37136135178726
8.42502719259306	8.35635945296134	8.43730405343535
9.76119587119332	9.75685660022281	9.93116112815373
6.94897428208901	6.67397455497762	6.56615170156121
5.62039562205842	5.42469658272449	5.24315136950752
5.48574609536364	5.27895494927573	5.4053086837106
8.24681548182625	7.97852057163675	7.97339736586736
5.38844889400872	5.52867500182865	5.46630975584252
9.26900534180378	9.02709496160243	9.01010508274823
10.7481814318829	10.6928826660102	10.7284345329556
4.85295506955187	4.78212335883324	4.46630975584252
5.37722163858547	5.14201930391962	4.77901932070051
10.4505264168391	10.3833576529478	10.5024658651653
6.29011097481543	5.91962688258318	6.01089279504784
5.61562637791055	5.33466438186202	5.24315136950752
3.90078359464248	3.78212335883324	3.40050769744677
6.10173549170542	5.90865576476217	5.85468359063258
3.56704619746549	3.53819777594716	2.87212872509199
5.49616271130897	5.55236510787375	5.72627785862853
7.9442270088325	7.79806490270226	7.89620286007085
6.17163750493557	6.19415210823975	6.12588531733777
9.31826924492605	9.17405906576353	9.30064995780659
5.20377012587638	4.66530969385049	4.62290011878322
7.71149492389266	7.4972845826811	7.25117379077771
5.55214732108615	5.40401242855275	5.45709122581314
10.9160168214519	10.7922318123075	10.6339356411952
10.7231812349896	10.4195532794485	9.55674249529705
4.10514209314867	4.00451578016969	3.05433205631274
5.98084798357166	5.48994260733993	5.26444614787075
5.32558887017015	5.00451578016969	4.98547019816793
5.81601349116373	5.69114969878575	5.58531693597507
5.42707018803603	4.96269560447506	4.89960946151409
5.18457656064307	4.93412645227829	4.85116910645634
7.27808844656621	7.00451578016969	6.85468359063258
6.39681236694335	6.20016334627361	5.99823749424181
6.08458077066635	5.66095766931079	5.69525096300791
6.48313014715663	6.20614964133934	6.12297372191787
7.23675642496812	7.00794668556996	7.2350840882394
7.03721753101544	6.78412571174439	6.46630975584252
11.2561346910673	11.3178307447523	11.2813564512017
5.59639015904763	5.20315959873353	5.19959500352078
5.25373858515047	5.26755018600348	4.91988185654036
8.57934546241593	8.55588530898803	8.57842548964262
5.18457656064307	4.99762939458445	5.03587515160518
5.84889685297751	5.81383221856058	5.58531693597507
7.23520263371304	7.00794668556996	6.99664774747942
5.77382641976733	5.44001738200825	5.57683047008724
7.76523892393061	7.55822734690641	7.5905957382088
7.90078359464248	7.65986760878224	7.54998386286279
4.63460948127812	4.32369326404102	4.25915184820124
2.90078359464248	2.71653501720567	2.72627785862853
7.70925818694712	7.56523073464417	7.4800280370903
8.3537857620008	8.18205396572188	8.17941712158315
4.36590632535763	4.23278476784281	4.01717905789527
9.66868015736781	9.66639565177974	9.67128578844065
7.20535812277957	7.18357179336414	7.21744866833358
7.65567109680595	7.79905542456808	7.62804342205918
9.51645320930482	9.37208654061277	9.40080822760949
10.4550387594814	10.2702312777264	10.2366001436499
4.62514915202905	4.44001738200825	4.40050769744678
8.00201709444571	7.7911121420605	7.68047416901541
6.55961599199	6.53344424597652	6.52483583244898
7.46203002638983	7.28037422636107	7.24983981468554
8.68328332801381	8.46706674065117	8.36890570006095
4.98455195233508	4.72489849014029	4.38114237257984
4.41064464012292	4.22100760006645	4.19405681997935
9.21917903768501	9.08630987133334	9.1396357127636
6.06721961000491	5.71233502867638	5.69132525979411
8.48247541828635	8.25821696831628	8.09798500173201
8.2938475607967	8.43938225321046	8.08682145590155
4.66262385744771	4.39879471928174	4.33156034372928
5.40512763515535	5.04515776466704	4.72627785862853
10.8712021426559	10.9086557647622	10.9587753315025
7.88798580650336	7.71338617265067	7.82900745653218
7.1536546710302	7.1341913137926	7.50372555531255
6.10514209314867	5.70812277738946	5.6715348940341
4.62514915202905	4.17291331186541	3.88593452461702
5.31973614392471	4.99762939458445	5.14896893045081
8.46799569322622	8.27326383719788	8.05127225656368
11.8313281143884	11.9223566753387	11.9128399478491
9.73229738525453	9.62733460118831	9.61100046876974
10.039890014103	9.9624745864676	9.88657844118245
5.48574609536364	5.12316027666831	5.12588531733777
4.63460948127812	4.42982161490236	4.58954152183679
13.9317505365971	13.9966448637321	14.0755120255221
6.72151754650129	6.63899841673465	6.78455750424193
7.16675528355583	6.71443655132167	6.75288958887585
7.06547194771865	6.75583666731297	6.91315599335204
7.50907859919426	7.32781721646575	7.4800280370903
7.99560714084408	7.88739169129313	7.76601361087574
6.97154624251032	6.75379463577475	6.68146401127784
7.06721961000492	7.11204424447414	7.11126822126558
6.56209698149375	6.31540982478208	6.33156034372928
7.47525372154599	7.13262060591737	7.03432636450969
6.15858135211013	5.90129505981092	5.85468359063258
6.94707724691641	6.68687504368543	6.48683856920719
4.10514209314867	4.13576031344794	4.06650677025884
7.42024892218002	7.18205396572188	7.0695344629564
6.20694437367153	6.27326383719788	6.2106079962432
8.6275200564918	8.31817625907345	8.3284041511756
6.26291801192486	6.14201930391962	5.69132525979411
8.39820157748968	8.11124695512481	8.15396961150918
8.71762812943876	8.4118037798436	8.34536614325432
5.42707018803603	5.40921133522708	5.25383804830477
5.9771344807726	5.63899841673464	5.42907684964355
7.09318362884061	6.82554563912437	6.595855295769
5.88897429235285	5.60768287626844	5.43378385232107
4.21011165275021	4.33466438186202	3.85818953413412
7.02647781610278	6.76600369346996	6.52262818849733
10.2315056587617	9.98201378167484	10.0358751516052
6.11868862498661	5.79409600049932	5.81554519672562
8.86154106222974	8.54647895103096	8.59742943126711
6.39681236694335	6.09762518456117	5.99823749424181
9.59032585822737	9.60626888513213	9.66178776183513
6.78448940283021	6.65221403623882	6.50707936164482
10.734636184765	10.6750540125969	10.7528895888759
7.88204062621831	7.65440491751162	7.56507946439488
6.54964914723095	6.40921133522707	6.475469755128
8.71149492389266	8.53582296875925	8.47718079906158
17.0850879463937	17.1902009509504	17.1763950236689
11.6577749443206	11.755454006498	11.7659552859969
4.75226106993239	4.48994260733993	4.44781341222513
6.87507347553658	6.63012026538819	6.58743077524098
9.19140352277575	9.24882297793458	9.20580015304749
5.75660000565673	5.72489849014029	5.71472082720613
5.99927345804184	5.89389660748976	5.70307046746721
8.21327199364354	8.29939905204282	8.30032781980349
8.97945653992653	9.05679917110243	9.05509599333926
7.60001654145358	7.69221638648011	7.75477177445383
8.95276088542	8.98506341750352	8.96366582784958
7.09489806165186	7.27183754440658	7.31507222094071
5.67642965697275	5.35096619419112	5.26444614787075
4.75226106993239	4.65659247674938	4.75665150767205
8.45136310133797	8.54706864858296	8.53472863720741
8.46269409776675	8.5064098189287	8.5065209350689
10.0167884572673	9.82918666496768	9.72411795547736
8.08026002757189	8.06916873851194	8.085326435
17.1172065629579	17.2223581085783	17.2071781431036
7.90372087772204	7.82845919455599	7.88936543001729
9.23053119398914	9.22580367545432	9.35718393116176
12.5152533963222	12.6081774459389	12.5978882307752
8.16593997127593	8.11840674669768	8.17380078343075
7.15200869818664	7.15290762006236	7.2350840882394
3.42161575794392	3.41955327944854	3.28021346372906
8.20773684556231	8.22248501447195	8.25583301756604
7.30795897614836	7.43365347649339	7.43730405343535
8.18939894409991	8.23571409888148	8.18291626237415
7.08458077066635	6.80793965063738	6.69916601301129
7.33141794897234	7.20614964133934	6.91988185654036
6.48313014715663	6.03510410000311	6.05127225656368
8.19660242945007	7.91597910556803	7.76881043574046
7.58301488798262	7.27468872130471	7.26444614787075
5.67184238747709	5.16678720906857	5.09055224422549
5.48574609536364	5.22690820150614	5.12005623853557
12.9615676217742	13.0366008760555	13.0462381727529
7.16675528355583	7.07980390747393	7.04359424461008
8.36092783124482	8.4118037798436	8.42257954267424
6.06021622226715	6.07162997602823	6.10242634451378
4.10514209314867	4.07162997602823	3.69525096300791
5.37157507544432	5.44001738200825	5.51598491486671
7.07418916481976	7.1466957911291	7.13313870134909
11.0424465066199	10.8672269272097	10.8672435647119
7.96218413930663	7.62006660072427	7.63419127954816
9.96194930654939	9.66937782806472	9.67452081101764
4.76092593105952	4.69966119864127	4.61463250279962
8.71651493876556	8.50398206060924	8.46860521383018
6.94897428208901	6.62789216449607	6.36644586137314
14.0264778161028	13.9947818582551	13.9513057777418
10.5880451573663	10.633039435422	10.6272730945295
6.88303319250507	6.52867500182865	6.43143227064168
6.39681236694335	6.22100760006645	6.10537966190313
5.96218413930662	5.53819777594715	5.58954152183679
3.99193148270068	3.33466438186202	3.34161400839321
9.23286880461273	9.00064623370804	9.13999580138169
5.56209698149375	5.22690820150614	5.25915184820124
7.85194158511195	7.67289428907848	7.75571194720844
6.10854066961053	5.8294290736116	5.84411434892239
4.99193148270068	4.9413219536825	4.95959156634232
7.41064464012292	7.39748733809495	7.37748225634805
8.20456434281959	7.97764594594104	8.04590194178177
7.08630545113581	7.14980504888622	7.14466879301719
6.31385957758804	6.19113707048432	6.17450402255795
6.05317867152722	6.00107669620292	6.08756838578667
9.15077298501397	9.21359774792276	9.27759751552205
4.9163804496935	4.54765810519622	4.53801122119671
5.75226106993239	5.64782226712165	5.44781341222513
6.56704619746549	6.39093260150877	6.30354596755969
5.22897068000152	4.93412645227829	4.87904813903178
5.37722163858547	4.99762939458445	4.92657650911436
7.12709106598231	6.8901831046907	6.68344166071827
6.29608487586006	6.32369326404102	6.31634724978278
7.25680488819825	7.28603741338137	7.28021346372907
6.70365112570777	6.48256307697433	6.52483583244898
7.5408713146013	7.63567550922136	7.68442946975439
5.22271168952984	5.40921133522708	5.42435443940114
5.5571307286004	5.63012026538819	5.44315203485527
11.1967022250466	11.1470848150066	11.000916225961
6.64166423881207	6.58028910943619	6.55106737402216
8.84584568150349	8.93862784451323	9.01010508274823
4.02107782836019	3.63012026538819	3.81554519672562
9.32522376956314	9.24592017003194	9.44431879192726
7.41339525113895	7.20614964133934	6.92657650911437
6.70140218520421	6.61669974962587	6.63316845423704
6.52187988141735	6.17291331186541	6.08457834318086
6.47261866137802	6.22984947681826	6.10537966190313
7.74245048783701	7.45140214548787	7.29839347979409
4.04964698055697	3.76600369346996	3.80104562703051
4.35450156208539	4.24446657289044	4.19405681997935
4.47525372154599	4.25605454716565	4.24850460400173
8.7369711989078	8.52986879175269	8.26378542194169
4.24758635816887	4.29027026250357	4.07857960255941
6.53203974763757	6.31817625907345	6.16037369372306
8.99560714084407	8.78061976824285	8.63623475728483
8.64985142356184	8.37839595469177	8.35408336035542
10.669255624085	10.4342911317705	10.4060573967073
14.6264647442818	14.5741544255645	14.5785334220435
4.76092593105952	4.38830234546409	4.17168900695089
5.44331082904324	5.06505732210474	4.99823749424181
5.42161575794392	5.20315959873353	5.1546825816452
6.23209002184571	6.09117016242387	6.00141174203695
11.2912329671267	11.3498682205684	11.4243544394011
7.23209002184571	6.83909217096232	6.81554519672563
4.52696875809015	4.39879471928174	4.18291626237415
5.94327567675656	5.88646001864798	6.59164918479878
2.76953906136423	2.46019526394588	2.41961652039448
13.8619658771445	13.8308524024127	13.8703936737212
9.72511978318148	9.64837196994442	9.70282674839561
11.3809152213233	11.4484065479112	11.4700380226091
9.3669709140476	9.23168473344648	9.13747329161298
5.99927345804184	5.74970188114087	5.63929455703389
7.41064464012292	7.18660266641351	7.03277591294628
4.63460948127812	4.17291331186541	4.17168900695089
6.87307666547263	6.53819777594715	6.4361316071775
4.77810107486765	4.48009482138358	4.34161400839321
6.37440111952309	6.01136945121075	5.73774304512199
9.7256731759926	9.6943473987448	9.87559258039555
6.35450156208539	6.06834739203893	6.22968072971007
10.2695747143196	10.1554235554416	10.0478222069939
7.20218037911399	7.04515776466703	6.91146961672416
6.29011097481543	6.23278476784281	5.74154461528184
8.46865702490908	8.34961472332799	8.40110869518131
7.44196440333573	7.18962718542668	7.09501649237009
5.99560714084407	6.00451578016969	5.73393143117197
10.9655849257776	10.8767582451296	10.9189379245981
4.97713448077259	4.86012587083451	5.06043225584915
8.56457371178597	8.36039120698039	8.54781439622707
6.46468447983581	6.04849347723029	5.80104562703051
5.66262385744772	5.078172821895	5.09055224422549
6.08458077066635	5.86012587083452	5.87904813903178
4.27203940189341	3.97677078968678	3.66354210328057
10.8399795042458	10.8615488810182	11.0877550578502
10.812891899522	10.7061440429675	10.7855935509945
7.24912687624466	6.94311523550555	6.87904813903178
8.35450156208539	8.62006660072427	8.22493613286332
5.94707724691642	5.79011614958677	5.19405681997935
7.80453448272043	7.73528510837199	7.5842588537561
6.57689398342183	6.4374751874458	6.25117379077771
9.6072420742911	9.33909767586746	9.22425705775505
10.3144115236667	10.1182083426486	10.0183546888506
6.28110348432165	5.92689488304722	5.85468359063258
8.25297099000552	7.86675460930042	7.82453397995287
11.1898000827209	11.1062538891563	11.1040883293847
9.21208767694749	9.04932620166374	9.01561005823993
7.13877287102995	6.93592869491227	6.79557049696435
8.12121449964565	7.99762939458445	8.05356771455134
9.27959675307149	9.12553118113106	9.12842815200998
9.0020170944457	8.82554563912437	8.85160888546931
9.46501594337337	9.42630011188912	9.59533020202675
2.18457656064307	1.68258768528233	2.30097202389586
7.98732370158513	7.6378916310717	7.67849244474654
10.481165068477	10.3598878534691	10.4499932590879
6.56951445305624	6.38566728529612	6.29322252429093
8.62870404920568	8.47452575790891	8.5093109089434
10.0564817983023	9.94177048315631	9.93801085490486
3.66262385744772	3.46019526394588	3.21608312630935
7.36448565065801	7.17444078161201	7.16886848788852
5.25986468794731	5.22690820150614	5.0420537265343
8.22662673953323	7.9296109711558	7.84588127509658
6.32850635355244	5.96622729544532	6.00457902111564
5.11193125881131	4.90498010661878	4.71084781805893
7.192604934399	6.88459486642842	6.85993931608407
10.5971464074483	10.5319555501052	10.716049776381
6.65567109680595	6.39093260150877	6.27235134595609
4.15858135211012	3.7332137583523	3.82990048970269
4.69010459386982	4.45014159928196	4.4384755476458
5.15200869818664	5.08468612885367	5.00457902111564
9.18215931063738	9.38005175085756	8.95795863459936
4.36590632535763	4.3670858595544	4.23777819740867
4.52696875809015	4.04515776466704	3.89960946151409
10.4511958032522	10.3737495898354	10.4478134122251
6.65101723779973	6.40140593273828	6.40050769744678
10.3786298329783	10.2962456190039	10.3428658046027
7.49616271130898	7.30847044131679	7.09798500173201
3.73477364320356	3.24446657289044	3.19405681997935
4.95465046662122	4.67397455497762	4.34161400839321
7.4243455506995	7.18053453952468	7.02187584459667
8.52379031432625	8.35299102966861	8.23440977411594
7.67528420630449	7.54647895103095	7.46170785388351
8.31606609605164	8.06834739203893	7.91904283642895
5.475253721546	5.03173724890472	4.966104873301
10.9334881821685	10.7955856186398	10.8928950263472
9.32887062449009	9.17977422591504	9.16143828241303
12.8942758311785	12.8735881306411	12.8595020695158
11.3023124130072	11.2690700830049	11.2517570176798
5.94327567675656	5.80597010078761	5.52924101156898
4.8201651344342	4.51908895299945	4.50260588506551
3.37722163858547	3.04515776466704	3.1716890069509
7.64166423881207	7.40661422374103	7.53691785620244
6.80558181128976	6.54765810519622	6.57256844323308
8.12625302062567	7.88459486642841	7.71568745708544
7.35163622839099	7.06998961764697	7.03896774666056
7.56333587812711	7.31679370502333	7.14753697495768
7.70140218520421	7.59176645748612	7.60004917965518
7.11700224835873	6.89944900064555	6.85116910645634
8.21957198199927	7.8771100504654	7.99585221669505
10.6418108467123	10.4499839535362	10.5023258316742
6.79507415347137	6.48256307697433	6.24046728493631
4.75226106993239	4.49972362813252	4.24850460400173
7.35593209769183	7.09278662762479	6.95468721587131
6.21011165275021	5.90498010661878	5.7069643835717
4.93946406280654	4.32369326404102	4.25915184820124
9.7084185157385	9.35736844825195	9.27628776051526
7.94992186507276	7.64672223272533	7.42671757676963
9.19740060100066	9.01861597721454	9.10943062702799
8.31238668818916	8.07408702182375	7.83524711116817
7.17650326010739	6.93051519872591	7.00299625075294
9.50037307135904	9.26181381645434	9.43525164677151
6.14209322932156	5.88272729977165	5.80831362749454
5.42707018803603	5.31817625907345	5.09055224422549
8.96593627416773	8.83957363101714	8.79694122869777
7.15036084530516	6.96446253064925	7.13024172238191
7.38144210490366	7.26181381645434	7.07406412143692
6.16838452714049	6.12947405060051	5.89620286007085
6.11868862498661	5.63012026538819	5.54672843829782
6.66030999160947	6.37773310375391	6.36644586137314
5.46997877950532	5.19113707048432	5.00457902111564
6.92604354704422	6.6256606171975	6.52262818849733
4.37722163858547	4.56639466777781	4.38114237257984
7.12037303269797	6.80990651534678	7.01246693054595
3.68100238676257	3.76600369346996	3.5810799430886
4.75226106993239	4.48994260733993	4.54672843829782
8.99514819538422	8.86012587083452	8.74864567165699
8.15118500701902	8.01136945121075	7.89705526484653
10.3244932910458	10.2375419149639	10.1385549073384
9.58545599692526	9.42437566290538	9.44052337629465
6.30499960066781	6.34826198526274	5.96285189550591
5.15200869818664	5.03173724890472	4.86517596445022
2.93181049026311	2.04515776466704	2.52924101156898
11.824175677865	11.746046970529	11.7876634151098
10.2988766493705	10.0644395978217	10.0560503461166
6.12541448817493	5.92689488304722	5.7790193207005
4.48574609536364	4.16063498208697	4.23777819740867
4.28411223419399	4.39879471928174	4.19405681997935
5.30795897614835	4.89760057625318	4.89278819565808
4.37722163858547	4.05845458728049	3.5810799430886
8.94612779308755	8.7955856186398	8.74817335374775
3.62514915202905	3.35635945296134	3.32143612645558
5.24140778323975	4.77408603976783	4.89278819565808
10.0602162222672	9.94535370770154	9.99764154447462
10.5662740007758	10.4339723393615	10.4267175767696
10.4419644033357	10.2219311613558	10.4731852019334
4.42161575794392	4.19716085811209	4.33156034372928
5.57689398342183	5.30149751792682	5.33659593362658
7.79084956760964	7.31125020140778	6.77531535193708
4.7170716414701	4.65659247674938	4.37136135178726
10.5019891744079	10.3259285347976	10.3923696280031
7.20377012587638	6.93412645227829	6.90130975050393
4.76092593105952	4.52867500182865	4.46630975584252
8.73587283947835	8.68580439796587	8.72675739828423
6.01384625912912	5.93772868895849	5.7790193207005
11.8571913196753	11.5583735981145	11.7966557669661
7.86907473491515	7.98636843345943	7.65952904077395
6.3912421089004	6.16985351211635	6.02967000207847
10.7484537669551	10.6371994586068	10.6990438283793
10.4994025398452	10.337735035822	10.4605550811167
8.74736411808087	8.47266461590809	8.40291018766208
5.68556066872488	5.36173262506019	5.26444614787075
4.21011165275021	4.51908895299945	4.25915184820124
4.7170716414701	4.38830234546409	4.4384755476458
4.42161575794392	4.11044922491876	4.35159809696583
11.5027158305706	11.3850902237595	11.4295924266898
7.05141390673115	6.77206969416931	6.74911783498664
4.96218413930662	4.79806490270226	4.55539329942495
6.29608487586006	6.16678720906857	6.25117379077771
11.1632870197494	10.9112918716279	10.7986528139512
9.36448565065801	9.23644550322713	9.13241500178995
6.08802807228482	6.11044922491876	6.2106079962432
8.35306960659225	8.16294514277418	8.04128285019168
7.79612836984337	7.60768287626844	7.84057399121714
11.3988956814438	11.3599717579177	11.3223882956954
9.73477364320355	9.55030768361017	9.40830120716665
8.29533948961724	7.94848174525536	7.91146961672415
11.5732858045065	11.4157644544887	11.4028351703706
10.9627710540216	10.7686607076706	10.6644184746605
9.61831101744632	9.58057715876147	9.53719127514401
10.3675029139458	10.218233363507	10.2797233346124
9.96499915491368	9.84653680608656	9.78202180886203
7.61323583048556	7.40921133522707	7.17731355614478
7.49486473997456	7.29308527811062	7.16604244380975
5.28411223419399	5.04515776466704	4.99823749424181
8.21406099833419	8.19415210823975	7.98306370046084
9.09275470211205	9.01606253399772	8.81419203573142
6.59396749678077	6.32093739875051	6.06953446295641
4.74354385283128	4.53819777594715	4.55539329942495
9.32923480347496	9.14747373401173	9.0140393503647
7.15529876812083	7.12316027666831	7.17590947326909
10.9031094367123	10.6501570589773	10.4726134979272
6.08802807228482	5.66095766931079	5.63929455703389
5.11193125881131	4.76600369346997	4.63929455703389
8.37792590759672	8.12157750630562	8.0140393503647
6.91444003912407	6.61669974962587	6.35656434985918
8.4791973095347	8.28320859866938	8.17871627384486
10.9757394491981	10.9764424691754	11.0221688866859
8.45203209974592	8.22543531210726	8.085326435
4.80348639328757	4.73321375835229	4.475469755128
7.14705948221491	7.10725388575895	7.07557085268707
7.26444225405385	6.99244294786911	6.92323306604
7.1119312588113	6.86012587083452	6.79557049696435
7.23520263371304	7.21656625728468	7.20235614319783
6.55961599199	6.29308527811062	6.21608312630935
6.50907859919426	6.37507865030793	6.27235134595609
4.98455195233508	4.73321375835229	4.53801122119671
4.93946406280654	4.63899841673465	4.475469755128
13.8511810042802	13.8099525815936	13.8240858684286
9.38389835389446	9.39421369239512	9.37595446308774
8.23131081845604	8.18584554488425	7.91568186801107
4.29608487586006	4.13576031344794	4.00457902111564
8.65915166554091	8.33671221051088	8.41009374627597
8.66146738841514	8.50215855704957	8.37931347517765
10.0327523617411	10.0055888148349	10.1732731290362
6.11531389820596	5.63899841673464	5.80104562703051
5.15200869818664	5.01819071706676	4.966104873301
7.25680488819825	7.00107669620292	7.0420537265343
10.8907025145645	10.6537206244471	10.5891459920082
8.9640614265473	8.8558483992879	8.8348023154067
5.59154075938623	5.1040514537206	4.95959156634232
4.58667500421442	3.97677078968678	3.80104562703051
5.03543312133726	4.8294290736116	4.49361710183826
4.96218413930662	4.72489849014029	4.23777819740867
6.36874348466116	6.11681874979448	5.92991222167762
6.44868400114209	5.96975036200901	5.88593452461702
7.99101110305805	8.15445640715785	8.07180106992835
4.46468447983581	4.23278476784281	4.16037369372306
5.40512763515535	5.06505732210474	4.84411434892239
6.03185766711344	5.86391744999689	5.50707936164482
3.88501627878416	3.57567248136582	3.63112062558819
10.6549449201958	10.5634830723579	10.6392945570339
5.04255755577064	4.86769909053932	4.4384755476458
8.475253721546	8.33602992388625	8.50204572390884
4.34300592324756	3.96269560447506	3.80104562703051
11.1292886216866	11.1167194419272	11.1983853412009
10.5060215294309	10.3592164421523	10.337852089597
9.23908397864462	9.10284870663895	9.06309300361592
9.15447695377739	9.16063498208697	8.92365142041175
6.55961599199	6.37241930385744	6.12005623853557
11.275445109801	11.1383063041354	11.1349463635839
9.50747042263616	9.17672895820727	9.39357816842216
6.22584457901481	6.09117016242387	6.0420537265343
9.17771713905228	8.93907721222934	9.08120712124751
3.30795897614835	2.74970188114086	3.07857960255941
5.85295506955187	5.68687504368543	5.63929455703389
6.30499960066781	6.00451578016969	6.00141174203695
6.90469864464587	6.57798264205302	6.52483583244898
8.18296551073709	7.98810662046594	7.92406965350379
8.11362356990376	7.8572756327506	7.69623072198674
8.112777662497	7.91506571836381	7.71472082720613
10.1381494522053	9.96666814954834	9.91462995761748
9.87856125664687	9.77886359633898	9.91610241750856
8.65276419467219	8.43237731980612	8.37931347517765
6.8201651344342	6.54293569495382	6.19127973530878
8.93229002991881	8.63290056118197	8.46055508111672
8.13627757774564	7.8817926090743	7.83791300975408
6.57689398342183	6.27326383719788	6.22968072971007
9.44834876353378	9.31679370502333	9.2941934912648
8.09661045952755	7.79011614958678	7.71761877603636
10.9148040649574	11.0097660408569	11.5752336851529
8.48770494840169	8.34623049695586	8.39930495036512
4.43250407408665	4.27895494927574	4.20511200848835
6.96218413930662	6.8901831046907	6.88936543001729
13.5665443166343	13.7398703244299	13.6694161242096
6.08112521203013	5.82554563912437	5.76414604421897
3.02107782836019	2.87523276322472	3.23777819740867
4.76953906136423	4.41955327944853	4.4384755476458
10.4699787795053	10.7035015016281	11.2435703070024
3.39958945161392	3.31263807553202	2.34161400839321
6.97899242699318	6.97501888292519	6.75100494453091
7.75226106993239	7.43874684468184	7.54672843829782
9.89366037319342	9.76524364689471	9.85534160434564
9.1207938275211	8.93367553961924	8.93614597057079
6.90860309910178	6.58718646938286	6.36644586137314
8.68100238676257	8.73269545583518	8.7790193207005
7.03006661158745	7.01819071706676	7.12151571771
6.16185648414299	6.19716085811209	6.03277591294629
9.32083534019951	9.15484334427721	9.28835786291801
6.96593627416773	6.64120944405	6.61463250279963
4.27203940189341	3.87523276322472	3.54672843829782
4.73477364320355	4.37773310375391	4.39085752741306
7.31533096480471	6.97677078968679	6.81554519672563
6.73257273501028	6.5452988323223	6.32903594231374
9.07418916481976	8.89898711652414	8.97783581027142
6.09832082729265	5.68687504368543	5.69132525979411
5.83254885889003	5.8901831046907	6.27759751552205
9.7416299199653	10.1022469568739	10.6924304439455
9.71205356670347	9.4374751874458	9.50260588506551
8.50457117964459	8.32918925179587	8.18291626237415
7.37015997475128	7.0667032949483	6.98867263020628
8.79349138310867	8.70495549831078	8.76927604653711
7.33722357065355	7.32506922508083	7.02343804836695
5.37157507544432	5.28462369936242	4.81554519672562
10.6985860706249	10.4020579983046	10.4011086951813
7.87607084511719	7.66530969385049	7.80195613197767
10.7373828682046	10.6384451300391	10.5923071985119
6.99744146409296	6.94132195368249	6.45013846517138
5.56704619746548	5.58947828089085	4.81554519672562
9.04699252711099	8.89991073694038	8.65550478421515
7.192604934399	6.95915524676981	6.85468359063258
8.6174166925654	8.4972845826811	8.36459822606291
10.1233160222909	9.98680317658187	10.0061600569351
6.69914973347283	6.4118037798436	6.56829378813275
10.5415000768866	10.3492766577047	10.4353983441168
5.62514915202905	5.53344424597652	5.66354210328057
3.52696875809015	3.55705680319847	3.23777819740867
7.75876458977006	7.55939694165298	7.54019546845859
8.06896515775674	7.81774726856396	7.64031304986891
6.53961296734237	6.29308527811062	6.19959500352078
7.30943639055385	7.03005087227682	7.09946696903324
5.67184238747709	5.58947828089085	5.5810799430886
4.89292147686951	4.50943878296573	4.49361710183826
7.90176335362131	7.63345597795145	7.4326085406138
8.87307666547264	8.70284010930878	8.60266417953896
7.40926736551627	7.18205396572188	7.02343804836695
3.04964698055696	2.8448591141812	2.87212872509199
6.04610662285172	5.77811029632662	5.63929455703389
10.6470788332403	10.4928532752534	10.449121715541
10.9292902886607	10.7637223514558	10.8076338057396
9.78475497025679	9.5730691211871	9.52786583746725
1.76953906136423	1.19716085811209	1.34161400839321
9.16716276697639	9.00794668556996	9.05433205631274
7.61323583048556	7.37507865030793	7.4326085406138
7.233647167211	7.04181432159267	6.90639862717673
7.03185766711343	6.65440491751162	6.57895677119562
9.35914562590281	9.15329497274045	9.2232378453913
7.43114752011658	7.19415210823975	6.93157719017273
9.6295914065115	9.38665599695622	9.38448934138033
5.44331082904324	4.98375722000289	5.03587515160518
4.52696875809015	4.34555269800475	4.13747329161298
10.3782779132203	10.29044636199	10.3893438403149
9.19420526184085	9.0036567774406	8.92113947252081
5.73477364320355	5.20315959873353	5.31124035934969
8.18377126057143	7.98462814972502	8.09872617567119
10.9330090406692	10.8661639943821	10.9858708911412
