k27_temp10_1	k27_temp10_2	k27_temp10_3
7.22649395383481	7.1587648677811	6.96006471634398
2.70293199777779	2.74897926742513	2.58502528499706
6.60324993946283	6.55872870462312	6.51576262255994
9.31093473989702	9.37460316862841	9.46092818812189
5.40840730581618	5.3725630621736	5.32379312179725
5.27140637571038	5.16191830081998	5.09598720427444
7.22934231614384	7.25935245172561	7.40264854250849
7.48309890838962	7.71717720733335	7.71430830194203
7.98749324020067	7.90579728022597	7.87596568740074
12.1627361651688	12.2907062345284	12.3547804976782
11.0384238613577	11.0560476669877	10.9969599097882
5.83595741640858	5.68026651734112	5.63378459691691
7.73535347547017	7.69557957283562	7.80031559064829
8.11155123288565	8.04978407074674	7.97476416367404
8.68021192127771	8.57537994517328	8.61127205764525
5.82470096106545	5.99867154566478	6.20267640442439
10.4673512621139	10.5880365369579	10.7232970851693
4.49142789258408	4.58010235541568	4.27432444553295
6.75525303290788	6.67806560914785	6.67036495435442
6.21791496894602	6.28271644479111	6.41284430961438
7.63689083658448	7.60000191285339	7.58840264519938
7.48190511846558	7.52361311776147	7.41411372900195
4.85083069289011	4.46226586512183	4.51102470355328
9.34087414813072	9.20955421860745	9.31260544116479
4.46266889960266	4.47246163222772	4.35056003136004
5.24912492833437	5.29999443622295	5.18790969371547
5.19769668952737	4.93004482647264	5.0575130564598
10.9899097273797	11.0436000163168	11.1767346181588
6.04116190499426	5.78623888599421	5.77484984387707
3.76706233519751	3.18069550785061	3.35056003136004
9.64970538455935	9.66811975944083	9.77386135802759
5.16831288274628	5.01620147022236	5.11484623152575
2.94394009728159	3.18069550785061	3.30749130946815
6.71517559353254	6.63105354286244	6.54849940897194
11.5804252933225	11.7235272548305	11.7560769518937
9.08545777824004	9.09626585915154	9.33053155086622
4.95774589680662	4.86960897261067	4.46276953494606
6.90883629632567	6.97376620390196	6.82151790337836
10.1190577679442	10.2015317973373	10.2574506269686
9.44255920279352	9.46418306811612	9.39527557102524
9.2896012241693	9.20038208679091	9.11874435613696
4.6528913152782	4.451997529668	4.55771793900132
8.97736309881904	9.07342149894798	9.11874435613696
5.82092920717625	5.5370336335238	5.64680148258375
7.69574161957132	7.67806560914785	7.87319925310936
6.98833421664004	7.24455544979752	7.22019923167198
9.1200173257055	9.72145820466123	9.15942959401964
8.18234483660667	8.19923145928803	8.27851224249638
4.97820999936634	4.90767701344419	4.68094970499559
4.97142083370369	4.79032006280603	4.96353690825079
7.54156294685951	7.58480935809321	7.38851066059301
7.4602462373358	7.44812798320635	7.38463070744973
5.5102869198354	5.42074659568356	5.43302219155201
4.55638333442485	4.56111925204811	4.12107818523726
3.66976513384259	3.66256451560766	3.6724881262474
8.73234472559783	8.69557957283562	8.70862940913801
6.0444002790608	5.93373931003039	5.94257728961514
3.63581780191926	3.53216787835198	3.63813662145662
5.91238536340674	5.84235076556625	5.83674437760302
5.5699298662628	5.56111925204811	5.50150192943477
9.30216862948107	9.45970562480326	9.44393875567636
8.06447707176174	8.01620147022236	8.07286531882011
7.52311096019298	7.37799694822422	7.36375952911489
10.9756678048039	11.1407973322532	11.2268061086234
9.63528098515366	9.7615063653013	9.76219563133857
6.83034016710232	6.68465828645828	6.53922159538393
7.1352840823588	6.99513985469453	6.94784581053132
10.3339436542221	10.4524804940337	10.5565688389478
7.11540561679968	7.12684553390636	7.06561355523092
5.24912492833437	5.05063496728623	4.99780681033553
6.26030866682705	6.26815834910095	6.24893912711304
5.31496274169712	5.22960510833155	5.17598652633966
8.14813500080865	8.05996185575077	7.90334212633204
9.08231036484906	8.97421473337577	9.04854965826824
8.98285908657389	8.88017821432086	8.9110052643915
6.54041658601979	6.41282693238732	6.24037711360961
6.91238536340674	6.89446715622658	6.78861799920477
7.79424716452374	7.73210544886074	7.69145736281398
3.49142789258408	3.0776020148865	3.09598720427444
7.26309110749837	7.22207143564615	7.31973490522289
11.3823321230577	11.5573074406305	11.6019031991425
8.75920021742454	8.69449115706096	8.61182534434077
7.0508553011981	6.85409597323934	6.82533961433077
4.6528913152782	4.44165558544654	4.2630971901097
7.18601488447974	7.09914754516776	7.00287779988296
6.14134583514601	6.17758289598327	6.02132040483642
4.82092920717625	4.68903672696885	4.58502528499706
8.39515120911392	8.42862302129419	8.48528832856603
9.12116795320838	9.17094621381685	9.63813662145662
8.23502222521619	8.08675673002962	8.0062485842222
10.2989522942355	10.2974875806124	10.5000083015543
4.07639039330524	4.26522901806227	3.96353690825079
4.07639039330524	3.90767701344419	3.84805969083085
5.61853981048742	5.3725630621736	5.65970197129155
5.63151766448563	5.55153320321892	5.66823865324604
11.606540009397	11.7340930887263	11.7331204876848
7.71415925320105	7.72998227696776	7.65326614630988
9.27071526430033	9.37017928604145	9.76069957689318
4.34153246210102	4.11713037907314	4.22888147477178
5.60544415287574	5.39417687527966	5.35585433102955
4.58335038202512	4.3113991994952	4.27432444553295
7.51379570561253	7.65251085094374	7.48950938289848
4.69471149097282	4.49263951416535	4.47255055573864
10.0807340794796	10.1055080114564	10.3384091965701
9.22078030264041	9.06038437590049	9.25992371813035
9.35691699062644	9.29963658057411	9.3726014058667
8.55695032010355	8.49701605719066	8.72866359491909
12.2894306424321	12.3154316139678	12.3324630384472
11.2351993625534	11.206980445015	11.1043666790238
7.15638971537046	6.95207113280265	6.80031559064829
10.9279202800739	11.0833305158793	11.3301953758581
4.28789449849895	4.22960510833155	4.09598720427444
10.4143643295524	10.6029053049399	10.7967919306505
7.42091991712973	7.33114313479361	7.15031780557808
6.86004922291949	6.99690678086871	7.61182534434077
6.92473879091831	7.00570909640472	7.14421115078479
9.7401045337161	9.77727085668498	9.84406232608702
8.74234958567222	8.80451394438879	8.77534383293887
4.02486009266515	4.00921503990625	3.94959771729292
7.59333447059774	7.55033045613725	7.29927080266318
5.85821022325571	5.74056702760893	5.63813662145662
5.74732611713625	5.61273335965565	5.67672511913387
7.91149891481303	7.90955430068486	8.10466153784027
10.5097012916395	10.634462827728	10.8086650337743
6.85821022325571	6.68684916773109	6.72866359491909
5.95085951122138	6.22960510833155	7.3358997246539
8.50206641303043	8.52728565697224	8.58220476593468
12.1601263013517	12.2569121608102	12.3905273444195
6.54041658601979	6.28561051806029	6.2882367523882
12.1183376805617	12.35053413847	12.4402052318134
4.85083069289011	4.85409597323935	4.43302219155201
4.32031597619133	4.28849879738512	4.0704521121673
8.7232806431696	8.67971660498802	8.65003743543401
4.30958956959827	4.27691082310991	4.20561169544894
8.51145746354334	8.29712910252856	8.52460449931175
9.20132793997424	9.42469018367226	9.47255055573864
6.55638333442485	6.41547165364289	6.32918638056747
5.73935540602767	5.76979773893268	5.80999164999733
4.5472811273176	4.65363139083765	4.60294719299432
13.705267569347	13.8155378457993	13.9054027768283
6.4650875004053	6.44941898556622	6.26872173930357
6.62071090952905	6.62877620215137	6.54849940897194
3.39324749864518	3.02315423086413	3.60294719299432
7.141345835146	7.14289347513822	6.95832548160545
7.63581780191926	7.66367727697473	7.51930587863708
4.85083069289011	4.75734274035976	4.54849940897194
4.83595741640858	4.74056702760893	4.57598014539405
11.4000575323405	11.5522093080696	11.669567958639
7.67499798339855	7.57656199771044	7.59848754480362
7.09212331956984	7.42600232113505	7.53222386925912
11.9830700531665	12.2463205555122	12.2932038973845
5.79808923081813	5.60348528285364	5.46276953494606
8.29130593314808	8.38880370318081	8.52871223659415
9.62747461174835	9.78930085044228	10.0225693113125
6.81525302264404	6.70641880519709	6.65755988472001
5.48667436261345	5.45714083294396	5.33455955266632
5.35202483591867	5.3113991994952	5.4967168668694
8.11309422238128	8.01096482185621	8.06480554902616
5.25472763456375	5.56111925204811	5.55771793900132
9.13528408235881	9.0595392118219	9.10151326590703
10.6144601724379	10.7253269162297	10.8198427161144
4.71923381010689	4.81456760905271	4.55771793900132
5.2435003791405	5.17446355413909	4.87042750385931
10.3168051573942	10.4158019031673	10.5938740483241
6.15638971537046	5.95207113280264	6.10230097820664
5.48190511846558	5.36710863208149	5.33455955266632
3.76706233519751	3.8145676090527	3.49191588060557
5.96801423226044	5.94110001498164	5.94609177379138
3.43332493802052	3.57064202616662	2.96353690825079
5.362441451864	5.58480935809321	5.81768604178733
7.81050574938753	7.83050915292173	7.98761104322965
6.0379162454906	6.22659635845921	6.21729350049657
9.18454798548108	9.20650331598299	9.39205814096539
5.07004886643141	4.69775394406996	4.71430830194202
7.57777366444769	7.52972883290057	7.34258197393651
5.41842606164118	5.43645667877222	5.54849940897194
10.7822955620069	10.824676062527	10.725343824354
10.5894599755446	10.451997529668	9.64815067845585
3.9714208337037	4.03696003038916	3.14574023947154
5.84712672412669	5.5223868575594	5.35585433102955
5.19186761072517	5.03696003038916	5.07687838132673
5.68229223171876	5.72359394900522	5.67672511913387
5.29334892859106	4.99513985469453	4.99101764467289
5.0508553011981	4.96657070249776	4.94257728961514
7.14436718712124	7.03696003038916	6.94609177379138
6.26309110749838	6.23260759649308	6.08964567740061
5.95085951122138	5.69340191953025	5.78665914616671
6.34940888771165	6.23859389155881	6.21438190507667
7.10303516552315	7.04039093578943	7.3264922713982
6.90349627157047	6.81656996196385	6.55771793900132
11.1224134316223	11.3502749949718	11.3727646343605
5.46266889960266	5.23560384895299	5.29100318667958
5.1200173257055	5.29999443622295	5.01129003969915
8.44562420297096	8.58832955920749	8.66983367280142
5.0508553011981	5.03007364480392	5.12728333476398
5.71517559353254	5.84627646878005	5.67672511913387
7.10148137426807	7.04039093578943	7.08805593063822
5.64010516032235	5.47246163222771	5.66823865324604
7.63151766448563	7.59067159712587	7.6820039213676
7.76706233519751	7.69231185900171	7.64139204602159
4.50088822183315	4.35613751426048	4.35056003136004
2.76706233519751	2.74897926742513	2.81768604178733
7.57553692750215	7.59767498486364	7.5714362202491
8.22006450255583	8.21449821594134	8.27082530474195
4.23218506591266	4.26522901806227	4.10858724105407
9.53495889792284	9.69883990199921	9.76269397159945
7.0716368633346	7.2160160435836	7.30885685149238
7.52194983736098	7.83149967478754	7.71945160521799
9.38273194985985	9.40453079083223	9.49221641076829
10.3213175000364	10.3026755279459	10.3280083268087
4.49142789258408	4.47246163222772	4.49191588060558
7.86829583500074	7.82355639227996	7.77188235217421
6.42589473254503	6.56588849619598	6.61624401560778
7.32830876694486	7.31281847658053	7.34124799784435
8.54956206856884	8.49951099087063	8.46031388321975
4.85083069289011	4.75734274035976	4.47255055573864
4.27692338067795	4.25345185028592	4.28546500313815
9.08545777824004	9.1187541215528	9.2310438959224
5.93349835055994	5.74477927889585	5.78273344295291
8.34875415884138	8.29066121853574	8.18939318489081
8.16012630135173	8.47182650342992	8.17822963906035
4.52890259800274	4.4312389695012	4.42296852688808
5.27140637571038	5.0776020148865	4.81768604178733
10.7374808832109	10.9411000149816	11.0501835146613
7.75426454705839	7.74583042287013	7.92041563969098
7.01993341158523	7.16663556401206	7.59513373847135
5.9714208337037	5.74056702760893	5.7629430771929
4.49142789258408	4.20535756208487	3.97734270777582
5.18601488447974	5.03007364480392	5.24037711360961
8.33427443378125	8.30570808741734	8.14268043972248
11.6976068549434	11.9548009255582	12.0042481310079
9.59857612580956	9.65977885140777	9.70240865192854
9.90616875465804	9.99491883668706	9.97798662434125
5.35202483591867	5.15560452688778	5.21729350049657
4.50088822183315	4.46226586512183	4.68094970499559
13.7980292771522	14.0290891139516	14.1669202086809
6.58779628705631	6.67144266695412	6.87596568740073
7.03303402411086	6.74688080154114	6.84429777203465
6.93175068827368	6.78828091753243	7.00456417651084
7.37535733974929	7.36026146668521	7.5714362202491
7.8618858813991	7.9198359415126	7.85742179403454
6.83782498306535	6.78623888599422	6.77287219443664
6.93349835055995	7.1444884946936	7.20267640442438
6.42837572204878	6.34785407500154	6.42296852688808
7.34153246210102	7.16506485613684	7.12573454766849
6.02486009266516	5.93373931003039	5.94609177379138
6.81335598747144	6.7193192939049	6.578246752366
3.9714208337037	4.16820456366741	4.15791495341764
7.28652766273505	7.21449821594134	7.1609426461152
6.07322311422655	6.30570808741734	6.302016179402
8.49379879704683	8.35062050929292	8.4198123343344
6.12919675247989	6.17446355413909	5.78273344295291
8.26448031804471	8.14369120534428	8.24537779466798
8.58390686999379	8.44424803006306	8.43677432641312
5.29334892859106	5.44165558544654	5.34524623146357
5.84341322132762	5.67144266695411	5.52048503280235
6.95946236939564	6.85798988934384	6.6872634789278
5.75525303290788	5.6401271264879	5.52519203547987
4.07639039330524	4.36710863208148	3.94959771729292
6.89275655665781	6.79844794368943	6.61403637165613
10.0977843993167	10.0144580318943	10.127283334764
5.98496736554164	5.82654025071878	5.90695337988442
8.72781980278476	8.57892320125042	8.68883761442591
6.26309110749838	6.13006943478064	6.08964567740061
9.4566045987824	9.63871313535159	9.75319594499393
6.65076814338524	6.68465828645828	6.59848754480362
10.60091492532	10.7074982628164	10.8442977720347
7.74831936677334	7.68684916773109	7.65648764755368
6.41592788778598	6.44165558544654	6.5668779382868
8.57777366444769	8.56826721897871	8.56858898222038
16.9513666869487	17.2226452011698	17.2678032068277
11.5240536848756	11.7878982567174	11.8573634691557
4.61853981048742	4.5223868575594	4.53922159538393
6.74135221609161	6.66256451560765	6.67883895839978
9.05768226333078	9.28126722815404	9.29720833620629
5.62287874621176	5.75734274035976	5.80612901036493
5.86555219859687	5.92634085770923	5.79447865062601
8.07955073419857	8.33184330226229	8.39173600296229
8.84573528048156	9.0892434213219	9.14650417649806
7.46629528200861	7.72466063669957	7.84617995761263
8.81903962597503	9.01750766772298	9.05507401100838
6.96117680220689	7.30428179462605	7.40648040409951
5.54270839752777	5.38341044441059	5.35585433102955
4.61853981048742	4.68903672696885	4.84805969083085
8.317641841893	8.57951289880242	8.62613682036621
8.32897283832178	8.53885406914817	8.5979291182277
9.88306719782232	9.86163091518715	9.81552613863616
7.94653876812692	8.10161298873141	8.1767346181588
16.9834853035129	17.2548023587977	17.2985863262624
7.76999961827707	7.86090344477545	7.98077361317609
9.09680993454417	9.25824792567378	9.44859211432056
12.3815321368773	12.6406216961583	12.689296413934
8.03221871183096	8.15085099691714	8.26520896658955
7.01828743874167	7.18535187028183	7.3264922713982
3.28789449849895	3.451997529668	3.37162164688786
8.07401558611734	8.25492926469142	8.34724120072484
7.17423771670338	7.46609772671285	7.52871223659415
8.05567768465494	8.26815834910095	8.27432444553295
6.95085951122138	6.84038390085684	6.79057419617009
7.19769668952737	7.2385938915588	7.01129003969916
6.34940888771165	6.06754835022258	6.14268043972248
8.0628811700051	7.9484233557875	7.86021861889926
7.44929362853765	7.30713297152417	7.35585433102955
5.53812112803212	5.19923145928804	5.18196042738429
5.35202483591867	5.2593524517256	5.21146442169437
12.8278463623292	13.069045126275	13.1376463559117
7.03303402411086	7.1122481576934	7.13500242776888
8.22720657179984	8.44424803006306	8.51398772583303
5.92649496282218	6.10407422624769	6.19383452767258
3.9714208337037	4.10407422624769	3.78665914616671
5.23785381599935	5.47246163222771	5.60739309802551
6.94046790537479	7.17914004134856	7.22454688450789
10.9087252471749	10.8996711774291	10.9586517478707
7.82846287986165	7.65251085094374	7.72559946270696
9.82822804710442	9.70182207828418	9.76592899417644
4.62720467161455	4.73210544886074	4.70604068595842
8.58279367932059	8.5364263108287	8.56001339698898
6.81525302264404	6.66033641471554	6.45785404453194
13.8927565566578	14.0272261084745	14.0427139609006
10.4543238979213	10.6654836856414	10.7186812776883
6.7493119330601	6.56111925204811	6.52284045380048
6.26309110749838	6.25345185028592	6.19678784506193
5.82846287986165	5.57064202616662	5.68094970499559
3.85821022325571	3.36710863208148	3.43302219155201
9.09914754516776	9.03309048392751	9.23140398454049
5.42837572204878	5.2593524517256	5.35056003136004
7.71822032566698	7.70533853929795	7.84712013036724
5.97481941016556	5.86187332383107	5.93552253208119
4.85821022325571	4.97376620390196	5.05099974950113
7.27692338067794	7.42993158831441	7.46889043950685
8.07084308337461	8.0100901961605	8.13731012494057
6.95258419169084	7.18224929910569	7.23607697617599
6.18013831814307	6.22358132070378	6.26591220571675
5.91945741208224	6.03352094642239	6.17897656894547
9.017051725569	9.24604199814223	9.36900569868085
4.78265919024853	4.58010235541568	4.62941940435551
5.61853981048742	5.68026651734112	5.53922159538393
6.43332493802051	6.42337685172823	6.39495415071849
5.09524942055655	4.96657070249776	4.97045632219058
5.2435003791405	5.03007364480392	5.01798469227316
6.99336980653734	6.92262735491017	6.77484984387707
6.16236361641509	6.35613751426048	6.40775543294158
7.12308362875328	7.31848166360083	7.37162164688787
6.5699298662628	6.5150073271938	6.61624401560778
7.40715005515633	7.66811975944083	7.77583765291319
5.08899043008487	5.44165558544654	5.51576262255994
5.42340946915543	5.66256451560766	5.53456021801407
11.0629809656016	11.179529065226	11.0923244091198
6.5079429793671	6.61273335965565	6.64247555718096
8.71212442205852	8.9710720947327	9.10151326590703
3.88735656891522	3.66256451560766	3.90695337988442
9.19150251011817	9.27836442025141	9.53572697508606
7.27967399169398	7.2385938915588	7.01798469227317
6.56768092575924	6.64914399984534	6.72457663739585
6.38815862197238	6.20535756208488	6.17598652633966
6.33889740193305	6.26229372703773	6.19678784506193
7.60872922839204	7.48384639570734	7.38980166295289
3.91592572111199	3.79844794368943	3.89245381018931
4.22078030264041	4.27691082310991	4.28546500313815
4.34153246210102	4.28849879738512	4.33991278716053
8.60324993946283	8.56231304197216	8.35519360510049
4.1138650987239	4.32271451272304	4.16998778571821
6.3983184881926	6.35062050929292	6.25178187688186
8.8618858813991	8.81306401846232	8.72764294044363
8.51613016411687	8.41084020491124	8.44549154351422
10.53553436464	10.4667353819899	10.4974655798661
14.4927434848368	14.606598675784	14.6699416052023
4.62720467161455	4.42074659568356	4.2630971901097
5.30958956959827	5.09750157232421	5.08964567740061
5.28789449849895	5.23560384895299	5.246090764804
6.09836876240073	6.12361441264334	6.09281992519576
11.1575117076818	11.3823124707879	11.5157626225599
7.09836876240074	6.87153642118178	6.90695337988443
4.39324749864518	4.4312389695012	4.27432444553295
5.80955441731159	5.91890426886744	6.68305736795758
2.63581780191926	2.49263951416535	2.51102470355328
13.7282446176995	13.8632966526322	13.96180185688
9.59139852373651	9.68081622016388	9.79423493155441
11.2471939618783	11.4808507981307	11.5614462057679
9.23324965460263	9.26412898366595	9.22888147477178
5.86555219859687	5.78214613136033	5.73070274019269
7.27692338067794	7.21904691663297	7.12418409610509
4.50088822183315	4.20535756208487	4.2630971901097
6.73935540602766	6.57064202616662	6.5275397903363
4.64437981542268	4.51253907160305	4.43302219155201
6.24067986007812	6.04381370143022	5.82915122828079
9.59195191654762	9.72679164896427	9.96700076355435
6.22078030264041	6.10079164225839	6.32108891286887
10.1358534548746	10.1878678056611	10.1392303901527
7.06845911966901	7.0776020148865	7.00287779988296
6.15638971537046	6.26522901806227	5.83295279844064
8.3349357654641	8.38205897354746	8.49251687834011
7.30824314389075	7.22207143564615	7.18642467552889
5.8618858813991	6.03696003038916	5.82533961433077
10.8318636663326	10.909202495349	11.0103461077569
4.84341322132762	4.89257012105398	5.15184043900795
8.43085245234099	8.39283545719986	8.63922257938587
6.33096322039084	6.08093772744976	5.89245381018931
5.52890259800275	5.11061707211447	5.18196042738429
5.95085951122138	5.89257012105398	5.97045632219058
4.13831814244844	4.00921503990625	3.75495028643937
10.7062582448009	10.8939931312376	11.179163241009
10.6791706400771	10.738588293187	10.8770017341533
7.11540561679968	6.97555948572502	6.97045632219058
8.22078030264041	8.65251085094374	8.31634431602212
5.81335598747144	5.82256039980624	5.28546500313815
7.67081322327546	7.76772935859146	7.6756670369149
6.44317272397686	6.46991943766526	6.34258197393651
9.47352081484613	9.37154192608693	9.31566524091385
10.1806902642217	10.150652592868	10.1097628720094
6.14738222487668	5.95933913326668	5.94609177379138
8.11924973056055	7.89919885951988	7.91594216311167
11.0560788232759	11.1386981393758	11.1954965125435
9.07836641750252	9.0817704518832	9.10701824139873
7.00505161158498	6.96837294513174	6.88697868012316
7.98749324020067	8.03007364480392	8.14497589771014
9.14587549362652	9.15797543135052	9.21983633516878
8.86829583500073	8.85798988934384	8.94301706862811
9.3312946839284	9.45874436210859	9.68673838518555
2.0508553011981	1.71503193550179	2.39238020705466
7.85360244214016	7.67033588129117	7.76990062790534
10.3474438090321	10.3923321036886	10.5414014422467
6.43579319361126	6.41811153551559	6.38463070744973
8.49498278976071	8.50697000812838	8.6007190921022
9.92276053885729	9.97421473337578	10.0294190380637
3.52890259800275	3.49263951416535	3.30749130946815
7.23076439121304	7.20688503183147	7.26027667104731
5.12614342850234	5.2593524517256	5.1334619096931
8.09290548008825	7.96205522137527	7.93728945825538
6.19478509410747	5.99867154566478	6.09598720427444
4.97820999936634	4.93742435683824	4.80225600121773
7.05888367495403	6.91703911664789	6.95134749924287
10.4634251480033	10.5643998003247	10.8074579595398
6.52194983736098	6.42337685172823	6.36375952911489
4.02486009266515	3.76565800857176	3.92130867286149
4.55638333442485	4.48258584950142	4.5298837308046
5.01828743874167	5.11713037907314	5.09598720427444
9.0484380511924	9.41249600107703	9.04936681775816
4.23218506591266	4.39953010977387	4.32918638056747
4.39324749864518	4.0776020148865	3.99101764467289
10.3174745438072	10.4061938400549	10.5392215953839
6.51729597835476	6.43385018295774	6.49191588060558
10.2449085735333	10.3286898692234	10.4342739877615
7.36244145186401	7.34091469153626	7.18939318489081
3.60105238375859	3.27691082310991	3.28546500313815
4.82092920717625	4.70641880519709	4.43302219155201
7.29062429125453	7.21297878974414	7.11328402775547
8.39006905488128	8.38543527988808	8.32581795727474
7.54156294685951	7.57892320125042	7.55311603704231
8.18234483660667	8.10079164225839	8.01045101958776
5.34153246210102	5.06418149912418	5.0575130564598
10.7997669227235	10.8280298688593	10.984303209506
9.19514936504512	9.21221847613451	9.25284646557183
12.7605545717335	12.9060323808605	12.9509102526746
11.1685911535622	11.3015143332244	11.3431652008386
5.80955441731159	5.83841435100708	5.62064919472778
4.68644387498922	4.55153320321892	4.59401406822431
3.2435003791405	3.0776020148865	3.26309719010969
7.5079429793671	7.4390584739605	7.62832603936124
6.67186055184479	6.58010235541569	6.66397662639188
7.9925317611807	7.91703911664788	7.80709564024424
7.21791496894602	7.10243386786644	7.13037592981936
7.42961461868214	7.3492379552428	7.23894515811648
7.56768092575923	7.62421070770558	7.69145736281398
6.98328098891375	6.93189325086501	6.94257728961514
8.0858507225543	7.90955430068486	8.08726039985385
10.5080895872673	10.4824282037557	10.593734014833
6.6613528940264	6.5150073271938	6.33187546809511
4.61853981048742	4.53216787835199	4.33991278716053
7.22221083824686	7.12523087784425	7.04609539903011
6.07639039330524	5.93742435683824	5.7983725667305
4.80574280336157	4.35613751426048	4.35056003136004
9.57469725629353	9.38981269847142	9.36769594367406
7.81620060562779	7.67916648294479	7.51812575992843
9.06367934155568	9.05106022743401	9.20083881018679
8.17866542874419	8.10653127204321	7.92665529432697
7.04278200066242	6.96295944894537	7.09440443391174
9.36665181191407	9.29425806667381	9.52665982993031
6.00837196987659	5.91517154999111	5.89972181065334
5.29334892859106	5.35062050929292	5.18196042738429
8.83221501472276	8.87201788123661	8.88834941185657
7.01663958586019	6.99690678086871	7.22164990554071
7.24772084545869	7.2942580666738	7.16547230459572
6.03466326769552	6.16191830081998	5.98761104322965
5.98496736554164	5.66256451560766	5.63813662145662
6.5265887321645	6.41017735397337	6.45785404453194
5.33625752006035	5.22358132070378	5.09598720427444
6.79232228759925	6.65810486741696	6.61403637165613
4.24350037914049	4.59883891799727	4.47255055573864
6.98665177325299	6.84235076556624	7.10387511370475
3.5472811273176	3.79844794368943	3.6724881262474
4.61853981048742	4.5223868575594	4.63813662145662
8.86142693593925	8.89257012105398	8.84005385481579
8.01746374757405	8.04381370143022	7.98846344800534
10.1907720316008	10.2699861651834	10.2299630904972
9.45173473748028	9.45681991312484	9.53193155945345
6.17127834122284	6.38070623548221	6.05426007866471
5.01828743874167	5.06418149912418	4.95658414760902
2.79808923081813	2.0776020148865	2.62064919472778
11.6904544184201	11.7784912207484	11.8790715982686
10.1651553899255	10.0968838480412	10.1474585292754
5.99169322872996	5.95933913326668	5.8704275038593
4.35202483591867	4.19307923230644	4.32918638056747
4.15039097474902	4.4312389695012	4.28546500313815
5.17423771670338	4.93004482647264	4.98419637881688
4.24350037914049	4.09089883749996	3.6724881262474
8.81240653364258	8.82802986885927	8.83958153690654
3.49142789258408	3.3888037031808	3.41284430961438
5.10768652379478	4.80653028998729	4.98419637881688
9.92649496282218	9.97779795792101	10.0890497276334
10.4325527413308	10.466416589581	10.5181257599284
10.3082431438907	10.2543754115753	10.5645933850922
4.28789449849895	4.22960510833155	4.42296852688808
5.44317272397686	5.33394176814629	5.42800411678538
7.65712830816467	7.34369445162724	6.86672353509588
4.58335038202512	4.68903672696885	4.46276953494606
10.368267914963	10.3583727850171	10.4837778111619
7.07004886643141	6.96657070249776	6.99271793366273
4.62720467161455	4.56111925204811	4.55771793900132
8.60215158003338	8.71824864818534	8.81816558144303
5.88012499968414	5.97017293917795	5.8704275038593
11.7234700602303	11.590817848334	11.8880639501249
7.73535347547017	8.0188126836789	7.75093722393275
6.25752084945543	6.20229776233582	6.12107818523727
10.6147325075101	10.6696437088263	10.7904520115381
10.3656812804002	10.3701792860415	10.5519632642755
8.6136428586359	8.50510886612756	8.49431837082088
5.5518394092799	5.39417687527966	5.35585433102955
4.07639039330524	4.55153320321892	4.35056003136004
4.58335038202512	4.42074659568356	4.5298837308046
4.28789449849895	4.14289347513822	4.44300628012463
11.3689945711256	11.417534473979	11.5210006098486
6.91769264728617	6.80451394438878	6.84052601814544
4.82846287986165	4.83050915292173	4.64680148258375
6.16236361641509	6.19923145928803	6.34258197393651
11.0295657603045	10.9437361218474	10.89006099711
9.23076439121304	9.26888975344659	9.22382318494875
5.95430681283985	6.14289347513822	6.302016179402
8.21934834714728	8.19538939299364	8.13269103335048
7.66240711039839	7.64012712648791	7.93198217437594
11.2651744219989	11.3924160081372	11.4137964788542
9.60105238375858	9.58275193382964	9.49970939032545
8.16161823017227	7.98092599547483	8.00287779988295
11.4395645450616	11.4482087047082	11.4942433535294
10.8290497945766	10.80110495789	10.7558266578193
9.48458975800135	9.61302140898093	9.62859945830281
10.2337816545008	10.2506776137265	10.3711315177712
9.83127789546871	9.87898105630603	9.87342999202083
7.47951457104058	7.44165558544654	7.26872173930358
7.36114348052959	7.32552952833009	7.25745062696855
5.15039097474901	5.0776020148865	5.08964567740061
8.08033973888921	8.22659635845921	8.07447188361964
8.95903344266708	9.04850678421719	8.90560021889022
6.4602462373358	6.35338164896998	6.16094264611521
4.60982259338631	4.57064202616662	4.64680148258375
9.19551354402998	9.1799179842312	9.1054475335235
7.02157750867586	7.15560452688777	7.26731765642789
10.7693881772673	10.6826013091968	10.564021681086
5.95430681283985	5.69340191953025	5.73070274019269
4.97820999936634	4.79844794368943	4.73070274019269
8.24420464815174	8.15402175652508	8.1054475335235
6.78071877967909	6.64914399984534	6.44797253301798
8.34547605008973	8.31565284888885	8.27012445700366
10.8420181897531	11.0088867193949	11.1135770698447
8.31831084030095	8.25787956232673	8.1767346181588
4.6697651338426	4.76565800857176	4.5668779382868
7.01333822276994	7.13969813597841	7.16697903584587
7.13072099460888	7.02488719808858	7.0146412491988
6.97820999936633	6.89257012105399	6.88697868012316
7.10148137426807	7.24901050750414	7.29376432635663
6.42589473254503	6.32552952833009	6.30749130946815
6.37535733974929	6.4075229005274	6.36375952911489
4.85083069289011	4.76565800857176	4.62941940435551
4.80574280336157	4.67144266695411	4.5668779382868
13.7174597448353	13.8423968318131	13.9154940515874
9.25017709444949	9.42665794261459	9.46736264624654
8.09758955901107	8.21828979510372	8.00709005116987
4.16236361641509	4.16820456366741	4.09598720427444
8.52543040609594	8.36915646073035	8.50150192943477
8.52774612897016	8.53460280726904	8.47072165833645
9.89903110229614	10.0380330650544	10.264681312195
5.98159263876099	5.67144266695411	5.89245381018931
5.01828743874167	5.05063496728623	5.0575130564598
7.12308362875328	7.03352094642239	7.1334619096931
10.7569812551195	10.6861648746666	10.680554175167
8.83034016710232	8.88829264950736	8.9262104985655
5.45781949994126	5.13649570394007	5.05099974950113
4.45295374476945	4.00921503990625	3.89245381018931
4.90171186189229	4.86187332383107	4.58502528499706
4.82846287986165	4.75734274035976	4.32918638056747
6.23502222521619	6.14926300001395	6.02132040483642
6.31496274169712	6.00219461222848	5.97734270777582
7.85728984361307	8.18690065737731	8.16320925308715
4.33096322039084	4.26522901806227	4.25178187688186
5.27140637571038	5.09750157232421	4.93552253208119
5.89813640766846	5.89636170021636	5.59848754480362
3.75129501933919	3.60811673158528	3.72252880874699
10.5212236607508	10.5959273225774	10.7307027401927
4.90883629632567	4.90014334075878	4.5298837308046
8.34153246210102	8.36847417410572	8.59345390706764
4.20928466380259	3.99513985469453	3.89245381018931
10.9955673622416	11.1491636921467	11.2897935243597
10.3723002699859	10.3916606923718	10.4292602727558
9.10536271919965	9.13529295685841	9.15450118677472
9.02075569433242	9.19307923230644	9.01505960357055
6.42589473254503	6.4048635540769	6.21146442169437
11.1417238503561	11.1707505543548	11.2263545467427
9.37374916319119	9.20917320842674	9.48498635158096
6.09212331956983	6.12361441264334	6.1334619096931
9.04399587960731	8.9715214624488	9.17261530440631
3.17423771670338	2.78214613136033	3.16998778571821
5.71923381010689	5.71931929390489	5.73070274019269
6.17127834122284	6.03696003038916	6.09281992519576
6.7709773852009	6.61042689227248	6.61624401560778
8.04924425129211	8.02055087068541	8.01547783666259
7.97990231045878	7.88971988297007	7.78763890514554
7.97905640305203	7.94750996858327	7.80612901036493
10.0044281927603	9.9991123997678	10.0060381407763
9.74483999720189	9.81130784655844	10.0075106006674
8.51904293522722	8.46482157002558	8.47072165833645
6.68644387498923	6.57537994517328	6.28268791846758
8.79856877047383	8.66534481140144	8.55196326427552
8.00255631830067	7.91423685929377	7.92932119291288
6.44317272397686	6.30570808741734	6.32108891286887
9.31462750408881	9.3492379552428	9.3856016744236
7.96288920008258	7.82256039980624	7.80902695919516
10.7810828055124	11.0422102910764	11.6666418683117
8.35398368895672	8.37867474717533	8.49071313352392
4.29878281464168	4.3113991994952	4.29652019164715
6.82846287986165	6.92262735491017	6.98077361317609
13.4328230571893	13.7723145746494	13.7608243073684
5.94740395258516	5.85798988934384	5.85555422737777
2.88735656891522	2.90767701344419	3.32918638056747
4.63581780191926	4.451997529668	4.5298837308046
10.3362575200604	10.7359457518476	11.3349784901612
3.26586819216895	3.34508232575149	2.43302219155201
6.84527116754821	7.00746313314466	6.84241312768971
7.61853981048742	7.47119109490131	7.63813662145662
9.75993911374844	9.79768789711418	9.94674978750445
8.98707256807613	8.96611978983871	9.02755415372959
6.77488183965681	6.61963071960232	6.45785404453194
8.5472811273176	8.76513970605464	8.87042750385931
6.89634535214247	7.05063496728623	7.2129239008688
6.02813522469802	6.22960510833155	6.12418409610509
9.18711408075454	9.18728759449667	9.37976604607681
6.83221501472275	6.67365369426946	6.70604068595843
4.13831814244844	3.90767701344419	3.63813662145662
4.60105238375858	4.41017735397337	4.48226571057186
7.18160970535974	7.00921503990626	6.90695337988443
6.59885147556531	6.57774308254176	6.42044412547254
8.94046790537478	8.93143136674361	9.06924399343022
5.96459956784768	5.71931929390489	5.78273344295291
5.69882759944506	5.92262735491016	6.36900569868085
9.60790866052033	10.1346912070933	10.7838386271043
9.5783323072585	9.46991943766526	9.59401406822431
8.37084992019962	8.36163350201533	8.27432444553295
7.23643871530631	7.09914754516776	7.08008081336508
8.6597701236637	8.73739974853025	8.86068422969591
7.20350231120857	7.3575134753003	7.11484623152575
5.23785381599935	5.31706794958189	4.90695337988442
10.5648648111799	10.434502248524	10.4925168783401
7.74234958567222	7.69775394406996	7.89336431513647
10.6036616087596	10.6708893802586	10.6837153816707
6.86372020464798	6.97376620390196	6.54154664833018
5.43332493802051	5.62192253111031	4.90695337988442
8.91327126766602	8.93235498715985	8.74691296737395
7.05888367495403	6.99159949698928	6.94609177379138
8.48369543312042	8.52972883290057	8.45600640922171
9.98959476284596	10.0192474268013	10.0975682400939
6.56542847402786	6.44424803006306	6.65970197129155
10.4077788174417	10.3817209079241	10.5268065272756
5.49142789258408	5.56588849619598	5.75495028643937
3.39324749864518	3.58950105341794	3.32918638056747
7.62504333032508	7.59184119187245	7.63160365161739
7.93524389831177	7.85019151878343	7.73172123302771
6.4058917078974	6.32552952833009	6.29100318667958
7.17571513110888	7.06249512249629	7.19087515219204
5.53812112803212	5.62192253111031	5.6724881262474
4.75920021742454	4.5418830331852	4.58502528499706
7.76804209417634	7.66590022817092	7.5240167237726
8.73935540602767	8.73528435952825	8.69407236269777
7.2755461060713	7.21449821594134	7.11484623152575
2.91592572111199	2.87730336440067	2.96353690825079
5.91238536340674	5.81055454654609	5.73070274019269
10.5133575737954	10.5252975254728	10.5405298986998
10.7955690292158	10.7961666016753	10.8990419888984
9.65103371081182	9.60551337140657	9.61927402062605
1.63581780191926	1.22960510833155	1.43302219155201
9.03344150753141	9.04039093578943	9.14574023947154
7.47951457104058	7.4075229005274	7.5240167237726
7.09992590776603	7.07425857181214	6.99780681033553
6.89813640766846	6.68684916773109	6.67036495435442
9.22542436645784	9.18573922295992	9.3146460285501
7.2974262606716	7.22659635845922	7.02298537333153
9.49587014706652	9.41910024717569	9.47589752453913
5.30958956959827	5.01620147022236	5.12728333476398
4.39324749864518	4.37799694822422	4.22888147477178
10.2445566537753	10.3228906122095	10.4807520234737
9.06048400239588	9.03610102766006	9.01254765567961
5.60105238375858	5.23560384895299	5.40264854250849
8.05005000112646	8.01707239994449	8.19013435882999
10.7992877812243	10.8986082446015	11.0772790743
