LL20_1	LL20_2	LL20_3	LDZT8_1	LDZT8_2	LDZT16_1	LDZT16_2
9.13060949540304	9.7366289241472	9.72771156087459	8.68626634492636	8.54762266360697	8.71536604246218	8.54465592128118
6.2597381225955	6.32899487279032	6.9486019570458	5.55091449203147	5.24289530947321	5.37886514648755	5.33558116608371
5.96473132702343	6.69018239812491	6.808003626873	6.80505249737687	6.60902320827111	6.40427175348609	6.70977657058804
11.6392945232378	11.4120614840033	11.3589624463389	11.5155630943671	11.4452549819179	11.5505182309757	11.5023901943042
10.7863043532132	11.0337333047121	11.0146911475036	10.0348623902758	9.92929207923678	10.218548548636	10.0865726490258
8.36912158210276	8.7284017203554	8.60722149949227	6.58596143913067	6.63368526250538	6.84957046795102	6.60618268046278
10.0349763204601	10.2383707317884	10.1162351469801	9.89280693944495	9.8340782480949	9.85352848151971	9.74612513822344
8.83975140734492	9.42811591922503	9.39863487768085	7.74171067180861	7.48575183336937	7.77362161471773	7.61197664423776
10.6744667927945	10.6688448756749	10.7396717955159	10.2413132677432	10.1451475839029	10.3676074960844	10.2619491361915
9.58265402651898	9.85795412298705	10.0165356332109	8.83328137411049	8.8135381388773	8.92736436234787	8.87127177735683
11.1262125782658	11.0256027293404	11.0287723057298	10.7423580557283	10.764132212584	10.990133409762	10.8831495900836
8.976804159324	9.2242306268417	9.35459431672164	8.94997349268928	8.9201320799513	8.95033868753239	8.83147499230502
6.2398385651578	7.65092296767768	7.68350508475512	5.82963052009753	5.75853674969046	5.69932783237041	5.59744787048517
9.79442741683544	9.99849088372314	10.0837615403274	9.6152376215013	9.79816612525756	9.99193004142743	9.94427559478115
4.02410987410236	5.40175121522563	5.40428144082199	4.45306716863333	4.43286625311728	4.63945637639302	4.23404313962165
8.27936692934443	9.1040090748057	9.18126271383607	6.82963052009753	6.63775492681442	7.27251316531522	7.00663264351857
6.87081346363579	7.58995495038625	7.74413144370662	5.46566720541296	5.26411179538291	5.49828031343232	5.38379025912633
7.2597381225955	8.13279197543473	8.38537297827193	5.70763999571892	5.505929715307	5.97113244783194	5.70436307440168
8.38279651899984	8.95684318636464	9.10240729312484	6.84417882866669	6.5411191437693	6.77083379734611	6.60908257096858
5.95255661307732	5.42521018804962	5.31117203643051	6.21263419173667	6.25883685334223	6.47448975009757	6.60618268046278
2.976804159324	4.89727863236484	4.62667386215844	3.01249457724734	2.68964166847939	2.45725304517227	1.97100873378785
8.28665942191079	8.58475604371193	8.56415277760038	8.14177759419231	8.07146671744051	8.11985295728769	8.00663264351858
4.52934518235278	6.0559763783839	6.15916894298546	3.32061687260968	3.0729703080309	3.14913074980994	2.93448285776274
7.38279651899984	7.81530978557856	8.038487460563	7.07550437477315	7.04872276178422	6.5447158864226	6.39054762530164
8.00360421866772	8.43390988300001	8.62021884002114	6.99521658581551	6.78078955653758	6.97355918522648	6.97100873378785
6.11430768307394	7.81086388054737	7.93826001282434	5.55091449203147	5.59234446712448	5.74549801380334	5.57981797646338
10.6297686052291	10.4302913833832	10.3834684300866	10.9823949703817	11.0534907449756	11.0187613107897	11.0154028531463
9.42856476460837	9.30706423272081	9.48997518921928	9.19571640130311	9.25022372303752	9.27152738116966	9.26516995248261
10.353580731207	10.2694856787644	10.2848853449102	9.87520572428731	9.95357421211914	9.83463044792708	9.68902779906959
8.4142094716313	9.482241133086	9.66637628619217	8.41621676329835	8.31582683192706	8.47876693983256	8.34430893039624
8.94489491136926	9.87828164190747	9.84168675312929	7.71293429538844	7.59024600124048	7.98923425420725	7.68387960147776
8.57175074861778	9.26705348649251	9.3872750155163	7.43074878920973	7.39489840291826	7.50500617662063	7.35816445145084
6.28908208417764	7.07834419141236	7.44137075955721	7.31017512588803	7.03644443200579	7.30948242454545	7.12278638851991
11.0371398225515	11.1336822531803	11.1242406096825	10.2859571827981	10.318364554729	10.3909437001245	10.3495203570416
8.35068433384609	8.97285106256504	9.09078196800522	7.72870161124675	7.63368526250537	7.8873838898366	7.72856542272731
9.21711848865771	9.5154079970212	9.44867556018045	8.92395790264569	8.79452525255956	8.83095478978368	8.7158425712874
6.81810641330495	7.7141878611357	7.71413670340878	6.96447306238441	7.22677564410993	7.07648544797817	7.25825937704248
7.12519599921667	8.13634979484792	8.22870987623854	7.03802966935448	6.87688614612173	7.30948242454545	7.22839657648051
9.91461932812742	10.0043436099686	9.99049573775261	9.72935485782386	9.89994243210092	9.95033868753239	9.76314828606575
11.3734089405059	11.6907874285556	11.7182981447234	11.3264573133177	11.4416222685091	11.4790872184532	11.5179031936755
7.37369431189259	8.17145359580384	8.16361484801666	6.95556750916251	6.8595666699217	7.16195479016751	7.07744081160479
8.78930238465757	8.2490910071981	8.11852695848811	8.41945877599051	8.92346972178902	8.37886514648755	8.33119740385057
10.1088325530078	10.2839933489142	10.3071589739239	9.7280480687482	9.55032383466545	9.68755066459406	9.54768202630443
6.98877680099008	8.28799750091813	8.38156136432191	6.34127634317577	5.86651943056347	6.14483061237631	5.78350695912142
6.33670010441038	7.81974203189382	7.91735102306137	5.84899584496447	5.97986090363942	5.96138447128038	5.75760509567866
8.50036611538101	9.85147494275172	10.1173815078199	8.36332854858108	8.09089221602816	8.31619041755786	8.28479875923154
11.8698022523791	12.1837558047385	12.2917559401522	11.1916928049464	11.1017972717823	11.3810376220934	11.28434529544
4.95255661307733	6.08572372177796	6.1412470349882	4.01249457724734	4.62551133105968	4.14913074980993	3.95286138707759
10.7940010255095	11.4681933586004	11.5296949113053	9.93758976823345	9.86130800391813	10.1552898284804	10.0571449588152
10.4411456920851	10.2654297440129	10.1680470943319	10.6380294863745	10.7759509996012	10.6879201600605	10.5301945995756
9.96851495111942	9.6682305707728	9.55572087141913	10.0964170607924	10.2121805574512	10.0100699068123	10.0311642290425
6.43623577796129	7.36583164097069	7.27053005193317	6.31366411196791	6.19950271395983	6.33046051452449	6.11260501217167
9.57473255134832	10.1540084613444	10.2382256713587	9.24588599753305	9.38343161769271	9.52251381468228	9.46486418302868
8.69196538317186	9.06906637782434	9.01899128493721	8.75203411507738	8.71586438037024	8.71753932187023	8.74711272186102
8.44495299506241	8.67313770149321	8.7080621889991	8.16127376981811	8.06089747573032	8.18307808173327	8.00333002084574
10.0385803569107	9.87615534079909	9.95246115250144	10.2917182211805	10.1984698812889	10.2874635067812	10.1336518198163
8.2597381225955	9.88040481380044	10.1378617498036	8.28906213873483	7.98466188990324	8.124228078278	8.24620206769006
11.772086249081	11.7213122955691	11.6702870910833	11.4353602844766	11.3967006455522	11.6242851339932	11.4975079729244
5.29873225421137	6.10037049774236	6.29505237106723	5.50282020383043	5.19950271395983	5.44331385421439	5.39727348848995
11.5359900251117	11.6393726048866	11.6831180438297	11.3125747099371	11.1531660417506	11.2809877104187	11.3097451163618
7.00655150271805	8.13989886192899	8.23717145498674	6.08778270455158	5.74350854045813	5.63945637639302	5.56794387617509
8.12790528647466	8.61056523006154	8.68040584609623	7.85379683122829	7.80632464864472	7.97840044829598	7.79501278472101
8.61487799650472	8.46253572373844	8.5675117896903	8.64946438143683	8.71682649780562	8.83229247651919	8.83766948460784
13.2168003991314	13.0380192479098	12.9865802627311	12.7264129160843	12.6400390781171	12.8199134346711	12.7627007305973
10.8512732772401	10.5384482384193	10.4748496632565	10.9023968501412	10.8965498496066	10.9738622405875	10.8599041576813
11.1139660955168	10.866548013125	10.7800449349399	11.5351228105089	11.5546352164049	11.5387876944205	11.563372329232
8.85944720868584	9.40912320388198	9.48643048217587	8.85499458558591	8.82250457570016	8.91416026239401	8.74447766169305
9.19144708105552	9.38539900981819	9.40615872806266	9.34469100758853	9.19052683646302	9.24364834859422	9.15389962653333
4.77035328185657	6.35365692702459	6.43402878421605	5.12797179466728	4.5411191437693	4.98563201752705	4.72589623595133
5.87726848577309	6.91395737351147	7.09544334537507	6.68626634492636	6.33098663909807	6.48132718015113	6.40062469798959
7.46651834489734	8.41059309197744	8.4450277831653	6.59172070841935	6.14907328711669	6.55122919338128	6.22650946693624
10.3599324106481	10.3658316409707	10.4577548540913	9.74106299725637	9.65592767286168	9.79847247866838	9.66519247712101
10.3759752531438	10.2895960551436	10.3161727174889	10.3335636694056	10.3599130449689	10.3342421550669	10.3534166100828
5.72812504646728	6.35365692702459	6.63949790251603	5.58596143913067	5.505929715307	5.42923866900267	5.34952035704158
4.79783401827868	5.42521018804962	5.54723939466404	4.5974570779685	4.68964166847939	4.57699228944636	4.40396814106396
7.01242806905472	7.90980573024101	7.78510322476292	6.02956809060629	6.05482296132064	6.11436533164926	5.57389314250627
9.05290713840979	9.63466355367857	9.53870776104292	9.23120195177594	9.08568795102563	9.01302201555856	8.87549283168928
10.4041868490227	11.4021207106921	11.6186005616228	9.90442290429825	9.6857159652656	9.87996475980475	9.76509963222558
10.6529963312184	10.4482938011627	10.3507004006172	9.93928473029357	9.91469188915936	9.98111653640456	9.87609483254963
7.44929193078674	8.03706791583384	8.17687094471892	7.58596143913067	7.61729082425471	7.30370778691881	7.37870138245353
10.7772726957964	10.744809476877	10.8108407861765	10.6152376215013	10.4655739514317	10.605045028125	10.5958041896481
5.37369431189259	6.70941861698782	6.91735102306136	6.63698544215513	6.26411179538291	6.32286736520226	6.07534539360259
5.65487606443664	7.34137859724615	7.58087017254532	6.10399293173284	5.67387435262108	5.71100963741805	5.53782388779875
5.976804159324	7.07834419141236	7.15023581821545	5.57437346485546	5.01156976336675	5.58970334119592	5.08370886653722
5.92789455884306	7.0559763783839	7.16804709433192	5.5974570779685	5.33600471386469	5.43629342653662	5.21893624723144
8.24234107236097	8.7929419725501	8.72320078583702	8.08574355927798	8.06845482690841	7.92924083567666	7.81398756557618
9.39521901880517	9.8482244080513	9.8458423826206	9.70432116508373	9.61264612148845	9.41636332391104	9.34995379404076
6.27936692934443	6.98671371594679	7.20302323257489	6.63140440989184	6.24289530947321	6.24062910429543	6.35988707259985
6.75641409089871	7.54247624021937	7.79659886360075	6.82963052009753	6.60487156500064	6.66670641080122	6.88509483080057
9.06709304465311	9.98375434046624	10.1446243951905	8.63000577183669	8.54978400489643	8.64859703024948	8.64767106864582
10.5562458164841	10.8427905220007	10.9245727198017	10.0984411860503	10.030652794196	10.2918456415604	10.138175954314
5.21966068322017	6.21248086406389	6.68968365968424	5.38836147924551	4.78078955653759	5.56416824908878	5.23404313962165
6.7841590813816	7.68533299846351	7.51975865824193	7.49669410103358	7.43286625311728	7.49321525834946	7.52406198655427
8.17843802049365	9.08756272144173	9.17025812164727	8.27481318299655	8.25221593744969	8.5175332744968	8.43779897159095
8.69562240677995	9.05972851324501	9.10472115896309	7.17859786773725	6.98306333567776	7.14698228323136	7.0044317353253
9.68370302818806	10.5749573075543	10.6935318749317	8.75972850686738	8.63775492681442	8.87185697719288	8.7218831734447
9.60713196425408	9.80640423235667	9.79086249405161	8.1994930920486	8.29020102425157	8.04452570658062	7.96196359418485
8.65862819929775	8.71656658391843	8.84998607634778	8.44989988955464	8.47441874256178	7.91920465578808	7.9788769771212
5.63976917204643	6.64093887910506	6.808003626873	4.66457127382704	4.29536272936734	4.4710588446973	4.2784372589801
10.6392945232378	10.2333959163731	10.1035646899305	10.7290282715087	10.6458599764515	10.7095545742177	10.7531879276191
9.62258266122976	9.82966507855563	9.95374526032177	9.49439008929946	9.50314405110712	9.63448090109905	9.66728081771372
9.79783401827869	9.72249628828296	9.58087017254532	9.58668260637433	9.65341732762957	9.64022031341954	9.54768202630443
13.1115727153527	12.7014847098675	12.5544518242408	13.8643923117881	13.9612061909873	13.8770309507629	13.7565633721983
6.26958590855185	7.34753082422775	7.20302323257489	7.01678193565044	7.11736442738935	7.12094798203923	6.83395598180878
5.29873225421137	6.81974203189382	6.77351525048771	5.26403334424331	4.78078955653759	5.18307808173327	4.89700815234408
5.2597381225955	6.69018239812491	6.92784339687901	4.7901021559109	4.97343463447998	5.11436533164926	5.06693315378639
6.10333656525293	7.73310872303292	7.56078592650198	5.88696369516348	5.56695914870456	5.44331385421439	5.32150598087199
7.09228137674394	8.31021766575969	8.43402878421605	6.09591058543498	6.10859421776162	6.16195479016752	6.08787249147876
6.02410987410236	6.5154079970212	6.34288089615785	6.26403334424331	6.30563106482118	6.2959721381392	6.46606426215587
4.976804159324	6.97085976474595	7.0189912849372	4.82963052009753	4.64181314338878	4.74549801380334	4.15687527909919
5.39184165860285	5.91395737351147	6.15916894298546	6.3066776816518	5.90078933264822	6.0966633299158	6.01976804570771
8.19919658066045	9.27997805258201	9.35847775120887	7.9644730623844	7.83141562960755	7.95280062505968	7.986702540893
8.18365572976467	9.3794064984365	9.52495132746225	7.9755282508934	7.97504388734164	8.00474084047476	7.94828865728777
5.63976917204643	6.94674730862914	6.97919027687923	5.46566720541296	5.38524823288454	5.68162583063695	5.37017982760768
9.88849574119635	10.1783730097436	10.2297702916048	9.20137773639354	9.21252166042969	9.2784137667549	9.12075585329254
8.63976917204643	9.38090696143279	9.4523141372438	7.84176427573339	7.62140693272694	7.70955457421766	7.63634465097303
8.75466218413711	9.07834419141236	9.04332061429895	8.58740341330458	8.53894477253497	8.47363278836112	8.36332615656662
10.2043398839364	10.1416701267812	10.1423737004425	10.0749905029811	10.0927463417697	10.1201267914047	10.0311642290425
8.5934755197725	8.86761865884461	9.02633326027837	7.31714468070287	7.46986046059948	7.48303148636337	7.38886124867375
15.9388084443032	15.4507963083658	15.3625924785506	16.2673123099633	16.2746347967423	16.2205731599273	16.300258493089
10.5890583517129	9.98572793180123	9.88809721808625	10.98677258054	10.9342640371993	10.8490749518751	10.9148421741946
8.05575550071883	7.99457583371976	8.07670678279349	8.19760598250433	8.40806286211671	8.10443469559931	8.09719694430996
7.15206260506936	8.29438111770898	8.51628646633512	7.24588599753305	7.19398570899226	7.14267572767264	7.26930046440798
7.80462318394132	8.43679816232483	8.52667807218172	8.70099468207691	8.43870949739875	8.67716618244626	8.60545679615016
6.70653818425914	7.01017268877077	7.55402856032668	7.5656209908465	7.16043314928124	7.20596197240661	7.21132306312157
7.56576859060266	7.82856588228083	7.93306110615003	8.09185236886063	8.1842798912356	8.00711174493751	8.05209266247549
5.91540361465986	6.62076099716743	6.77351525048771	6.06312065031731	5.60902320827111	5.91668466380956	6.20750135216916
7.34603796898972	8.26867540351651	8.45594356064449	7.43395834568562	7.49250919954468	7.41859142480316	7.5194453584839
7.43185733745072	8.43101580973082	8.49174428207233	8.093882904088	7.84379935406339	8.07196288928747	7.95969342056002
9.87726848577308	10.8335056837088	10.9677955222791	9.98376440099316	9.90543841985578	9.99073253561815	10.0451501965404
7.30831830304056	7.63592080433843	7.7322082763308	7.75716826654882	7.41163241867806	7.48643407058421	7.4772171230946
15.9649089062464	15.5100614283941	15.443457541537	16.4208622312935	16.5055818012915	16.3396352349332	16.4159912376725
6.61680802360312	6.81086388054737	7.18564115434665	7.05896900704684	7.43987531163664	7.53160038663235	7.37017982760768
9.28180185826149	10.1301178411364	10.2756733552091	8.81616445249709	8.62037900604228	8.92297640967729	8.96536217064671
11.3118967134098	11.324713297963	11.3991062696278	11.6453167167471	11.5760009536721	11.6097329121552	11.6370551631966
7.15737640496582	7.37790447327126	7.57420644226431	7.85619134636867	7.57334747666711	7.69197837663487	7.85609495907802
7.52112467554781	7.91395737351147	8.04813763059672	7.54201809154308	7.14335963592229	7.35300308317558	7.28207583604345
6.95865681261374	7.25237359118741	7.26226243594957	7.39496421406975	7.21320362453641	7.2080244388635	7.05634840314522
7.30353324047519	7.4878221653493	7.68350508475512	7.98212092820382	7.60279125455959	7.62099947168545	7.7378688776174
11.8477852835487	11.9586027240488	11.9870506812041	12.1734464496205	12.0727824448832	12.0973589063436	12.1076794961297
5.65487606443664	6.36583164097069	6.47753042285263	5.75972850686738	5.18844752545083	5.1318527583781	5.28570525944414
7.34603796898972	7.67558502191195	7.72620953570936	7.63698544215514	7.74728029434733	7.51003007621013	7.48197065306523
9.3587796378813	10.0294345909314	10.2308299281129	8.688955432454	8.4823612441686	8.65011485789174	8.65750926097108
10.5076656360391	11.3779044732713	11.5296949113053	9.12797179466728	8.88204170267752	9.16408109127591	9.11209405235019
8.10608717626897	9.15751440484597	9.26846758547628	6.91938517285587	6.83141562960755	7.03060892624543	6.91352323912709
9.90596391877355	10.691392205358	10.7713321049903	8.38836147924551	8.15618367627988	8.44331385421439	8.37785148844316
7.26467041813773	8.28479506887978	8.48465485728601	6.89630155974283	6.73593532075333	6.66970266326114	6.78607175098073
13.6681405728837	13.6655399070333	13.7098682314538	13.2191019886531	13.0935336242126	13.2788737364833	13.3621986105609
9.35300191673949	9.66453923816396	9.75595687910341	9.68693908685549	9.63113588025355	9.57619411789578	9.57017772700728
8.93255092127428	10.110354586315	10.3011183717666	8.84417882866669	8.58498644368028	8.73909393158945	8.86279243700617
6.63976917204644	7.7141878611357	7.85274194163829	6.27122884564751	6.14335963592229	6.25665921411438	6.18823945000852
7.86757508956924	9.35823449313113	9.48820392436708	7.80505249737687	7.55839713520114	7.60230337797555	7.70028957981526
8.4142094716313	8.7141878611357	8.97666587546368	8.31017512588803	8.07297030803089	8.15020378447516	8.18629903943909
6.43623577796129	6.954829654927	7.55402856032668	7.13192980823596	6.68177955070642	6.81750925871872	6.80895197567888
6.87726848577309	7.06347091493083	7.15916894298546	6.9864993687144	6.68964166847939	6.8282756895878	6.8658264970958
10.8900925261307	10.7940686380044	10.696603073624	10.944920264963	11.0404847888319	11.0133168944642	11.0900795394408
7.86432943006559	7.99849088372314	7.97413704915294	7.65084429071553	7.89570045597542	7.83095478978368	7.83395598180878
9.432953193972	9.46819335860037	9.50406756052246	9.27481318299655	9.33725651007415	9.18569687904136	9.08631253993997
4.95255661307733	6.69983256815863	6.72620953570935	4.5974570779685	4.12027602280925	4.72259761169326	4.18823945000853
9.0936679170149	9.62076099716743	9.65062618390288	9.08165660175474	9.26279486691091	9.11820886019706	9.14093373523017
7.64356075120881	8.79968880499069	8.78510322476292	6.9864993687144	6.76226946856679	6.96870162157718	6.67974777514744
10.3662562484084	10.6302545280744	10.6640247045128	9.78382683048441	9.77664321634742	9.91763017670472	9.74777073557409
3.52934518235278	5.68046724329169	5.88540813055861	3.97772915908667	3.75104221314353	4.0966633299158	3.71516982935826
14.0505440740735	13.8341219713214	13.74264642552	13.7289874430206	13.6846406683807	13.8280452221004	13.7388207555027
10.6558150134063	10.2383707317884	10.1344685023571	10.7260856630397	10.4618486468429	10.5498069180339	10.5420028625311
5.27936692934443	6.54782947471358	6.57420644226431	4.74946017141355	4.75104221314353	4.97598184749333	4.29293682867522
13.2331701241015	12.9528133093285	12.8776489663065	12.8535721415394	12.7992452429103	12.9274425974847	12.8699501611407
3.23983856515779	4.99457583371976	4.90678178135118	2.62017715446858	2.55839713520114	2.34177582775233	2.77836365584546
9.72901752718915	9.41352838300199	9.42664925385045	9.8100017133486	9.7042686444748	9.68385049575147	9.62528672904909
10.71647227387	10.4017512152256	10.3786960306275	10.7303341734226	10.5783849173776	10.6038706731225	10.71668305779
9.48248341052069	10.1504939771682	10.153592225408	9.15448003692321	9.14121116934372	9.17202692579646	9.07429654219988
8.33670010441038	8.83952033917044	8.72018574808158	7.66730106658261	7.73403578783784	7.95893715086164	7.91234983927316
10.295723504339	10.77022189605	10.8305461955241	10.6546322497958	10.6486356039713	10.6886588672148	10.7065647576994
10.3628103191247	10.8904474283681	10.9395568174428	9.56635239519214	9.59339255655734	9.76943786589624	9.57537663368161
8.78930238465757	9.18869030072914	9.07434750991957	7.47192619588464	7.52582927274471	7.87055549308036	7.69484030028318
5.42746556833357	6.97880851786144	7.20302323257489	4.92395790264569	4.90754669882353	4.72259761169326	4.34952035704159
10.5491885939657	10.5424762402194	10.5624703342133	10.3018548096783	10.3356915950266	10.4513888645572	10.3059523645145
7.85781612310692	9.10582492783446	9.16583267326648	7.75716826654882	7.92096721458585	7.70955457421766	7.53477701223989
6.2398385651578	7.75178464779335	7.75595687910341	6.42107705438889	6.40925369589533	5.92172025370686	5.96196359418485
5.0471934872154	6.68046724329169	6.58750326487776	4.7901021559109	4.76599255460951	4.62717804661458	4.70436307440168
10.353580731207	9.8557976277561	9.75448398970453	10.7562070038541	10.7622694685668	10.5855448597142	10.464463934714
10.6182538513916	10.3521278383378	10.2403317958801	10.7391182271921	10.8717120997838	10.7231385209195	10.6276123586099
3.97680415932401	5.86333130044151	5.9486019570458	4.20513965518974	3.75104221314353	3.66370392263969	3.53172368826234
6.62450241539312	7.5317098093503	7.72018574808159	6.86335113794154	6.9507145579799	6.98081500122928	6.92287623811476
9.2535489451887	9.76448552650088	9.75742826632008	8.49976040408137	8.17310697931635	8.54144817258869	8.46686376067503
9.95560993705488	10.110354586315	10.1801660242805	9.38587764211969	9.32847104117928	9.53653268217458	9.42756850012287
10.6837030281881	10.7295799115527	10.7778716555318	10.4644906156719	10.4778280274273	10.534274139701	10.511330539752
8.5934755197725	9.11487006743747	9.12081513508339	7.64531671674709	7.35343178562287	7.76804058245443	7.40730385362722
7.2597381225955	7.3227629190788	7.44867556018045	7.52104396244933	7.16325919336	7.36599206517315	7.50082968031655
8.95255661307732	9.11125881388509	9.17687094471892	8.27481318299655	8.22947479371089	8.22747220109173	8.12278638851991
8.73524948090066	9.21752819880121	9.1367315538657	8.10197658613434	7.7225857670943	8.17887809320399	8.05741037966788
8.9616972669338	9.37188068564349	9.4080335756831	8.39989650961199	8.33850722106786	8.47791251573836	8.41395222963658
10.0901990645601	10.6188547713351	10.646661644335	9.50282020383043	9.4846225221251	9.67828238756258	9.48907170944038
8.25726563691598	9.12385885066473	9.21378163471116	7.29613418741033	6.95724260097739	7.30563523548992	7.05634840314522
9.83727041784117	10.0848033421353	10.02389008435	9.16996182241644	9.08866411513604	9.28429033309157	9.21656144004354
10.1979078846919	10.3459952253165	10.422945285087	9.91651983916147	9.85170455214874	10.0139064715222	9.8673411376978
8.31070489587744	9.59254739500278	9.67885372648349	7.80505249737687	7.52363171704046	7.83229247651919	7.61342150669291
10.0233825259443	10.1487335193038	10.2413837062736	9.39166662396918	9.27329678801376	9.45334624110947	9.37444689679613
9.96093775386498	10.1012810026895	10.0731664250882	9.48591042532034	9.4062747664023	9.56336294901713	9.41353760252038
4.62450241539312	6.29119284007793	6.26226243594957	4.23488699858379	3.80993590219711	3.71100963741804	3.57981797646338
10.7106104012856	11.0592600297076	11.0469348835151	9.89397275368285	9.88032523008849	10.0520082829118	9.89730472856897
9.08811374252871	10.0072610933509	10.1367315538657	8.86929060718231	8.93756918192298	9.05888099955769	8.99946738121334
10.7944274168354	10.8291155851036	10.8008862220039	10.1343980638267	10.1579558114258	10.3692211201698	10.3551449062355
11.6910496769901	11.3402221282136	11.2945457178431	11.6138232144852	11.6319011680662	11.7368636262247	11.6948403002832
10.7969831217392	10.691392205358	10.687369793846	10.8672145732572	10.8736545423493	10.9802117417428	10.966210565285
6.79783401827868	7.67068622249911	7.92784339687901	6.2275074682182	5.96049557877248	6.30756011241442	5.94370138779212
7.05859825048765	8.10763849820639	8.13220189538519	5.96890530869966	6.12608164449046	6.14051761950523	5.83395598180878
10.2266287079402	10.335200022317	10.3091669005401	9.65153375072429	9.59443988512666	9.78506475519397	9.57722885506953
7.77035328185657	8.29119284007793	8.4005195220258	6.12002304155179	5.97343463447998	6.22441887711417	6.10851225753779
9.22599664000417	9.58084453194154	9.54212647127039	8.77626023075726	8.6876801521461	8.90083419629806	8.74117705389128
5.23983856515779	6.81974203189382	6.89613453715167	5.29260249644008	4.73593532075333	4.93672241704611	4.4434965052506
9.53547996852488	9.67313770149321	9.67574446872637	9.55681509347116	9.48857125001985	9.51336964955526	9.43535026654896
8.10333656525293	8.68533299846351	8.62667386215844	6.79510283696926	6.8099359021971	7.30563523548992	7.20558669357242
6.4008304418301	7.62583198671485	7.86371305945929	6.98212092820382	7.06089747573032	7.12313554127699	6.94140227170253
6.54564699468188	6.74713828293698	6.76183344544008	5.81984949930495	5.01156976336675	5.4078650182101	5.18823945000852
8.70290876085844	9.42666378519112	9.44867556018045	7.29260249644008	7.31073795525426	7.31140217870881	7.14093373523017
9.92711703522365	10.0829608194827	10.1287952939419	9.55607883673617	9.6974611729387	9.83829676512485	9.76119429699836
3.39184165860285	5.11487006743747	5.24558369480294	3.86810466791217	3.68964166847939	3.90656044653585	3.67144845192895
9.07974218108359	8.77022189605003	8.88271402138935	8.45780508763999	8.49363235650362	8.66670641080122	8.5945244752784
11.3830800396927	11.1562006742581	11.1282267441648	11.0532409195907	11.1519216494257	11.1304941604428	11.0443469887396
10.1279052864747	10.2057234978886	10.2191308994265	9.76992427397327	9.70523852353041	9.8076822903219	9.69722689312005
7.26467041813773	8.31650392860712	8.60395378565836	6.09591058543498	6.01156976336675	6.02827635493555	6.09616386511015
6.0471934872154	6.93044549630004	7.15916894298546	4.8100017133486	4.9342640371993	4.99521806635625	4.79882775840518
4.06991356371548	5.4933816906912	5.49174428207233	3.01249457724734	2.62551133105967	2.80120744638963	2.85853400452944
9.92789455884306	10.1540084613444	10.1139396889925	9.96113991872028	9.93178020007348	10.0668580066787	9.91352323912709
9.93641977594169	10.0653384815876	9.97792862831531	9.5217983128147	9.48857125001985	9.62370585470778	9.53210570734067
5.46223098649424	7.0559763783839	7.22019837638302	4.88696369516349	4.39489840291826	4.56416824908878	4.37700109346369
9.21202062101803	10.279978052582	10.496157546575	8.74041503181054	8.6649289189541	8.62409206674083	8.58939423604646
10.11294084731	10.1852593953289	10.2746461604054	9.80876600017594	9.86130800391813	9.93111487149881	9.82088292758347
6.91540361465985	8.19893433222594	8.20302323257489	6.12797179466728	5.92096721458585	6.10554148126225	5.8536517831497
5.74233890568698	7.83295765139798	8.05293861686054	5.02956809060628	4.94743942594704	5.06059407520828	4.80895197567888
10.6364433463397	11.2519636764124	11.3541081515811	10.245885997533	10.142285802571	10.1132652972529	10.0982292842759
9.45793084906062	10.3612781546839	10.4173714402624	8.63837733328181	8.56909173599738	8.72691921764335	8.65330110521869
4.31784107715907	5.99457583371976	6.26226243594957	3.94210524935594	3.41400722586596	4.07874142191854	3.75760509567866
10.3477821098923	10.3398364324377	10.3920191665881	9.91134785379045	9.92305293858782	10.0494225497955	9.94341419857232
10.0320865948252	10.4382401364987	10.3986348776809	9.19666150126544	9.07146671744051	9.37014238140223	9.22650946693624
9.27936692934443	9.66330669213351	9.6088525850712	9.11703093185663	9.21388526642997	9.07986808737282	8.99504023530461
5.39184165860285	7.37188068564349	7.55402856032668	5.67545958996977	5.32595104920077	5.42923866900267	5.21893624723144
10.8904914463713	11.0446610651561	11.0214427639313	10.5089204033668	10.3794877532807	10.6250571447358	10.4616590830359
9.55574287241739	10.2391982024397	10.2455836948029	8.6618363061058	8.4008971435397	8.81412820481388	8.58718996511973
10.1940348755447	10.625199086928	10.6624548512122	9.37339390364754	9.27329678801376	9.55771322695148	9.44227749796144
8.84140303321608	9.45543233646389	9.45956387632319	8.28195525224057	8.09237570720349	8.20079286963243	8.13792498535783
5.47930449985318	6.0559763783839	6.22870987623854	5.36164414086973	5.29536272936735	5.41502480978297	5.35643977098138
8.14137592627211	8.69501555186085	8.80231251479515	8.16899906292733	8.4846225221251	7.96626669266012	8.08162253928875
10.8908902563367	10.8346011241873	10.789424830713	11.0548053821053	11.0791561079772	11.0729534111533	11.1031228363706
8.37140975869803	9.17318656302829	9.29909920412994	8.53306649069854	8.58814447859519	8.80734223256173	8.69073979053771
4.68462340783069	6.7838968329471	6.68968365968424	4.32061687260968	3.92096721458585	3.86533778380934	4.07534539360259
8.21202062101803	8.74480947687701	8.73818217737543	7.70498554227295	7.74161895925691	7.86403040262255	7.64767106864582
11.1207825270062	11.2166882016649	11.1597254309541	10.5641570688123	10.6290931258721	10.7694378658962	10.7175230549263
10.6576910800437	10.912920582205	10.9001364677092	10.245885997533	10.3752284227781	10.3408362672887	10.290455063195
9.61873547217423	10.3023211214648	10.3986348776809	8.77246199677517	8.67288315021803	8.78195288930968	8.60327694928737
10.1830045471579	9.96886571461386	9.88943988457766	10.3733939036475	10.5045375555532	10.266093495119	10.2089356804141
9.80631549503377	10.3891317286945	10.3211561250031	9.29613418741033	9.27786744822339	9.32381869727821	9.15141521909849
8.42966312403781	9.05032981524275	9.11852695848811	6.99521658581551	6.66592559950559	6.73409325053109	6.58571857790306
6.24982265373042	7.16450083516207	7.15916894298546	5.96002715735321	5.97343463447998	6.07874142191854	5.77836365584546
10.6095570699535	10.8164191243805	10.9021332777731	9.2694333319859	9.3177305423958	9.48982864871714	9.43657513859725
7.58166621748286	9.15225228944055	9.26846758547628	6.90557937333083	6.8595666699217	6.78471932360106	6.73654348015083
4.85127327724014	6.69018239812491	6.86371305945929	4.72870161124675	4.29536272936734	4.38616994711078	4.24899348108762
10.2708121687539	10.0893993799213	10.0128443006021	10.0553264928355	10.0271666184178	9.96718027266377	10.0192231183959
6.34603796898972	7.55316291901662	7.49879903960629	6.27838863722038	5.55839713520114	6.42569831129741	5.8536517831497
13.135497991777	12.9945758337198	12.9723959062075	12.5892038566194	12.484481296043	12.6995110899179	12.6480676494998
8.86595317254525	9.01404569791798	9.12993172176037	8.91364880330672	8.84115463280782	9.02008252740383	9.07691724235901
7.39184165860284	8.63088521444114	8.78510322476292	6.66457127382703	6.61316293863204	6.62409206674084	6.34952035704159
8.41198823171462	9.27836879972035	9.47574380337862	7.9908645612758	8.06694652040313	8.19560517960943	8.08891152288188
4.79783401827868	6.40175121522563	6.54723939466404	4.07960877310588	3.99896972658712	4.1997568228799	3.95286138707759
9.48142455172755	9.64843341565198	9.7080621889991	9.11303177464333	9.19812543935319	9.11051153607921	9.09668049718044
10.5682641716451	10.836789512989	10.8465338252607	9.48358911341022	9.43695900775116	9.69565778449734	9.55220931571281
8.85944720868584	8.73780041835765	8.74709690218318	8.12598870838818	8.20087867499965	8.27546648270456	8.08787249147875
7.20433988393641	7.34137859724615	7.34288089615785	7.78508408114427	7.44916806544638	7.54308295467964	7.66030789432375
10.106087176269	10.0948953676762	10.0601102722628	9.92680851618109	9.91678669864732	9.92892825956431	9.84721869130161
7.35068433384608	8.29756236495366	8.42294528508703	6.18241957868966	6.19950271395983	6.24062910429543	5.83395598180878
10.4208527452619	10.157514404846	10.1012489670563	10.7191961454878	10.6967298921724	10.6710115694861	10.5368724302421
10.6637715025737	11.2158477151623	11.2586304019197	10.2403969799761	10.1731069793163	10.3438876042322	10.1714169598138
9.10471252629275	9.65836595086324	9.69430028775461	8.44989988955464	8.3043515125946	8.39253144736222	8.36504262915564
10.8012325947405	10.9921235213141	10.9954920892083	10.1259887083882	9.99183354530549	10.2026041630792	10.0729844047371
9.34836302193597	9.84496653303294	9.80658295217338	9.40235634829979	9.35898893153439	9.50458672755796	9.28842134755272
8.86757508956924	9.79968880499069	9.98045082308514	8.74300514927625	8.77525845056436	8.86272183560233	8.71987244832355
9.8980500479096	10.3913667330778	10.4183019111369	9.34639531380078	9.16607971242238	9.4239248691062	9.32194791533429
9.49617831841758	9.89307864383556	9.90810717881774	8.91134785379045	8.7397268999157	9.01714484558878	8.75825834225577
6.88369475493252	7.54782947471358	7.65852272819778	6.07960877310588	6.00528350051932	6.36414364078078	6.0711454050733
7.47930449985318	8.57167621666794	8.68040584609623	6.62580170366247	6.26936752083439	6.61790023302656	6.35988707259985
8.92010040136126	9.20063462121579	9.36428337289007	8.86216030416291	8.90586032219564	8.99402328778619	8.97382374939491
6.44495299506241	7.9180971038724	7.95374526032176	6.35488677469442	6.57547064856008	6.45725304517226	6.33558116608371
5.63976917204643	7.08572372177796	7.51280589760016	5.1437391105256	4.97343463447998	5.15769276331336	4.66030789432375
10.9494968133283	11.590927663115	11.6202188400211	12.1566672276677	12.2235638312213	12.1604911381674	12.2179867934026
8.76861823048583	9.34291911532193	9.53012537380019	8.17476600614622	8.29407403339877	8.29208870365198	8.16478047718454
6.56176666004516	6.23919820243967	5.98924394154315	6.63698544215513	6.68571596526559	6.27644957987439	6.2674661411591
12.7795359163598	12.3902496636911	12.3654899423682	12.8176242425711	12.713094713317	12.7023028870456	12.9244049410284
7.28908208417765	7.52086242711331	7.91735102306137	7.36837000405804	7.03952382493775	6.84957046795102	7.30371666742846
7.74587059665723	9.32743940628827	9.50406756052246	8.53605653330436	8.42346755511503	8.3304605145245	8.21988507662499
9.98205442001121	10.4411197682749	10.4622731635812	9.28817569014111	9.21796836832775	9.42259335536066	9.25131554024156
8.01535740009339	8.99653468675781	9.15247429041145	6.86335113794154	6.67387435262108	6.71681525909925	6.64060248497619
7.40530391840941	7.65588922057103	7.61373480645095	7.68626634492636	7.69940944472821	7.72548012022638	7.7405160252241
6.64734239175123	7.20572349788858	7.27053005193317	6.88696369516349	6.67387435262108	6.6905039819834	6.74183777982034
9.25478890662377	9.78842649142761	9.79086249405161	8.67816887722776	8.47555606626348	8.76033123913978	8.55597123450901
8.71015849993783	9.47101387766275	9.56918836749768	7.85858189379366	7.59024600124048	7.74407733910371	7.546926094906
9.28180185826149	9.54916468539739	9.57420644226431	8.10600646317049	8.06543663534549	8.15555701896936	8.06376587470771
7.97379540945166	8.6901823981249	8.7822149454381	6.52104396244934	6.46528773080965	6.43277035997293	6.45965227364164
7.77381713716015	8.5769223862339	8.77932087216892	7.9101960014012	7.66791689732468	7.80666187648174	7.81775275703272
10.1895031844566	10.3868932564985	10.3350187783849	9.15933596557662	9.10639330956835	9.39524924102165	9.30416408409847
8.26220637818625	8.81974203189382	8.871886990905	8.093882904088	7.93095130315847	8.00236603328686	7.78350695912142
10.2107433344885	10.2515536451347	10.1242406096825	9.75267688409709	9.77525845056436	9.96107878316801	9.83178534941946
7.40530391840941	8.34445799017812	8.36235076035608	6.31366411196791	6.12027602280925	6.24062910429543	5.98893064178512
8.19403487554467	8.63340520641965	8.68350508475512	7.34127634317577	7.51480786665345	7.56094434821449	7.35988707259985
9.44603895299166	9.4653673145216	9.24767911280513	9.20137773639354	9.16325919336	9.27546648270456	9.19693914495891
6.09228137674394	7.6901823981249	7.65220895426558	6.1515586149849	5.68177955070642	5.92673832847349	5.67698663547038
10.3243517119827	10.6804672432917	10.6981362247151	9.80195059327739	9.63368526250538	9.93796558389673	9.73720633108871
8.6492295012955	9.359757126561	9.33698832823464	7.28195525224057	6.96697961234268	7.2141942061037	7.02412007024742
10.0190107194447	10.2983565818969	10.3986348776809	9.16514158725782	9.15049817122352	9.35579629806726	9.23826360593984
10.4568538090398	10.6608384365428	10.7194310030783	9.88520609692674	9.85214246231779	9.98533142474737	9.87729808119393
9.42966312403781	9.48503434797768	9.50406756052246	8.98868361597628	9.08940719784157	8.9802117417428	8.89819409161422
9.137347924472	9.42375512484923	9.63470223591437	8.32753628654947	8.2254241732468	8.32191540539149	8.14393622339169
6.87726848577309	7.92634109796731	8.28284331337202	6.09591058543498	5.72066856410002	6.1318527583781	5.9755101260228
8.80800582333597	9.94268909205479	10.1242406096825	8.30492577489021	8.2254241732468	8.18831093128922	8.19501040798596
5.0471934872154	6.43679816232483	6.71413670340878	5.02956809060628	4.89400016698558	5.23254675799757	4.93448285776274
9.13060949540304	9.76448552650088	9.70958321712195	8.48899970924358	8.39008138662048	8.66670641080122	8.47005733152173
10.0313632581137	9.83842862890958	9.70958321712195	9.8130863735806	9.91804212588323	9.81073920856228	9.76282280494968
8.94949681332827	9.61056523006154	9.69276305261622	8.73911822719209	8.63368526250538	8.9844292704454	8.71987244832355
7.88048519845663	8.84605330900967	8.96906605960552	7.23120195177594	7.03952382493775	7.0514340759228	6.94370138779212
10.1163555117228	9.8274658478845	9.90279826743268	10.7841412458809	10.7283221366435	10.7346298676252	10.6436108657897
