LL20_1	LL20_2	LL20_3	LDZT8_1	LDZT8_2	LDZT16_1	LDZT16_2
8.75375863702996	8.77228455685642	8.80208118446717	8.26151691379951	8.41294017701047	8.36510706911844	8.31980274130212
8.62143181184732	8.52581728013859	8.66321102414974	8.07270709298745	8.37959443120727	8.35859008439065	8.47843457321308
9.36595645420937	9.4007388055077	9.40479694265209	9.16661422758498	9.26556892359959	9.07979374597938	9.06811330906234
9.69760967916499	9.73094027673436	9.71240018960412	10.0040721896614	9.88321880376907	9.77821290919768	9.80658484808438
8.95145737443328	8.91104077471985	8.97841325584879	8.90214358963567	9.16281343289575	9.06885665331608	9.21369854142119
8.67405389458904	8.71917322039686	8.67760068105431	8.80558138333867	8.44982311157989	8.46707904221972	8.43040433718101
8.72683818344131	8.69913546716032	8.73045668364009	8.64998885662698	8.73200861775859	8.72758683612772	8.71813390784857
7.09326103561684	6.88577786354757	7.03896116675004	6.3900316543222	6.8584199973009	5.98935627472493	6.30709168955257
9.56934529095111	9.53926413038193	9.58689471983173	9.47556446847413	9.73068686316235	9.66360017482982	9.74194129695611
6.99472874337974	7.04705877058062	7.11705753394055	6.50802886372065	6.35349699450487	6.07532949783478	5.93537322795368
9.36627953002326	9.43937619335938	9.35086802036553	9.30563946703182	9.16737995955997	9.30790569115733	9.18330074139726
7.37722128030519	7.55328460069687	7.42881382377062	7.45807704174529	7.21668030487449	7.06735878672621	7.07187522785854
5.29679442970197	5.13172116765001	5.13385277648353	5.45416199174191	5.37621707100495	5.36591962618914	4.99998230937675
8.07202720117762	8.12797876596419	8.07332316154152	7.62059800710434	7.51166985519012	7.45108700945182	7.38979026023928
8.6284522395251	8.52083141228494	8.60537746710886	8.58344500868687	8.72140051819262	8.48663620878968	8.6459430874764
7.89614802272875	7.92728141572706	7.92971205970331	7.91073961332406	7.77709650728713	7.51841003429543	7.64173083618948
8.70605774453472	8.69597927460663	8.71379720243807	8.75237401765546	8.91615131617674	8.74330604852202	8.71412753193068
9.08504052881187	9.07356701283656	9.13385277648354	9.54622967265299	9.44069039975836	9.31927716036583	9.37464106565901
9.37433300098036	9.47221702257665	9.4085976023642	9.38695445079319	9.26252333445737	9.34546712827259	9.2244417640137
8.03592786055089	8.0919332278962	8.06634095775753	7.30128744249212	7.65976849417925	7.55449733453335	7.64173083618948
8.16409639691445	8.17225932752489	8.27529767823001	8.10302754433038	8.25027627414609	8.1337461840601	8.12111874687839
8.87223415630462	8.88688549895006	8.89022376982233	9.25027215663189	9.35521346709389	9.36225950995735	9.11869608461153
9.28999886819312	9.26249843127531	9.34186127965733	9.68799004505154	9.56010053003718	9.54448354590532	9.36035683965276
8.98255757121062	8.94812456640669	9.00923239934684	8.75714852297581	8.83318745212596	8.78339205438504	8.80357138476234
8.26179749504543	8.14381735946097	8.29335040647551	7.97499415504335	8.13776830344943	7.86727269425954	8.04533344040605
8.08778590555069	8.0311172267116	8.14217764113447	8.234380783862	8.68091062847595	8.55449733453334	8.54850893657077
8.65037243022554	8.70856282617477	8.71658717631257	8.85689603046601	8.62034301428868	8.65896660108937	8.65349428550532
9.01093663575354	8.96185456427449	9.07853772760734	9.24461673958626	9.56653561894676	9.44840435087934	9.5556910051228
9.05569387839106	9.06625233581394	9.07201656971707	8.53607955374657	8.6616192898672	8.51475115574059	8.64257427090564
8.33162441386507	8.34178049550315	8.34763206751528	8.26375538599552	8.54914456060879	8.67872083543041	8.79828263032617
9.29679442970197	9.19658257996322	9.27605440263282	8.85095289109998	9.06341776565684	9.02631710835156	9.12956616983045
4.30760118465856	4.0311172267116	4.17338114067017	4.45416199174191	4.66899882023279	4.60492676137648	4.8561465368031
9.91702803828356	9.85752447409434	9.92223881276987	9.71277922951611	9.87366976698219	10.0095158474902	9.96568234661314
9.10104678058344	9.05299172633437	9.13301764184899	8.89782629452089	9.0959481277548	8.84238305516782	8.95519735232865
9.08425517493244	8.94918537163161	9.0465203813612	8.77922297611424	9.10209453012517	9.08671079024778	9.05866537064093
9.0920895414064	8.99253476439255	9.01014233002405	8.81477055479333	9.4689742119248	9.226139788367	9.32559142149208
3.66777674890288	3.62672697163227	3.7188152772047	4.17852754912848	4.12037816657535	3.85690597870128	3.83268756397911
6.62952927954592	6.60804240836734	6.53631220968291	6.26151691379951	6.65420181830471	6.43259066583443	6.27263763322344
9.29306083264118	9.35184257451731	9.28472832392286	8.95296784871335	8.86726844736907	8.81348690953336	8.82081346369082
7.76898900026118	7.72289951185515	7.78835621045777	7.60655706862665	7.62034301428868	7.51987099142371	7.64678406391577
9.77921574210843	9.73402098480418	9.7591557410699	9.6729094717689	9.86927191254438	9.87955831890567	9.91142897230429
8.94757626153575	8.91864249745319	8.93834236484675	8.27711376885053	8.64300361169985	8.56727091071683	8.61447722685605
9.56372183794968	9.57921129055102	9.48061272435083	9.6576695937086	9.64534375015437	9.53548354765437	9.4920694005234
9.12949412725924	9.1447436484436	9.09192209601762	9.06887183585712	9.00557369108456	8.8620986479216	8.76691014155883
9.64479036967184	9.70102587368661	9.63133504224609	9.48614780733196	9.36205900800829	9.3083284589379	9.2861943486593
9.60919975047083	9.60434361938179	9.58963661810569	9.71359824460531	9.81791632784521	9.74518089614245	9.75330887544974
4.81894082223653	4.81538853565617	4.86278105158432	5.15941872618078	5.36717193140194	5.14135936816998	5.30282966269841
6.10879073391045	5.84760316052134	6.02642370077499	5.98588247118609	6.10957141161878	5.54304731378981	5.99998230937675
6.27493499573823	6.05890038322514	6.18309629550339	6.10052503712721	6.45943043925393	6.03502813311021	6.25950223103431
9.5472887631106	9.45028153817891	9.51819684503942	9.66615605959643	9.8527607772192	9.8057224380775	9.78115054436362
6.80946806961625	6.87688603237444	6.88874027864701	6.21600225454715	6.01429090818567	5.99356852601185	5.6767372860174
8.94238514934105	8.89901369070426	8.84248964759125	8.6585204902481	8.74166465955505	8.67216609884423	8.75915369792439
8.86950177851649	8.82061464536297	8.9421615465368	8.6118384474627	9.16346667947286	9.20903431136434	9.25564843546426
8.19425324138727	8.20548813318511	8.28058643266618	7.43442577368065	7.71250045886938	7.56444209600485	7.59717851791197
7.46912793761501	7.3972451255095	7.59328439512083	7.08034715518958	6.9997328124955	6.80751795173912	6.54219516263858
9.09676982139398	9.0316180755418	9.10433153221571	8.79168694168029	9.14307721483449	8.89680921492872	8.98143501024304
5.91746902714253	5.93158155316069	5.85874553834917	5.725015902035	5.85518887603789	5.58831204752559	5.61619574408235
9.32066339962268	9.26207166155148	9.27983208230082	9.37250674022714	9.32924944825819	9.29984947455001	9.22837971353853
7.78647642699002	7.70165545913883	7.76913423052025	6.86133737324779	6.76509540981694	6.62678619534022	6.51297502372357
9.35068969755606	9.33083404250881	9.37331871117892	9.49760540593193	9.55513085567452	9.549499128452	9.54309882382746
7.96773015353298	7.97701620270553	7.95261246181339	7.725015902035	7.73728355979927	7.5081416988416	7.36342967370238
8.63114333346131	8.67369045060286	8.72103994231921	8.63450360912956	8.36490175777712	8.35122311498244	8.41271439433412
9.56906463828203	9.64255193879395	9.54481442049646	9.13394803866466	9.12843043887009	9.04875608377699	9.09732243381897
9.76016514987417	9.67272747690537	9.71379720243807	9.49665407385599	9.65745165565197	9.48626259878089	9.697989835246
8.72633488846293	8.80253333075459	8.80523002902216	9.06502635590583	8.84219153550902	8.84121488098182	8.66847913501509
9.14614661586893	9.07259386268776	9.1124043572195	8.88624994321327	9.47372252682296	9.51694759621695	9.53403663925141
8.60619385006535	8.50937002099411	8.58414760054871	8.1351711799341	8.30813646110499	8.28832322116898	8.24846395958186
10.1355718404748	10.1808643462163	10.1660515988717	10.2446167395863	10.1912800881978	10.2212090253104	10.084965227299
9.5155988998352	9.55014185338896	9.57002448885172	9.71359824460531	9.703994241589	9.84937230601588	9.67756050717576
9.64798276273007	9.62174585824503	9.64428729855494	9.30781056607345	9.68864627725556	9.88268441989239	9.85651007341606
3.78067080530881	3.3972451255095	3.44505446477784	4.32291745846365	4.16281343289575	3.91135376272366	4.78459327577807
8.88942006848259	8.89681613500001	8.9545045211546	8.68715635820899	8.92542416036063	8.98618899564625	9.13556990317593
9.41706154483697	9.36422287091045	9.41273238916646	9.05083791302686	9.13043650414009	8.98407360664424	9.10590992965569
9.69966224225834	9.5466418637032	9.64721484631456	9.17734063417804	9.55712078018433	9.68329149564005	9.84336469735914
9.23090649404552	9.27735639000242	9.27681073032558	8.6737514297974	8.82825234455114	8.65431809751131	8.73088005406771
8.77775920988891	8.83043482970379	8.78357467215778	8.84647941452067	8.58761870842342	8.57009418958436	8.4323565635153
8.64239143048297	8.64058328480521	8.69694309672719	8.36939188826316	8.32107551681249	8.05531953710329	8.12474512928434
9.01712227496032	9.08229595063717	9.05492230726182	9.09550696236058	9.01429090818567	9.01392895317064	9.00261256542142
8.41706154483697	8.36740061457604	8.44236035560858	8.10302754433038	8.10821485764869	7.96489421728302	7.90476524202328
8.71166242947514	8.74810812111654	8.63281275930747	8.98316808648905	8.62414458444853	8.7637965743098	8.72053240389709
8.86493628407069	8.76627832403106	8.79787200557797	8.19972671483431	8.56702943892108	8.58482643326448	8.61876968774618
6.01629905380196	6.14289047536812	6.06896324573951	6.25252813057226	6.02583253006836	5.69044483256254	5.96264615810378
9.46551366839889	9.46778250563982	9.49270744036926	9.46878896773732	9.35635664864411	9.36348058073772	9.36751663122563
4.36045306692429	4.51654405388185	4.42335939367852	4.65852049024809	4.99680348145683	5.13374618406011	5.32821498111833
9.27837244087383	9.23840275565784	9.24701612806523	9.36209763994295	9.57980978521266	9.59248369874325	9.6251845273096
7.89883044378207	7.90011121456159	7.93067353594075	7.95296784871335	7.90291191654692	7.92244294138547	7.91317748183948
8.96985770891176	8.97284957153242	8.94406735268038	9.24914284538762	9.07109726380414	9.09212244039531	9.0662286647174
9.41768514330827	9.39841062580789	9.42608918643409	9.54438950015748	9.65141040490715	9.86296227862139	9.72332561878877
8.44179759942508	8.45439657933258	8.47040066064367	9.06245699629369	8.8808374634085	8.99304266668731	8.90476524202328
7.0664707347293	7.1777000443724	7.22758821474941	6.82541779899284	6.8487048424677	6.7637965743098	6.7661363710705
8.38808066994157	8.37373518036615	8.35266264062542	8.66191906670996	8.70264655812725	8.37402012496026	8.32085695767413
7.93586988142224	8.05791728605532	7.94692134973554	8.0312623746901	7.52189452620058	7.45720013317843	7.49813998256064
9.65037243022554	9.66822508123763	9.68303133744735	9.71277922951611	9.71829173900409	9.67675753953992	9.58669884683785
7.92888767763825	7.86231889072357	7.85975547541588	7.42245313201457	7.35806972429469	7.01444725568776	7.02865469925942
8.14614661586893	8.07162005567078	8.12799665636027	8.29034959600723	8.48055373081968	8.35286347336369	8.51849907019522
5.47991673352586	5.67881548278072	5.58353641856927	6.01806287693524	5.74777593361691	5.74642944233971	5.38576600368048
8.54300818918333	8.64974744019815	8.67301158759157	7.89349604102216	7.87446793853278	7.76009260554638	7.86050294184724
8.44241059923923	8.38632147647327	8.55201773209418	8.35896020838919	8.76767549105461	8.59664332211754	8.69392704731492
8.11572492903166	8.00585046810117	8.08546129238125	6.87311454102413	7.79575596251873	7.91135376272366	7.97207117089305
5.33954407716131	5.23970384852302	5.28585586992859	6.42245313201457	6.46791690514176	6.51108297415372	6.56016170916803
7.54529274237788	7.41116936804112	7.46642811557041	7.38592725598946	7.68910002628931	7.67347943078826	7.87923014991615
9.98949513450274	10.0278574642173	9.97025385356616	10.098645303909	10.0113910176799	9.9632843658522	9.90617069273442
9.17483381493373	9.11763682174273	9.12211666843257	8.74598333149843	9.15034521529853	9.08127876416597	9.28673397650958
8.54300818918333	8.49709169121567	8.54889027576238	9.22636897010541	9.06970402850427	9.17141660202616	9.14690861956736
9.55070410116068	9.52297032304128	9.6071827166135	9.65937088522756	9.6425351281624	9.75141284985397	9.66930708054191
8.83396903146886	8.88078295362717	8.83531968942835	8.57625846809361	8.29627212581192	8.41856110593037	8.35109887179166
8.87450719134374	8.95606165798799	8.84146754691733	9.04694399692237	9.0372825508119	8.90298058169865	9.00589365630778
3.89972347695258	3.91430356172885	3.9335541259977	4.57445622545962	4.39413897900221	3.99776851454113	4.44110903752426
8.78502721035295	8.78422252353306	8.77610508055567	8.61710056286812	8.78899859634342	8.58133237720714	8.66765071406733
8.24080738122419	8.15764963264053	8.30303545990541	7.17377401915785	7.2441135349976	7.19903764431183	7.08185931643116
8.78309265419195	8.76085125164673	8.79153512112528	9.18562860550363	9.26374234174654	9.12417285735331	9.10957469464299
8.31765952222329	8.23449242187768	8.32879198507918	8.79478618033918	8.69543757352882	8.54376560857233	8.66930708054191
8.64292487291496	8.64582707082681	8.5951048307452	7.81018328529768	7.93233988884612	7.99251661561826	7.99338561273984
9.97219440167758	9.97649603142141	10.015136715956	9.83222119403101	9.8450447262359	9.82150602767948	9.79487245004682
8.33030023291769	8.24834794293227	8.31339331494687	7.84647941452067	8.0752689150218	7.95520805231309	7.94770988779891
8.77630120568105	8.88577786354757	8.687873078384	8.82693243959484	8.50137220232724	8.65232128744736	8.53676127658794
9.283171145838	9.36541534518214	9.31560321332264	10.0087508434195	9.73376907562303	9.97291663855321	9.71893384967161
7.17372674616917	7.22225871406361	7.30674323640241	7.1351711799341	6.93998534945699	6.44494787235441	6.29426764919499
8.78647642699002	8.81829426683158	8.79100578887172	8.02863211864542	7.69634066904556	7.44340899749822	7.4944072636843
7.84142483638791	7.88466937709973	7.87181989449482	8.01540842348926	7.69453391233993	7.64162470431585	7.49253727633126
8.72381577652397	8.81422460252253	8.78037815303425	8.61710056286812	8.52596419050963	8.578531026733	8.46990630183169
8.84142483638791	8.87744338028204	8.88328772261196	9.12165925021655	8.93616768371803	8.97451578341403	8.91317748183948
8.71267912792518	8.71294126668535	8.70314582093881	9.085418144737	8.81084529864167	8.84820977973146	8.83711527601992
9.16260908230758	9.1479809844025	9.15909489394537	8.85985844432187	9.12843043887009	9.21220059740913	9.19771916083673
7.80279993936561	7.80135897575211	7.77877723364575	7.84647941452067	7.90291191654692	7.72885069520188	7.70123184793815
8.25134061156889	8.25694055344833	8.24082761437922	8.1521871569497	8.54513985285788	8.74767690894653	8.67013455119315
8.20006470963179	8.20992037950037	8.17500488314984	7.55995665576451	7.77709650728713	7.58970393865226	7.80130714933934
9.00181611948717	8.85893625132893	8.91715420637249	8.39003165432219	8.6616192898672	8.60492676137648	8.68821985406469
7.26249193310499	7.2310076495532	7.26618588978845	6.00741563273573	6.21919590279327	6.27886289191992	6.3155781554404
9.22806514395744	9.17316753973045	9.21225070990455	8.91644197268824	9.29090117633334	9.26673205133478	9.33449212680449
8.75474610800684	8.77707160410506	8.83172130335256	8.6585204902481	8.59635351840103	8.51255136617962	8.46323817158106
8.73736702108796	8.70981516569863	8.80680187777859	8.19034329937568	8.43475004120656	8.26150173125848	8.35316133824855
9.43719177969677	9.54769275245251	9.436618614284	9.47652980477037	8.98502631368047	9.05178908077541	9.05550225812434
9.81018068758129	9.85497978840413	9.84504173571632	9.89060196775298	9.96305685896677	9.89624687033345	9.89524246790478
7.00306322664526	6.99253476439255	7.03539013759785	6.50802886372065	6.60887782779522	6.46024700873729	6.46037093968489
6.32632038200515	6.28073111678308	6.2023325143663	6.36522826332162	7.22671648476307	7.21355545276701	7.37159204365575
10.8143306248115	10.7886739156511	10.8066709557729	10.696300523336	10.7923812357381	10.7673373097946	10.7853572128046
9.0905260678956	9.05447116079068	9.09664169738646	8.92212188176059	9.14108866174104	9.30663664397898	9.24346904966147
9.03552163922176	9.00176640297919	9.00786642634826	9.08288487799148	9.02870356592311	9.13850913008607	8.92223572726088
9.82764808568127	9.80223983160987	9.83608960586087	9.84797211516174	10.0354994643893	10.0149653720664	10.0507445478406
9.63248700035632	9.56474978719032	9.6089857100257	9.57535762820116	9.6891000262893	9.54914145024491	9.62048310248545
5.65936450908668	5.64255193879395	5.66898412125269	5.05988305262987	4.88717899028233	4.33968808461596	4.58845075359944
8.839099033787	8.89681613500001	8.83223590833069	8.53793034943451	8.46367991225529	8.57079914686244	8.50000272657783
8.87496136891428	8.84817193444587	8.84708016069816	8.64998885662698	8.7847591133018	8.72125087934372	8.77769957783628
9.3028831868606	9.14705677230114	9.23149478372426	8.95988726265314	9.58371953026374	9.29303022384651	9.68985278580766
8.73236287094108	8.85044479043528	8.7830424105613	9.00607918517291	8.77025096637273	8.75327719864784	8.65349428550532
8.87268904990476	8.81247694023626	8.87181989449482	8.67543387318445	8.63831191637513	8.68979599286603	8.65850654894031
9.19170334417348	9.21566201742669	9.27718874553563	9.16302096286097	9.23481978346207	9.21174869606138	9.25950223103431
8.89031894392655	8.93319080602235	8.94120769854114	9.07907661786318	8.87047265754993	8.72505579154715	8.82230308183131
3.68445549004951	3.98220762623066	4.16032498784473	4.48518888736253	4.41184098073567	4.14135936816998	4.32821498111832
8.66410242809335	8.78184281983328	8.68331659598331	8.36731157782211	8.29508030827954	7.99146393768692	8.18966260596568
8.80899279534383	8.82061464536297	8.82139046765167	8.79013482206755	8.77110843744753	8.8441335448154	8.76303713241162
9.13063565049502	9.11196435686922	9.16564330821072	9.26375538599551	9.63737174362052	9.64765128786154	9.72968987522318
9.53555830747228	9.54067232477474	9.54544222513687	9.84722595789613	9.63077332291444	9.55200039602249	9.57481750285002
9.03063804062601	9.11243791506841	8.9723563971118	8.87017924999959	8.52087531383683	8.578531026733	8.47654375375384
9.06527727399044	9.07162005567078	9.07027260451118	9.02599705847746	9.27587609738239	9.37966353270741	9.322436839242
8.20368502531049	8.30744845515886	8.29260270236917	8.34634180397499	8.25641279994805	8.14420398632633	8.15224864432256
9.40232884387433	9.43786551778587	9.4092875569641	9.51837755201311	9.52748735979511	9.4940881625527	9.46276069514417
9.12530079746075	9.0554566082613	9.06415207091541	8.91928472245706	9.06691351498264	9.2715099107219	9.20915103555704
9.45400837939473	9.43710958638744	9.46808467223524	8.97908690967723	9.55313818264931	9.68979599286602	9.61576630665073
9.02778162184925	9.14196299539989	9.00741081445725	8.80558138333867	8.58078821525415	8.50371851180742	8.49347257298696
9.40987072142467	9.45252756101069	9.43492550877236	9.48518888736254	9.35005791053809	9.32597375511465	9.36649597675017
9.71394899425211	9.71169163902741	9.68417203332879	9.39105593199453	9.34545967543944	9.48551508838029	9.37464106565901
8.46128554509366	8.44615472599045	8.47633904331029	8.27267470368403	8.25150566922764	8.38928688161357	8.41567782236866
9.53613274309241	9.50071382478012	9.53978212399361	9.61710056286812	9.78263469082856	9.80242484797693	9.77385546407541
9.12453706264096	9.03211875055668	9.11747980674934	8.68548753784837	8.95440103909504	8.9632843658522	8.96129468724065
8.93107324848631	8.92943308658211	8.93307442689407	8.72826156153866	8.57294213179097	8.53222975467809	8.70849984840219
8.86676421594766	8.80253333075459	8.86177323104673	8.78546841894513	9.20276555829586	9.10726513782569	9.24235671726952
8.07598304418501	7.9801332979928	8.02372286683633	7.43442577368065	8.11633511383808	8.27799977790022	8.31027996718362
13.1893771886266	13.19376031274	13.180117866347	13.0971554428761	12.991846707973	13.0439724922319	13.1075144099407
12.1876872349243	12.2454363475124	12.1755119281208	12.6878858605387	12.199902751631	12.4789577981577	12.3911082772478
9.76996610496557	9.80077143958398	9.84606130822582	10.3170014593257	10.5795650739847	10.6294954825982	10.6607980295245
8.31899535106029	8.29331649791085	8.35409673124141	8.53051287787203	8.57980978521266	8.66953584279956	8.52217005192371
9.62899086004316	9.6214131717358	9.6684078500084	9.52772146447447	9.4249763829248	9.33927440861574	9.50372101482394
8.68238116181165	8.73217334949394	8.67186202972924	9.31322406225982	9.21542085910189	9.42948475496661	9.16990731081907
9.37593831442171	9.4077008862401	9.36124587887835	9.24914284538762	9.18421590962798	9.31591717039669	9.25399365221166
6.8763230443725	6.66596860322512	6.74309992932812	7.12535689010715	7.35120518299687	7.28918018290543	7.17107690556564
9.33822714868932	9.35944309279712	9.32440911069798	9.43343183975164	9.41678078216365	9.51694759621695	9.39480484659097
9.07242327394357	9.09624908797639	9.05448131840285	8.90931049479126	9.15626464706682	9.29772191917123	9.17224555288827
8.92450657788247	8.9310447363951	8.92392970710931	8.79168694168029	9.04510205527119	9.13755779801012	9.16404507178641
8.84142483638791	8.73402098480418	8.81983444193094	8.36105258735043	8.70713394911956	8.58133237720714	8.76536218535786
9.41487682504982	9.40847238093276	9.41169980290678	9.53607955374657	9.50033838283414	9.50371851180742	9.49907165520579
6.80566148418651	6.91864249745319	6.88477682823966	6.55265185514127	6.3985848840334	6.1972126029035	5.95179877586679
9.88604428882623	9.85808935078163	9.82553168338614	10.0803471551896	10.0870235047043	10.0139289531706	10.0542350687228
8.83863342299035	8.92620437570624	8.91180818528135	8.85689603046601	8.95137810443034	8.93509100636361	8.86701298316085
9.18255960054136	9.12563482549589	9.19874520615855	9.38387066969552	9.44392031537811	9.37885868189664	9.28078693962684
9.50624779533092	9.44953208619277	9.49660837570916	9.31106110077387	9.34545967543944	9.36062980626427	9.37920255035418
8.77484172650662	8.64451791008281	8.75019740268969	8.38181114751723	8.77282185218681	8.83770467233799	8.93054700348334
9.68212166094921	9.69913546716032	9.67186202972924	10.2643144617789	10.1539655309772	10.270642385115	10.0911570610132
7.12720836754018	7.15948395588942	7.22758821474941	6.76349004984965	7.13909736392195	7.03298320712519	7.19886643329552
7.41768514330828	7.50793092357714	7.5613596277246	7.10052503712721	7.00557369108456	7.03093537847634	6.91597069673116
7.47991673352587	7.42343464949037	7.47436229711262	7.27489594360072	7.64487602603262	7.45567427894747	7.58669884683785
9.5974136325292	9.57475058167408	9.6339938441388	10.0259970584775	9.98908556829599	10.1418338608698	9.97542238039269
7.99221898042573	7.81422460252253	8.02911948799516	7.98588247118609	8.25518758115603	8.11453558009427	8.27263763322344
8.40955726242487	8.37768020617927	8.43898562882792	8.19269488105508	8.65420181830472	8.6063027224163	8.60758261377764
9.61301640624412	9.55119019668874	9.58414760054871	9.4433404984884	9.44069039975836	9.41385410325284	9.36904626032197
9.0928706432343	9.12844709742128	9.08891065455256	9.17496387080541	8.97984341599114	8.98248502688283	8.98542955374807
9.05087820201686	8.97961424958249	9.03539013759785	8.81324308504674	9.38632552447924	9.41699381078341	9.52537451628614
9.04685282261717	9.11149064317562	9.07940499246116	8.95712347820466	8.64581132268832	8.44725311125909	8.54580641619095
9.30456995782427	9.25993591720748	9.30896333692909	9.66446275536344	9.63266166747839	9.52278847480601	9.53267238852007
9.3209967780276	9.28409796788147	9.33425191984453	8.94042865305301	9.23357608076359	9.22971524259083	9.2655374729408
8.5673795747762	8.52865863022666	8.56693586630427	8.7682279688563	8.85437996374258	8.89680921492872	8.82379116349072
9.59796396442254	9.60904952536523	9.61557747453582	9.36105258735043	9.33621900307303	9.29814768132303	9.25895231868121
6.17224933176367	6.18312032015665	6.04074337209206	6.47749449557254	6.97612991319208	6.70336072044782	6.89063491318839
5.23019668097295	5.13917697256906	5.23071431573613	5.81324308504674	6.08219497268747	5.87528450801614	6.10652137066543
7.44241059923923	7.37215414454667	7.4383097351445	7.28815204030298	7.46367991225528	7.46024700873729	7.53494542355919
9.57578527950797	9.42952840740304	9.53125011662665	9.17852754912848	9.52138501002333	9.50002213509692	9.61876968774618
7.23586543105964	7.20104222815392	7.40963241056701	7.14005340131385	7.39636364411672	7.33139194306087	7.46037093968489
8.48468597767373	8.51940370802109	8.45310673707257	7.47363185594014	7.61079503078951	7.39168272225422	7.40378741131852
7.7728934547171	7.92728141572706	7.7862330385648	7.71195974920956	7.4487516707279	7.43103854622168	7.30069391835442
8.557793525947	8.75115242492793	8.59571113251537	8.78858103081247	8.06131624301155	8.53656651658366	8.40478203048297
8.50125525789156	8.57062072663764	8.45377573548052	8.61534865610652	8.51985538092699	8.48812968205027	8.44401476869967
8.88130488748009	8.94706298060391	8.85064048871211	9.11175229255046	8.81667101482798	8.89286819187848	8.817829605252
8.96389262936458	8.92728141572706	8.93451304596713	8.62234355485617	9.26860809691835	9.26803667391733	9.36955577649922
9.64399116641575	9.66306222163378	9.66205362734407	9.77373594679625	9.6836455961972	9.71041547798178	9.76536218535786
9.64212463528278	9.67176386001044	9.63605841881112	9.53329890070286	9.5856704366339	9.57256003447381	9.5453555035319
9.62143181184732	9.64484531165937	9.68131860075127	9.50235267918844	9.49878626322139	9.48551508838029	9.48315080834118
9.43749929222929	9.45849991641028	9.47007003269657	9.410380299714	9.4487516707279	9.27194347798013	9.37514861009375
8.99598198947641	9.09816311152863	9.02327223586565	9.49570211404521	9.13976143529887	9.22390062131671	9.09670708083848
8.97960425382127	9.02861037110103	8.90252723037708	9.43541902331774	9.30990772595718	9.2715099107219	9.29855500759808
9.26145015062558	9.2979037674065	9.2635174083073	9.22751624256419	9.2078410078257	9.29601761295898	9.25785186474464
8.66672789750017	8.66467760086524	8.65741473254055	8.66869229530539	8.54011828481949	8.57993238190961	8.58757506614258
8.76213067475706	8.75176051557588	8.81150717470833	8.63968384823524	8.53810475338184	8.65365280119291	8.68002735595158
8.83583659812563	8.78837758309566	8.90399661944407	8.984525917216	9.09046258867107	8.92575314178428	8.91527289984167
9.88649484942979	9.89020331192836	9.84860709155958	9.84498516784034	9.83605848798072	9.81050551760462	9.79107388271046
8.75721183248483	8.8566767441468	8.85013240804446	8.4658754123057	8.28310766661346	8.25010389893849	8.19196907334885
7.91658691458623	7.87911413326656	7.93834236484675	7.69878436046182	7.67267447837619	7.44494787235441	7.32191040426412
5.96943244876398	6.15397397449714	6.09321079198619	6.32291745846366	6.0372825508119	5.96382118261779	5.7474402773606
9.36789382474343	9.28030970739177	9.34294506213541	8.90501462549042	9.19320069426033	9.05984603737156	9.32296308219545
7.85806083797977	7.85328083428328	7.93451304596713	7.79787877539456	7.91226997124516	7.93344753357427	7.82379116349072
7.71623194072727	7.6556080916194	7.78941662582406	7.62408699318422	7.75819254956225	7.54017055303424	7.66847913501509
9.52228276433139	9.4226711167703	9.50728187722361	9.08920972389938	9.29269371544266	9.24569602798472	9.27209270591162
9.43626884862303	9.36740061457604	9.41582572099311	9.00072098016172	9.23170851410682	9.2676019307949	9.36904626032197
9.36531008545264	9.45215346661189	9.4274521483124	9.51462297594244	9.58907818759785	9.51475115574059	9.60628619759855
7.46792418698957	7.34339515156524	7.49660837570916	6.71850259507634	6.89033933117565	6.90912566183155	7.01308589665093
8.95747398445593	8.93319080602235	9.01649582584538	9.4164293443868	9.36773891708064	9.51548367418277	9.44594867655077
9.05248521420295	8.96971668204746	9.02146830310059	8.82390156654546	9.19703425286911	9.26847128607332	9.35881796479657
9.22414912787021	9.14242680991631	9.14673592309677	8.79478618033918	8.94834882239161	8.85690597870128	9.00654897998059
8.93891400170349	8.92674299622431	8.91666902222771	8.98588247118609	8.97612991319208	8.95466802047414	8.90476524202328
8.71825819814025	8.67240634278253	8.69976582320171	8.58344500868687	8.67359193153327	8.52060091556824	8.42158647925944
8.85668180804439	8.79665197307458	8.79470704261016	8.39003165432219	8.66623591793757	8.62339241574441	8.64173083618949
4.69272310603311	4.67881548278072	4.72769342855115	5.42245313201457	5.65420181830471	5.72125087934372	5.59543718391555
9.00638358493687	9.0827793465341	9.01785365657233	8.96402303722235	8.9445532531387	8.87528450801614	8.86267622125528
5.53613274309241	5.36581261767285	5.53378338337217	5.58881151843669	5.26374234174654	5.10288522035535	5.0104746831944
8.54814335591329	8.58570607838924	8.620352638319	8.29910649719259	8.04297366288975	8.27367644520458	8.15224864432256
9.72784424696945	9.80605067107683	9.74992506761745	9.76428078433964	9.60455478298633	9.77638052744303	9.66017344114295
8.93107324848631	8.92296842285598	8.94168470136939	9.01938827440181	8.96792640416669	8.86152260677165	8.87994559502919
9.80637598442773	9.79163389830796	9.79470704261016	9.75952986333638	9.81667101482798	9.87013916657328	9.93365142915653
8.89256368537971	8.92728141572706	8.96110725597885	9.4164293443868	9.30221648956117	9.18759307342115	9.17923762654658
7.76311243392451	7.70039601336623	7.6997658232017	7.70538709528607	7.93080592268259	7.92354718563447	7.82081346369082
9.58136199708541	9.55119019668874	9.50824829126503	9.40936965516066	9.5709739254272	9.70849487191926	9.80620850921675
8.8529979374417	8.78065149438087	8.82656513260002	8.70538709528607	8.65234147627918	8.71679909477263	8.64257427090564
8.61709450669129	8.65105186618294	8.69976582320171	9.00607918517291	9.00119525057398	9.156935811432	9.09053907212357
8.63382941697955	8.71418981288261	8.75019740268969	9.02863211864543	8.74428694753703	8.86152260677165	8.76536218535786
10.016504903134	10.0083971502115	10.0126416842124	10.4144158129492	10.3266271602762	10.3820753945802	10.2114265802573
9.334599384645	9.30123082576402	9.38423893088401	8.66361535737086	9.08908793869485	9.09506571589605	9.18388025337167
9.32864329574131	9.2701587769236	9.30266415761514	9.30781056607345	9.46314941214234	9.40399824417515	9.39880400380427
7.35134264847958	7.1939001589099	7.41376423689734	6.49284245990597	7.5521408130687	7.33139194306087	7.5672861436014
8.0512801229112	7.96867087189591	8.12547959545853	8.29034959600723	8.49930382198601	8.32889376920567	8.41961961455004
7.06328597617135	7.10150655460301	7.17500488314983	7.26599039037882	7.6616192898672	7.90017868716698	7.74115401451317
9.77727337218744	9.75752462917923	9.70314582093881	9.58165172686383	9.63454754361737	9.69594821984762	9.79183439671906
9.86995753433797	9.85865400638214	9.85368522084655	9.54070209868456	9.88836492955247	9.79942048404052	10.008185988032
8.70350294478635	8.76205903325004	8.76644414016245	8.60302537765639	8.57490765667387	8.49185661525411	8.5440019193442
9.00140017742262	8.99356342400183	9.03181024732205	9.30563946703182	9.28009891674113	9.52715366736741	9.2948042662891
6.98634583170033	6.89241095588002	6.98999007162742	7.14005340131385	7.46367991225528	7.27886289191991	7.61447722685605
8.60400380024685	8.57818311967423	8.66321102414974	8.63103975382599	8.52596419050963	8.36673172586771	8.63496554810219
9.1002700941362	9.1695312554087	9.06020368609787	9.29363966594141	9.09114942279063	9.00300136409708	9.04150157881502
9.50683401843565	9.52047461865362	9.58841863994902	10.0047414984374	9.77153698194523	9.97184955637372	9.78421115551603
8.98550485526096	9.01752816196365	8.92441245599816	9.37974868106033	9.17776377436173	9.32764305821196	9.16580624601231
9.23798548293401	9.17407518055365	9.26428033536944	9.62669820664076	9.36943853837389	9.21581072138462	9.25950223103431
5.63382941697954	5.44013093836268	5.89860152716328	5.30563946703182	5.33969119497983	5.02271487167136	5.15933806910888
9.41581353866841	9.33975963084874	9.38388795288911	9.38900664892143	9.21730961569838	9.17141660202616	9.09485944552824
7.14539383993697	7.01499756134833	7.19914423673526	6.91928472245707	7.47424915396547	7.15270434176399	7.36751663122562
8.96047290618499	8.88965087269477	8.91909331290217	8.83448188142108	9.03228434473055	9.08523135579147	9.01438973319778
7.45704499394644	7.27904474015518	7.45176780886428	7.0495411084084	7.13909736392195	7.08127876416597	7.19886643329552
9.66147217204867	9.62871461149784	9.71128160451929	9.82920142308884	10.0401309131209	10.0730921827714	10.0251016591898
8.56005480390351	8.62871461149783	8.62867133128977	8.53237082409261	8.63548955804255	8.69044483256254	8.72849871370714
7.86722083726525	7.66467760086524	7.7463800255669	8.49665407385599	8.55811471411334	8.47538560557521	8.56016170916802
7.80851736444782	7.67240634278253	7.8363461533926	7.7314999356052	7.99386819043228	7.75141284985397	7.79676798972417
8.50712704068524	8.41884737999471	8.48944858413629	8.53051287787203	8.82577844561818	8.85806152144699	8.80658484808438
10.0030632266453	9.95342080965607	9.98189606523531	10.1473458938802	10.2002211219381	10.2553756284616	10.2465235490124
8.7728934547171	8.82466634924418	8.81515626980148	9.4304459227681	9.11498490780514	9.19218180197444	9.22387832130359
6.65302298221286	6.77527832228201	6.73651727893815	7.410380299714	7.02007326077967	7.19903764431183	7.17574582563049
9.47513167096048	9.54699224501418	9.48650930629606	9.72907183678652	9.50033838283414	9.67741226841019	9.55255324863154
9.0905260678956	9.03261925187683	9.15169222355992	8.89638432034699	9.10004863750027	8.84004576013916	9.03701817219404
8.2393971220299	8.36660683461605	8.1967483960946	8.04694399692236	7.43149950650613	7.99671966313842	7.817829605252
5.53613274309241	5.41578107694693	5.56384061722835	5.42245313201457	4.9611795717261	5.18621360395424	5.23286710453084
9.91283190738408	9.99715796769663	9.86931478005936	9.79865088943006	9.5521408130687	9.54017055303424	9.484092208075
9.73636757869198	9.70039601336624	9.73459166795798	9.6118384474627	9.71116070173157	9.63961023569781	9.67220115381109
9.62170246095062	9.68710502405427	9.5004987916601	9.66530965591074	8.95741765292991	9.36713760434581	9.14869082490937
9.09832654670379	9.14566934307971	9.12043226072121	8.72013368065526	8.68273451625477	8.72378860214562	8.76303713241162
6.04886691625839	6.13172116765001	5.91424065094087	4.65852049024809	4.37621707100495	4.69044483256254	4.54580641619095
9.17483381493373	9.23623165661622	9.21343632430429	7.76032277077096	7.65976849417925	7.61179348086475	7.55479519941821
9.31565345695329	9.42343464949037	9.01875816759938	8.35056021353279	7.68728417326054	8.10093431398518	7.8532349413832
7.95489850913781	8.00176640297919	7.59571113251538	6.7314999356052	6.21919590279327	6.39805224712995	6.0104746831944
9.15327846486034	9.2777786628112	8.99735077657867	8.57625846809361	7.91537588211298	8.40597480982326	8.17923762654658
6.77289345471709	6.80135897575211	6.72769342855114	5.86133737324778	5.41184098073567	5.39168272225422	5.25950223103431
9.00347868958288	9.05200459318543	8.89712663007703	9.11175229255046	8.50343762149302	8.84820977973146	8.72849871370714
8.98802631533925	9.03011500712223	8.96016585624502	8.78390959108857	8.45836611235882	8.41385410325284	8.56016170916802
9.16891960714982	9.27227945206789	9.17905626194506	9.28815204030298	8.82825234455114	8.94708627232954	8.95179877586679
10.3269844533821	10.4519663830298	10.1987452061586	10.2947346906929	9.83113320851975	10.1737386611801	10.0305890392688
9.92011213330024	10.0311172267116	9.91594093993071	10.3526648018577	10.0454564822576	10.1155022099736	10.0302668293198
5.92099209370623	6.23970384852302	5.95261246181339	5.63103975382599	4.89977902706196	5.30621338006487	5.04150157881502
7.92011213330025	8.02408702464407	7.84860709155959	6.7314999356052	5.93080592268259	6.07532949783478	5.87923014991614
9.6359746888111	9.7420001736321	9.56073871312888	10.0054104968454	9.51372059475488	9.7310597878978	9.67467717565608
7.04079361572271	7.13545388652634	7.0228214640948	5.98588247118609	5.5778509321746	5.700786776784	5.37768365738262
9.07874569453987	9.11763682174273	8.96345807129594	8.35896020838919	7.90291191654692	8.16302610640977	8.073127024068
9.44944143971245	9.52830376734432	9.36729492355116	9.54714887946389	9.22296109424982	9.46518449822994	9.36035683965276
7.78067080530881	7.80722121478477	7.70427072940975	6.99668922614267	6.62034301428868	6.62949548259821	6.62646407953618
7.2245055688951	7.40345027503621	7.17824689584199	6.32291745846366	5.72671431808908	5.81943127328262	5.6568377285797
8.88942006848259	9.04209593444867	8.80155570821263	8.98180897659966	8.51372059475488	8.64765128786154	8.52491717120674
9.35003645097895	9.48104537266046	9.22484730870413	9.38284127611572	8.88401171120364	9.29345737264042	9.08434457982076
8.91216824331922	9.01195496962471	8.69750808402279	7.8071169822499	7.18614593672638	7.63893812059555	7.49813998256064
9.66987216690508	9.71512551394722	9.63988480798297	9.62408699318422	9.24225956810178	9.28918018290543	9.31081066244099
8.37465420660139	8.49854163610243	8.14383686505616	7.69878436046182	7.03728255081189	7.08127876416597	6.98675861422058
9.48438836136719	9.54453778694587	9.42677082832766	9.99332080284994	9.32166090738286	9.54520112614439	9.50557657140242
9.70937223490866	9.80605067107683	9.62154396377141	10.1808984535912	9.60311088457634	9.86641164079269	9.79297441656573
7.93063639911404	7.85214708566628	8.00467411738453	6.62408699318422	6.8808374634085	6.80512343659873	6.94907413853025
8.15589712635623	8.34500800253355	8.08459766168148	7.00206239824152	6.4206111903634	6.87984278997844	6.72849871370714
10.0160931750944	10.093133373578	9.94929537535086	10.2107908279018	9.81459310140397	9.86008149683174	9.86086538250758
8.43688420160352	8.52297032304128	8.17986517424037	6.96402303722234	6.18357199306255	6.75637910274732	6.46800426458732
8.76163954452564	8.84475592249261	8.82553168338613	8.88915275111591	8.72317396038383	8.66624126488713	8.64173083618949
6.72935202802384	6.63466115317449	6.74309992932812	7.00741563273573	6.97016835495336	7.17883407358864	7.01308589665093
8.76360306308785	8.82061464536297	8.77235573176405	8.31646243632636	8.4689742119248	8.42012670026837	8.43527995872206
8.05449146545226	7.90886147666061	8.06546580150328	7.65169922439208	7.66899882023279	7.51694759621694	7.72372420838679
7.90595927874875	7.71294126668535	7.88179707838681	7.86723797468747	8.09868309547604	8.03298320712519	8.07687590891691
8.61546464957098	8.63003818502268	8.63753130821	8.6737514297974	8.86887144202386	8.68914686122813	8.75915369792439
8.98592540475844	9.05101678414931	9.02462370672878	9.06759114776513	8.92619421377677	8.93070424497266	8.86122773213673
9.18805279809389	9.10626950062896	9.12673867484686	9.17852754912848	9.11903174086784	9.02116829831522	9.00523803482825
8.86173181970827	8.88743899791749	8.85013240804446	9.11547537859318	9.14506303075834	9.02631710835156	9.01699387657794
8.95317896776513	9.08664069388003	8.97002004835685	8.99534280043516	9.02295576931279	9.00769475532045	8.96601930680174
9.45066070455653	9.46259161580112	9.42335939367852	9.1437042553268	9.25396132095395	9.20040491186722	9.22387832130359
9.58247475845248	9.58775100437427	9.61228535705089	9.67627435968703	9.72140051819261	9.74111564244324	9.64846454755469
7.43872868731083	7.4949140379103	7.61617523507509	7.10552571818558	7.01429090818567	6.84762816511327	7.00261256542142
9.47782522124359	9.36660683461604	9.43526428887041	9.27045003856952	9.64019042580836	9.54053046198981	9.75720805360942
9.28351330047992	9.15673159567612	9.27340412888233	9.0034025702291	9.25396132095395	9.18897122513323	9.1693221576815
8.70094361283808	8.82177343662277	8.67013597364193	9.20206306358927	8.80750572529654	8.92960546727988	8.8532349413832
8.64558913044202	8.57475058167408	8.56878983320009	8.62234355485617	8.74690447781216	8.80751795173912	8.65767238005851
9.47033068469666	9.44163924486796	9.40548871683983	9.1950426359115	9.57294213179098	9.53656651658366	9.47890689112232
9.10917684258153	9.21345639852761	9.19274646553711	9.13883439402469	9.053584363141	8.90130009805974	8.91387629272304
6.54300818918333	6.50793092357714	6.5004987916601	6.69215126812938	6.56604162988497	6.38528495105607	6.21028925655563
7.83490311699252	7.74627845055946	7.8094178259856	8.24121281734442	8.38632552447923	8.41070754793598	8.42453175767105
5.4313365530808	5.30744845515885	5.12043226072121	6.28815204030298	5.56208361631628	5.59940975640892	5.54580641619095
9.1446406710131	9.00483053519133	9.1124043572195	8.43641158960449	8.43149950650614	8.33139194306087	8.25288940796266
7.42266425106635	7.44314597611811	7.52489742014058	7.10552571818558	7.09320796540988	6.94001022134673	6.94907413853025
9.32432633187306	9.26888487393497	9.29185461055003	9.23095259601312	9.33563949109862	9.27713614720045	9.26115071154986
9.348402039293	9.33246098944288	9.40445093112846	9.2457495979412	9.6881923854661	9.63792936047459	9.62987068097943
7.90239926450335	7.87018100849655	7.95355880165768	7.725015902035	8.10957141161878	7.87071177822631	8.02607153824542
9.31431452874499	9.17905702366124	9.28171721917023	9.87238127796343	9.97352476214593	9.74486859068807	9.95009648063579
8.65725376249088	8.57749726511371	8.65508967959431	8.60125628480334	8.80750572529654	8.69303727717906	8.79373392963454
8.541864554529	8.59047307129669	8.54450041569799	8.07015138808369	8.58859185857222	8.41699381078341	8.48597316667377
9.32465886501753	9.28493845438406	9.39089134062688	9.07525827851678	9.30636301891377	9.16909079942525	9.19886643329552
7.21592658400631	7.30910197401137	7.29335040647551	6.4304459227681	6.23419806613252	6.31969660942849	6.24180022930085
8.60235907838045	8.5938684483426	8.6011564127764	8.09550696236059	8.14968599891014	8.03195965614867	8.27916075680478
8.35590504906809	8.40962884996534	8.32514051504362	8.085418144737	7.98206693819993	7.65098854366585	7.73957815958763
8.90329009197277	8.8298590184645	8.87930924359047	8.94322457454996	8.85032858494736	8.72695449115117	8.82602041200157
9.45856090775712	9.462963013677	9.51659687255549	9.38284127611572	9.4287851218091	9.46897110156093	9.40627267470812
9.59988847452902	9.60029773206304	9.6059794679692	9.56903594967537	9.79659841220158	9.85921613938849	9.7435145741468
8.80804177682495	8.74932661362216	8.838909122695	8.85392752110409	8.79996330011972	8.66360017482983	8.78840892211993
9.62143181184732	9.6197485874495	9.61348336006006	9.60567495607034	9.54112399768064	9.49520264313411	9.52811554632073
8.70043120116838	8.72351962578728	8.73045668364009	8.6568181950171	8.55014400300476	8.51328500211757	8.56105418988989
9.39949044414622	9.30372109400182	9.33534143156974	9.39514578601884	9.74428694753703	9.68329149564005	9.81969523985945
4.31832759125162	4.5279488171541	4.33316158470694	5.1973865763798	5.56998881440163	5.43568990449331	5.62304941512341
8.39569720346608	8.33205442468299	8.36053255622308	8.4164293443868	8.55910796375043	8.47989638061278	8.62304941512341
9.28145915436988	9.27185556634694	9.22445532526444	9.29144711986456	9.49775058834498	9.48139684360908	9.63623645851257
9.11264717844383	9.15994217251734	9.15663155520082	9.16780999643992	9.43799326859164	9.3458790326411	9.30496224999122
8.56061957002577	8.61340559313443	8.61677274804321	8.69048821890673	8.81500892358321	8.61521462318619	8.67426480033788
8.71318720859283	8.65885375112305	8.75183033443265	8.73473105686822	8.63925147683874	8.42403326924323	8.48503299391916
8.62521628667483	8.60265921167044	8.66725461650104	8.32291745846366	8.39525174036928	8.47010514724297	8.49253727633126
7.18841826865718	7.15213262767297	7.30377777792585	6.98044858513546	6.8616438981752	6.79309088110383	6.71893384967161
6.40390332295769	6.46407663398771	6.45310673707257	6.09047137246329	6.21416031289598	5.98513168886321	5.89630366327508
9.16112023280404	9.09385298205957	9.1553983067648	9.15821597909912	9.23606241492639	9.14751563404581	9.23510557672684
8.53900149536176	8.59454656588312	8.56817210891709	8.85689603046601	8.81417715933942	8.90968300973915	8.82898739513652
7.5746673445114	7.50649038921792	7.54261495033589	7.88770207724718	7.83564868964225	7.48439309606899	7.59020053554941
8.83209904411582	8.7590376812748	8.84197868776976	9.16780999643992	9.27345749657975	9.09946940097299	9.31821997093943
9.02778162184925	9.13125389799705	9.05976430889305	9.05083791302686	8.65698784113555	8.90073950157283	8.77462510668683
9.65540432257343	9.56786090744904	9.60477521494361	9.03781711127628	9.74428694753703	9.81586759495954	9.98110163183812
9.56146630488773	9.55954963122658	9.54009715730437	9.16661422758498	9.51883472645152	9.4079486711804	9.46323817158106
8.16632449780657	8.0851938994674	8.08718700435842	7.68548753784837	8.08081241863735	8.01133464382043	8.20344642139877
6.47513167096049	6.10531816855302	6.37896527432007	5.99668922614267	6.58956435273839	6.48738313867481	6.90195022641623
8.54014740093502	8.62340814099707	8.64047258352212	8.29034959600723	8.37396109706458	8.23861530191406	8.12595190061433
8.26665155647929	8.27904474015519	8.28284712005625	8.30997840275616	8.57588941584131	8.52570007022591	8.62987068097943
8.78695917587888	8.72908868926194	8.75780198753068	8.98588247118609	8.76164810819847	8.76933475785123	8.67591359484978
9.53354597970033	9.52439450384883	9.51210748672067	8.95296784871335	9.06761164954303	8.9771770921209	8.98609423703137
8.9112828827263	8.97023930297	8.90301719303789	8.68882325041162	8.71071383939537	8.76132831871905	8.78306418709132
8.74781957530109	8.71543727948942	8.77128269709883	8.75237401765546	8.96193077978311	8.94599990553055	9.03894133849646
9.41175004653743	9.41999556552359	9.46410573602183	9.80250527334408	9.76207947164641	9.72125087934372	9.68494843533664
12.4946946938108	12.5493113743459	12.4919748392664	13.1285078034213	12.5836585219102	12.8321660663827	12.747244245695
7.10414935175957	7.11858006796194	7.07593280055436	7.0495411084084	7.27103483431289	7.13565324982477	7.22387832130359
7.56231254308242	7.4934604407688	7.60176017718817	7.2389390658243	7.35349699450486	7.29431129100858	7.26827244066204
9.28419736642013	9.28409796788147	9.33061426022469	9.60655706862665	9.62698920260488	9.71711753535242	9.61189560664872
9.31565345695329	9.21389779214919	9.29894586936903	9.56359523282785	9.53709693284425	9.27020842660938	9.4665760892116
7.78164003278288	7.78124728007626	7.8281139196955	7.07525827851678	7.18871529633852	6.82653232965777	6.78459327577807
9.58553043408211	9.57852592472298	9.62511204895593	9.43740347348054	9.49826851871884	9.44417864010964	9.46609971640196
7.58691724091858	7.57130985731273	7.60417271126357	7.69547162642099	7.4763537422904	7.24569602798471	7.05929716177907
8.16632449780657	8.25179113082175	8.23850006070272	7.65511388880485	7.95817082185377	7.87984278997844	7.90476524202328
8.87586929533876	8.88466937709972	8.81098512113256	8.84647941452067	8.81334491527775	8.74393126848452	8.73721114504371
7.541864554529	7.58911267983249	7.53504835060875	7.34845255057079	7.26860809691835	7.226139788367	7.20573097459333
9.68962829961025	9.65658255639193	9.71714452422018	9.63277272105045	9.76896380342559	9.59109448819691	9.86593001423156
9.91039697846703	9.92647371110157	9.91763922740274	9.89132603052396	9.97091489832882	9.92630410418963	9.93054700348334
9.7893705002592	9.81858451832454	9.84555161203931	9.59593595287007	9.72892263788485	9.64229556926209	9.69270597653454
8.78212440245031	8.76266254509356	8.85925059525644	9.02599705847746	9.0704008143381	9.05380754216222	9.10100905006925
9.49329025123665	9.56509579871395	9.55170529136943	9.20904949390538	9.28790865287729	9.21941183412084	9.26936497766305
5.95575751186691	6.24662326246281	6.12715812390953	6.07015138808369	5.77538816482477	5.73641068651472	5.49440726368431
8.7650739502578	8.76024698146371	8.75942633940904	8.70867716522026	8.90603801753364	8.95790518347981	8.88423083097451
8.69272310603311	8.68901124988661	8.69863739526706	8.58344500868687	8.74253928525076	8.70528816901894	8.79069347531449
9.50800575051297	9.42914830068476	9.52139147663905	9.38695445079319	9.5709739254272	9.67479156825106	9.64173083618949
9.80756603237188	9.85129618912679	9.83762820718788	9.90501462549043	9.89073388745895	9.92050847786678	9.83564088136846
7.76605370923663	7.63861194078512	7.7862330385648	7.10552571818558	7.24658179058835	7.16582836376388	7.38979026023928
8.73686738643677	8.7529759284876	8.69241521528313	8.95435438898432	8.84870484246769	8.91191025069233	8.83711527601992
9.2333880932042	9.31898348552533	9.20352630429035	9.38592725598946	9.10141288823161	9.28531984007353	9.20915103555704
8.13253618435028	8.1363855591715	8.22445532526444	8.80250527334408	8.55712078018433	8.50887758003118	8.51666007053144
8.8948049395836	8.98789669811248	8.92778718277882	9.29582888493644	8.9559101344637	9.12225054522228	9.09362637276866
8.70758845559704	8.7420001736321	8.73596736658505	9.37146920329577	9.00921226814791	9.10288522035535	9.09424304088699
7.65513992322496	7.63992646938713	7.72547900748571	7.33574149882124	7.50755961012821	7.28746575009418	7.37768365738262
8.89435696720276	8.95130464493358	8.89466511260411	8.92777951662252	8.6836455961972	8.60079098680728	8.70769409856785
8.76409352545561	8.74749848872172	8.79259320334424	8.6118384474627	8.56900303025607	8.67872083543041	8.68166958155963
8.22236560058052	8.3140511899831	8.23227482972374	7.98316808648905	8.00703022330407	7.81705646609472	7.98941306766657
8.81894082223653	8.73402098480418	8.75726013023196	8.76349004984964	8.92619421377677	8.90186047679698	9.03058903926882
7.75819694351039	7.77168505755801	7.58963661810569	7.84946327295949	7.77880282923754	7.86841996671832	7.86629109420864
8.69014456193134	8.54699224501418	8.66667765386952	8.54346853297594	9.12508078554065	9.05934379366209	9.24346904966147
9.23303384027648	9.22401275080356	9.2577825589343	8.72013368065526	8.8808374634085	8.91357842783817	9.04341878180931
9.52864718028749	9.47737345660117	9.5372593779241	9.42445548492572	9.591021865953	9.56160772369653	9.68617608684248
4.6078342084466	4.93158155316069	4.69184822960442	4.65852049024809	5.40301713034866	4.97238319612122	5.32821498111833
9.4035885645751	9.42762687155257	9.50017499072935	9.46490291813953	9.52036543751384	9.39646250036756	9.48550315688271
9.3669254646841	9.39568965900746	9.30117799210552	9.48038470363276	9.45142878235319	9.2754073332837	9.37667017294271
8.69837973258113	8.59860859120636	8.72935201663291	8.57265172861288	8.82164583024327	8.83242329350194	8.76691014155883
9.0134140748985	8.95658924806185	9.03539013759785	8.82541779899284	8.87924771664611	8.80272494055022	8.75057316684556
8.57690234889471	8.56509579871395	8.6239236674712	8.33574149882124	8.42932840746451	8.65232128744736	8.60930935849711
7.88626958671704	7.72289951185515	7.90350698935592	7.34422796470907	7.3852058542322	7.10677913645983	7.16639282664283
9.64239143048297	9.66435466968518	9.68758871945121	9.58702489896268	9.62176977726063	9.83711880632349	9.53130684649584
9.7726497356455	9.79724118894591	9.82449749334838	9.78780350719306	9.7638036368243	9.69659429914229	9.67714895531421
9.435037354702	9.51044840278661	9.49628370033007	9.55995665576451	9.62129434636462	9.69044483256254	9.5272024481631
8.98844613057308	9.00534059177818	8.9718894299477	9.37871634109436	9.38912090423559	9.30790569115733	9.21483318170058
9.29136054365135	9.32062384390659	9.27491916713223	9.27822140425303	9.42388632239626	9.4742557046892	9.29855500759808
9.86516490225371	9.87688603237444	9.87930924359047	10.1080195736741	10.1116038539003	10.0027401719101	10.0497911200886
7.2230792761038	7.29080818947103	7.30970261188295	6.44629987396894	6.54212900994064	6.28918018290543	6.16873676711113
3.74930663439948	4.23970384852302	3.97887811650719	3.97499415504335	3.9611795717261	3.54878368333895	3.85614653680311
7.98970484379025	7.950775118394	8.0637138947417	7.71850259507633	7.93998534945698	7.87071177822631	7.86917648525222
8.82835178216261	8.71543727948942	8.78463860660193	8.38592725598946	8.36943853837388	8.29431129100858	8.28996751176136
9.57801855401104	9.46741234655097	9.48944858413629	8.85689603046601	9.55562859417898	9.55449733453334	9.70163658774748
8.9323830034931	8.92620437570624	8.9132681567747	8.29254380942014	8.71695735163513	8.55663413330593	8.72849871370714
8.77143052232111	8.7578273665722	8.80994044690814	8.48326913319917	8.62414458444853	8.43723703069079	8.46228306062867
9.54443645881874	9.57199865896864	9.54198591390086	8.78702556431043	9.06481708200407	9.13088085036572	9.09485944552824
8.46852618784992	8.40808668515693	8.51723707449229	8.36314193607316	8.43475004120656	8.27020842660938	8.25840219663798
8.69426802323328	8.71106641906491	8.67702784203909	8.52118708559993	8.67267447837619	8.48962161087081	8.57790725935797
8.76409352545561	8.7529759284876	8.81150717470833	8.49474952567063	8.73112758259174	8.65298719793271	8.60238994455732
7.46792418698957	7.44314597611811	7.392985744635	6.83146684366564	6.66531377342494	6.46934921584455	6.42158647925944
8.56906463828203	8.54909274775004	8.62273430628192	8.70867716522026	8.8446374728695	8.64631422099949	8.55030780842589
8.62521628667483	8.61407459154238	8.55451482495626	8.49665407385599	8.40412306757483	8.12417285735331	8.16521942678889
7.38871691914301	7.33854575190385	7.40687127088995	7.19269488105508	7.29508030827954	7.2099396738295	7.12595190061433
8.72078702445099	8.74016273542037	8.70988215243469	8.80558138333867	8.78305982566025	8.87528450801614	8.73563097507097
7.24292018859359	7.25007056408128	7.31854448863476	6.73795495774251	6.64300361169985	6.21535994961376	6.18272099654683
7.13784439811073	7.09577018505386	7.2570161870486	6.99129596737246	7.51166985519012	7.22792862311681	7.1475029326719
8.83443614982842	8.81538853565617	8.84453167912947	9.18916606957483	9.21668030487449	9.10823664967445	9.11930213168656
9.68367796643011	9.70417105705762	9.66378937454469	9.90357982175119	9.6703782896997	9.64831935688986	9.6123261976207
9.6284522395251	9.59013309367267	9.6301517778444	9.95157997458911	9.94986425849827	9.6878477210765	9.69026073011715
8.39189396301863	8.43635325869469	8.41032187057577	8.30346509579749	8.78984500002912	8.61521462318619	8.77385546407541
9.10065848962674	9.1072202057974	9.17703199468313	9.21946610985072	9.04581082219328	8.86152260677165	8.88280383279596
9.89189062959849	9.87604960658568	9.92561862197502	9.99601617036144	10.1667284828991	10.0810313672622	10.0899208184004
8.92626061462241	8.80487917686639	8.98027180044191	8.32291745846366	8.67817046613104	8.55092895517051	8.46609971640196
9.84907349055499	9.86709742713226	9.88898763313383	10.0553675715074	10.0265508248509	9.99645733110008	9.93778029925124
8.40579043250195	8.43483941276261	8.42677082832766	7.84348937191486	8.21668030487449	8.13755779801012	8.03894133849646
8.94021666097113	8.90995153718915	8.97375639240933	8.59948501995114	8.7035451536349	8.68068146319431	8.77308541065927
8.96389262936458	8.97389235801865	8.98027180044191	8.48902074895356	8.51781334938877	8.44032631461403	8.3155781554404
9.16483947961998	9.1777000443724	9.15991507306973	9.11175229255046	9.20149390105981	9.09212244039531	9.0806150774227
7.67196454586631	7.67240634278253	7.73871483464239	7.11547537859318	7.09320796540988	7.01029561241729	6.94907413853025
9.45309614728031	9.47147888235031	9.39612166070318	9.41542292994705	9.54614207244726	9.52860580140132	9.53585363576475
7.13481352506135	6.93586891156379	7.24160263187886	6.81934328458315	7.10413752556815	6.93344753357427	7.2011582448035
9.74955432862979	9.75964245807716	9.74638002556689	10.0213740903256	10.0979998394647	10.0355389120289	9.95858794152943
9.06049353363323	8.96500455469814	9.02687334860187	9.14855773354901	9.23668332952212	9.2479016468838	9.19196907334885
7.55439494948514	7.58365824974038	7.6089857100257	7.58165172686383	7.66531377342494	7.71616200267092	7.66350145886071
8.34283114862406	8.35464742619547	8.34402803106469	8.62756756191918	8.79744037023008	8.67806670028392	8.73008671061033
8.48051375196637	8.46481857025548	8.50244007256421	8.55448152569836	8.8808374634085	8.74830023798663	8.74115401451317
7.5968630906256	7.54348459670012	7.52617019926229	7.95296784871335	8.0945786971433	7.86036983400486	8.07062234454846
8.69529704969694	8.65950200772389	8.76590551964438	8.72013368065526	8.83564868964225	8.73137509661742	8.79373392963454
8.98886582367884	8.87632846906667	8.9788781165072	8.53051287787203	8.92619421377677	8.74142876128135	8.91317748183948
8.63275558362823	8.60602606276884	8.62451798057575	8.64312703612472	8.70623758684103	8.58273101526229	8.65516697559518
5.40138333097917	5.57818311967423	5.57863761915643	4.54530987980011	4.59344778722562	4.28574927750516	4.50186306860336
8.678223536338	8.60871389780971	8.60838496255048	8.43641158960449	8.70802975482416	8.58063254937829	8.55300191759516
9.16409639691445	9.1658857827403	9.17743707542169	8.80404414820028	9.23046212522508	9.25712859956539	9.28996751176136
8.53383362700282	8.44163924486796	8.5706414206725	7.74117167042604	7.98797963106982	7.82771244836642	7.98143501024304
5.70911754428378	5.87465448507585	5.68274602249717	5.53051287787203	5.46367991225529	5.43568990449331	5.28565451889028
7.49181041210712	7.44013093836268	7.62094842401439	7.04434220173409	7.34200135566703	7.41070754793598	7.35933110548877
9.83840056122875	9.85724195278905	9.78994654136386	9.68381678486385	9.81542462594623	9.85950464954661	9.83453409570551
6.5106386733502	6.57268713191938	6.60778396481595	5.42245313201457	5.39413897900221	5.20812838038268	5.24180022930085
9.73010532803619	9.75236835002384	9.76832772996395	10.0358538153858	9.86164389817519	9.85343378679448	9.87133674775851
8.84791720689857	8.92026623993286	8.85064048871211	9.12042459456491	8.99680348145683	8.91413405851744	8.92084584753787
9.20187600307862	9.23710048834431	9.23694626944764	9.52399115847664	9.42932840746451	9.40043358749052	9.40974486661492
8.25134061156889	8.27566606170022	8.25087051197925	7.93341505129195	7.94303222501585	7.72758683612772	7.76148501279888
8.99848522036623	8.94812456640669	8.98906733731973	8.62756756191918	9.16803114216678	9.174202624857	9.32978682987475
9.38808066994157	9.32594216427258	9.36124587887835	9.46781843622349	9.51576842340374	9.58028250811953	9.57658388818349
8.92055218059384	8.93319080602235	8.93019287791836	8.76507108566912	8.71160742569887	8.56160772369653	8.70446659153745
7.46189032189601	7.40962884996533	7.48748973109824	7.61008013519034	7.44015137675905	6.60767737239251	6.54580641619095
9.42669716102111	9.43710958638744	9.48061272435083	9.470728074267	9.62414458444853	9.50076216847601	9.62304941512341
9.8208279317808	9.78124728007626	9.83711552237762	9.79168694168029	9.79659841220158	9.78551925124988	9.86231423529406
10.191521036087	10.2453283977169	10.1344788103579	9.9341179477935	9.84707927041865	9.7677985048673	9.85941507322143
9.38106334659958	9.33246098944288	9.42028219014951	9.42345465585965	9.650478732262	9.46934921584455	9.61361719998057
9.43257120873244	9.35344601457221	9.39925077516471	9.20322982066127	9.61414401763121	9.61042274913134	9.66516259323063
8.80851736444782	8.78362796550244	8.88229413094673	8.95157997458911	8.84382262108795	8.80751795173912	8.70446659153745
8.68756140091733	8.70793624851416	8.78835621045777	9.1437042553268	9.31814499571367	9.14893258787478	9.0605599146307
7.12415504356262	7.03311957962276	7.1388534575419	6.86133737324779	6.61653140033866	5.64831935688987	5.96264615810378
8.68238116181165	8.58911267983249	8.61497946622015	8.62059800710434	9.20720755225421	9.05833878140208	9.21028925655563
9.53641987515444	9.58399975643884	9.57433748172281	9.74678371711724	9.64347194315694	9.65398548770214	9.61533674135326
8.85345893602077	8.81480668646865	8.91618367485867	8.93902865775548	9.10957141161878	8.97184955637373	9.02218810375819
8.99931866639801	9.04209593444867	8.98398172223143	9.42445548492572	9.26496031990321	9.34340584053675	9.1599272849802
9.47543120278776	9.39879891676458	9.39959803597777	8.99534280043516	9.15034521529853	9.18114423427584	9.37616316361017
8.69735290332718	8.72847096497895	8.73431637074488	8.97499415504335	8.99019065838517	8.94545641520923	9.02607153824541
6.36821646704397	6.28073111678308	6.35910485195923	6.11050912569983	5.89977902706196	5.53150569190711	5.62304941512341
8.80709013098511	8.76447156732543	8.8363461533926	8.94182729110815	9.11633511383808	8.99409419373159	9.00064032308982
9.5421505481945	9.58706968438952	9.56538907185901	9.42845187263601	9.62698920260488	9.730428963646	9.55255324863154
7.59245117574722	7.58638804249595	7.61258495107977	7.36939188826316	7.86003284826921	7.68394326662059	7.92985622298611
4.89972347695258	4.81538853565617	4.79681778920596	5.32291745846366	5.15232105907811	5.43568990449331	5.10162257125259
9.57996983733163	9.55328460069686	9.55076756300305	9.6576695937086	9.71250045886938	9.64430629438324	9.62987068097943
7.49535947918819	7.57268713191938	7.52871239382475	7.3982055857679	7.30695440856783	7.37724763199065	7.41961961455004
7.82365397585956	7.80253333075459	7.888740278647	7.91359361037921	7.89506689971264	7.74767690894653	7.84739406279414
8.69581128782068	8.64255193879395	8.69524680606629	8.8071169822499	9.0945786971433	8.9508821269103	9.00261256542142
7.99890200356742	7.88244984582981	7.90644228038046	7.60302537765639	7.91692633367638	7.76009260554638	7.72212918883141
7.7111538114403	7.61607972743276	7.70202003466171	6.62408699318422	7.08219497268747	7.04114557707855	7.06182156319462
9.41612564143673	9.50865065172421	9.45811667974196	9.22866260340392	9.17258120914457	9.1130844198302	9.02218810375819
9.51938054037763	9.49164138234991	9.4969329780372	9.77373594679625	9.74646855243012	9.60354948676984	9.60195637729909
8.59189873651363	8.59725585314111	8.66263244181157	8.66700196700319	8.8454518646726	8.71679909477263	8.84739406279414
8.37015080705338	8.3610381123525	8.36622928639261	8.29034959600723	8.49619568065982	8.59039938096068	8.42355066613995
8.94151814508365	8.97023930297	8.93690756110751	8.83146684366564	8.77538816482477	8.76749105786754	8.65098160845643
8.11418687447139	8.04209593444867	8.11874588409333	8.01274907703877	8.06131624301155	7.93782597408485	7.74900757250756
7.75819694351039	7.65950200772389	7.66783134848589	6.87896726726958	7.27587609738239	6.72125087934372	7.15461565886648
7.76016514987417	7.68392237321381	7.66436749318232	7.58881151843669	8.17323004884109	8.21806246999358	8.32611651523433
9.37850310628101	9.35063882389187	9.40410483659858	9.4433404984884	9.46261871688498	9.44340899749822	9.39029250394875
8.66725241851699	8.62540035540924	8.69071358932503	8.33786779992963	8.67267447837619	8.4648052906996	8.31874775402229
4.82647449492194	4.87018100849655	4.71881527720469	5.725015902035	5.86164389817519	5.37240365975934	5.73484024058097
8.8497668161787	8.79783016427186	8.81150717470833	8.61710056286812	9.08908793869485	8.99776851454113	9.00785873498739
9.18182559134675	9.16998629248577	9.1553983067648	9.16182121639608	9.18099344896078	9.06034810629637	9.06559990243205
8.29543787573189	8.2001514006845	8.30080621139456	8.68046946308174	8.8413753006692	8.93454339009555	8.74194129695611
9.41986561771368	9.4551435092177	9.40029230694444	9.53793034943451	9.4578336543196	9.31044044151517	9.27970302143845
10.0630866951377	10.0642954755059	10.0724522318194	10.0100848195117	9.86043577943811	9.92409899097333	9.85141220577638
8.84467467373516	8.95183397718714	8.9152124900082	8.79633330653665	8.75038714707345	8.78400014503298	8.83416497838461
7.99389264075368	8.04408311801477	8.01377632449178	7.74117167042604	8.0041156868767	7.65896660108938	7.70930514847383
8.36239783698857	8.26463038827757	8.38178028992712	7.87604387206281	8.3523515438366	8.30790569115733	8.48315080834118
7.21161788481296	7.16679801485472	7.25394662197384	6.74438122690193	6.66531377342494	6.59940975640891	6.58845075359945
8.67614022183751	8.62473658956321	8.66667765386952	8.31214298686948	8.864057104828	8.66755999901998	8.7914541898277
8.84513833918698	8.89516576871035	8.82501468103662	9.56631815601595	9.30695440856783	9.23950229551156	9.12715766335973
9.243272022528	9.26377798350188	9.23461244034733	9.65937088522756	9.59732079637282	9.60320496257934	9.47465045290352
9.63811677538264	9.68041332881945	9.67845951332943	9.59682403848808	9.65280678673021	9.46138793014186	9.55210444009132
7.74434379826753	7.59454656588312	7.72326118223588	7.62756756191918	7.83564868964225	7.71998034201731	7.75057316684556
8.69837973258113	8.72165848378646	8.7381657594537	8.89638432034699	8.89585332384816	8.92520196888707	9.03444995604474
7.98129260397404	7.90120790411717	7.94976971204457	7.56359523282785	7.73903759653921	7.63084822066346	7.66516259323063
6.10259890019618	6.1939001589099	6.24315141897435	6.3900316543222	6.67634079557397	6.90465911014965	6.72212918883141
8.66725241851699	8.69154897268851	8.7310087001155	8.97225918732211	8.92079518834379	8.78278370732104	8.82379116349072
7.53842820108007	7.57406309295919	7.55014207197184	7.29692224993071	7.03728255081189	7.05934379366209	7.0542350687228
8.76163954452564	8.6620921251896	8.7326634833681	8.62234355485617	8.79659841220158	8.71998034201731	8.83194828902525
8.68652684006921	8.61206666492614	8.65101179871001	8.46781843622349	8.77794992052757	8.77912822806579	8.76613637107051
8.44241059923923	8.30330634768852	8.36977835347368	8.07015138808369	8.61462181033003	8.50445665203375	8.62390383921761
9.05809570198835	8.99304918587809	9.1388534575419	8.80250527334408	9.11295722645816	8.89793324696134	9.11140359204517
9.40484718628275	9.45065611822539	9.42028219014951	9.7020895051855	9.48264914882188	9.42792928846456	9.45605937899023
9.44638876180478	9.51260275118229	9.46277698157295	9.76269888172403	9.60166553961569	9.58412829870409	9.53676127658794
8.88762063570689	8.79724118894591	8.90644228038046	8.83899265645865	8.99313343358376	9.04063677966862	8.95043710040856
7.41893153219002	7.17950906660427	7.27378303762801	7.38181114751723	7.55413486320079	7.13565324982477	7.33657845405295
5.22450556889509	5.32716668977336	5.1927464655371	5.45416199174191	6.19894721894947	5.76132831871905	5.5672861436014
8.28931754820838	8.23449242187768	8.2353908029456	8.52305707295298	8.78984500002912	8.84063043898845	8.83711527601992
3.94195171234188	4.21168947235342	4.17338114067017	4.73795495774251	4.26374234174654	4.22971524259083	4.03123324336119
8.73085823491988	8.72908868926194	8.69807285014505	8.94601508807159	8.79659841220158	8.67216609884423	8.68740269457477
9.40327373750546	9.34943406804659	9.4092875569641	9.35581593898428	9.5709739254272	9.51658175494685	9.53176217079846
9.3845762748322	9.4759020693845	9.09535606381775	9.65340756685444	9.06271759818816	9.39566696958319	9.29587690205664
8.87177911922755	8.82524423631014	8.87631816779712	9.04434220173409	9.18228329709398	9.00038731184922	8.97809775443873
9.15739137303656	9.15581297416092	9.20710175851417	9.16541746680222	9.11498490780514	9.05934379366209	9.10652137066543
6.44118433903715	6.41884737999471	6.36480721132341	6.41441581294916	6.19894721894947	5.82889160253169	5.89063491318839
6.47752618610087	6.58092328201914	6.47699735728059	5.94182729110815	5.71962489330276	5.7906722803012	5.6568377285797
9.3931628241742	9.43028832053143	9.3926368883787	9.4383946758836	9.41348946125122	9.46934921584455	9.40627267470812
7.6635767603736	7.56717012695182	7.66321102414974	7.21600225454714	7.6560597645253	7.66821891432757	7.59194819783567
9.71089943516513	9.73248145308099	9.71519286380346	9.72663964451467	9.62366993563988	9.53114352420322	9.69433384135142
9.12682705525016	9.0827793465341	9.09920953260763	9.4254556201761	9.69362968476982	9.61453104343358	9.70001694677929
8.60728762952705	8.51439558730327	8.64340787454667	8.91501849448603	9.11498490780514	9.17837159721319	9.11808978284136
9.20549178201613	9.17724743415978	9.24585780199667	8.9872377507981	9.410190614446	9.32011593657601	9.38777953511813
9.2879539422081	9.13031890441871	9.27567609004618	8.79168694168029	9.20403609562227	9.21084446849127	9.41765006470027
9.60290752736667	9.55223777875647	9.57802409797309	9.30781056607345	9.51372059475488	9.52278847480601	9.65767238005851
8.4521833379864	8.3933533102525	8.45243742829653	8.57625846809361	8.79069090743588	8.76564499870217	8.78917084188461
8.98087070163418	8.97961424958249	9.02597391276172	8.61885034481807	8.59053619180571	8.53512237728301	8.60238994455732
8.80184482841323	8.63400163543002	8.75183033443265	8.62059800710434	8.69724319959792	8.59109448819692	8.63157096996927
9.71191667126642	9.6073706062407	9.67042379310241	9.85318443839856	10.0225957705484	10.0035236066515	9.95145847747133
9.34184581332733	9.30206139288016	9.34835179566235	9.11423541715812	9.29508030827954	9.24966371738179	9.2506783806473
8.73085823491988	8.67176386001044	8.70707916915372	8.60655706862665	9.13976143529887	9.12465303543758	9.2244417640137
8.59851408646577	8.66079764772196	8.61557747453582	8.89638432034699	8.91615131617674	8.87299995482158	8.91387629272304
7.28863590631481	7.28913355777877	7.38879389168817	6.73795495774251	6.97612991319208	6.74642944233971	6.68330993994088
9.39791113907237	9.34541093370246	9.41135544318659	9.43938519774941	9.60262926379373	9.56196232491275	9.58669884683785
8.66882483833575	8.73648082349198	8.69920171956172	8.84498516784034	8.72140051819262	8.65498308717087	8.61017195645458
8.29611631216146	8.32635045493355	8.32367733536356	7.52305707295298	7.78730429780355	7.61316291147625	7.69636609276633
8.91083999859669	8.92242839101704	8.98351850339911	9.29692224993071	9.30517951184093	9.34670248873702	9.25950223103431
4.49889983689343	4.75843265084409	4.81359350195679	4.76349004984964	4.6836455961972	4.54878368333895	4.36138184505352
9.13367530406275	9.14010624476923	9.18026946036909	9.27932818991597	9.24164104931808	9.36875997734882	9.24735547313402
8.34020209087438	8.29248087956088	8.32952117136758	7.96402303722235	7.98945402572128	7.87414268362659	7.9089774933102
9.40012168241526	9.3078620125763	9.37790822576315	9.88115593273241	10.0315688996175	9.89258627784907	10.0712489222091
8.65936450908668	8.75600998857723	8.65915606653697	8.89926682888011	8.2002211219381	8.59456500957437	8.48126616399624
8.78744176328625	8.81829426683158	8.82966104589298	8.79478618033918	8.71071383939537	8.74767690894653	8.69066855910669
5.97283102522585	5.91864249745319	6.04785025858631	6.16900477500998	6.02007326077967	5.80512343659874	5.5672861436014
7.76801123333735	7.76928456608757	7.76266956679412	7.05988305262986	7.29746295959053	7.19355557929541	7.29641292102654
8.77532838363415	8.77707160410506	8.81931539352063	9.11299438908943	8.93693202547943	8.64765128786154	8.68658507197375
8.84002980481341	8.74993547416755	8.77020886374751	9.0047414984374	9.06761164954303	8.91967862737459	9.02865469925942
9.64078991870975	9.63729621334246	9.54575602503825	9.35791287981986	9.33273843433807	9.48027164268822	9.33135696793021
13.5097067292885	13.522792201547	13.5074027143877	13.4932598460049	13.3650792437884	13.4080966019717	13.4858556785805
13.0347088532617	13.0969671444197	13.0314461673113	13.3802645741611	12.9457404415674	13.2134425967384	13.1146365873865
8.87086861428039	8.91755898629382	8.87881116140327	8.82693243959484	8.6772559209081	8.51841003429543	8.60325668837485
8.66987216690508	8.68328499964882	8.72769342855115	8.96264576261571	9.01066513336726	9.1019100969381	9.02089129913973
6.34742050277194	6.42800737928019	6.15704240385543	6.3484525505708	6.80583303520668	7.02477439384966	7.05676833546833
8.46671943114429	8.38161447379574	8.48421905402095	8.30781056607345	8.74777593361691	8.74455621761315	8.67178807004567
9.29713336898249	9.25265064531896	9.3393292831979	9.80865094841343	9.90837815598816	10.0082153019762	9.86520758304927
8.81231643192528	8.78065149438087	8.84402144215125	8.75077899810009	8.70802975482416	8.85285427482007	8.69636609276633
9.24643467276983	9.13031890441871	9.22210118543142	9.09047137246329	9.40412306757483	9.34010164203341	9.4641926506373
7.94021666097113	7.89130755617736	7.96580506228189	7.725015902035	7.92773308863296	7.83946084424188	7.79069347531448
9.53066634792414	9.45477009261386	9.48290870421162	8.98044858513546	9.32048988861655	9.24966371738179	9.24513594186411
8.95145737443328	8.94706298060391	8.89614252700961	8.70703306812963	8.71962489330276	8.6878477210765	8.47654375375384
7.34085980460398	7.39568965900746	7.38037346871288	6.38181114751723	5.78899859634342	6.01029561241729	6.04150157881502
9.60345576793603	9.67079959905828	9.69722561803248	9.44826942381871	9.55114275350563	9.39924340864599	9.40129785929282
8.77775920988891	8.75600998857723	8.78463860660193	8.53977877382688	8.78390971967062	8.86440051524821	8.68494843533664
8.77143052232111	8.87632846906667	8.85013240804446	9.29801478693173	8.91304707605301	9.06785824840365	8.88423083097451
8.75375863702996	8.70605488110011	8.77128269709883	8.82541779899284	8.93540293679268	8.78034775057365	8.79297441656573
9.26283902682516	9.27270321328136	9.24315141897435	8.99264617340539	9.13310692607956	9.1101777129217	9.13197066212186
9.73886488767783	9.6438628839463	9.69666052008523	9.65511388880485	9.94721119974818	10.0520415429409	10.0205669157677
8.99806831672487	8.97493439131848	9.02056549015442	8.91644197268824	9.20149390105981	9.15974991188385	9.18677432664085
5.54985102434019	5.77288380714163	5.55389095682075	6.69215126812938	6.53002240708398	6.67741226841019	6.41370288018361
8.6922077657737	8.77288380714163	8.7299044558665	8.6482764587513	8.63454754361737	8.68914686122813	8.484092208075
8.49713074404038	8.46184853309559	8.53504835060875	8.59237813345689	8.67175644141178	8.66360017482983	8.62901978443993
8.23303384027648	8.29998407784755	8.31118002628845	8.19034329937568	8.44015137675905	8.20086037991864	8.08806446595787
9.09326103561684	9.10959423141273	9.08157087643032	8.77765738177623	8.81916056685368	8.80751795173912	8.82230308183131
7.81799634099763	7.87800051295585	7.89761842999346	7.36939188826316	7.75472869425868	7.3610374048094	7.50372101482394
6.68859522041043	6.77048531109311	6.70314582093881	6.46198149620121	6.10413752556815	6.14893258787478	6.04150157881502
7.76605370923663	7.85893625132892	7.85571147825953	6.59593595287007	6.4249763829248	6.56302560591473	6.41370288018361
9.03063804062601	9.04854429846979	9.04341255886804	9.04824313707399	8.86967227193112	8.83301106904109	8.81334221425969
9.43934299221298	9.4146295310237	9.41445172561222	9.56541108585662	9.61462181033003	9.55307104174205	9.50279234080353
6.58802572736642	6.4551435092177	6.57125808879083	6.31430432815895	6.75472869425868	6.31969660942849	6.63326925744129
8.81799634099763	8.80780613068205	8.81463553525662	8.92212188176059	9.01573867051578	8.78703675958469	8.87564759272158
9.13253618435028	9.04457948651817	9.08243632039201	8.96402303722235	9.17646987737734	9.25493705267444	9.18272099654683
8.72078702445099	8.6484418337372	8.63812004318691	8.74598333149843	8.81251219084431	8.94979861575093	8.79069347531449
7.74633098183363	7.57681108434411	7.70988215243468	7.50045564401585	7.58371953026373	7.56444209600485	7.54400191934421
9.39062398490767	9.44915721415197	9.3687145497822	9.55448152569836	9.39525174036928	9.28918018290543	9.29050573039879
8.74085962707738	8.79783016427186	8.7326634833681	9.24461673958626	8.89585332384816	8.90633568795703	8.84152944073092
9.12224342934245	9.16725391469763	9.15169222355992	8.94601508807159	9.12373874354537	9.14088471936133	9.1925451144988
8.07123472928684	8.07064559089824	8.15127984824172	8.25252813057226	8.40633240191302	8.23683967702421	8.04533344040605
9.31565345695329	9.29373412565755	9.3207465165986	9.44136420360279	9.44176784195996	9.50777361744124	9.47417673920992
9.75004958954811	9.7581300404516	9.7326634833681	9.52585751713393	9.58274308688238	9.55271424811073	9.58582209503883
8.60071247933442	8.4905488453489	8.54575602503825	8.12535689010715	8.49411986009898	8.45414680920088	8.45653907809386
7.47513167096049	7.42343464949037	7.41788426361237	6.18798787837755	6.02583253006836	5.83359860520921	6.01569239246542
7.8889704206557	7.88022689463363	7.86479458302197	7.62408699318422	7.73903759653921	7.67347943078826	7.752137064062
7.51647246634139	7.51797458948829	7.61617523507509	6.87896726726958	7.123067254103	6.94436881995162	6.97341258897286
7.80566148418651	7.8118939153583	7.87482030120724	6.76349004984965	6.81584020856207	6.56302560591473	6.59543718391555
9.1744648863955	9.14196299539989	9.14425137304375	9.44826942381871	9.47372252682296	9.43103854622169	9.39580567565705
8.8297581462456	8.77886265963105	8.87781448085179	8.86429069063713	8.94074767182129	8.81824435833218	8.82304731452302
9.24818870950977	9.09241340598048	9.25164015459067	8.88915275111591	9.31403223980837	9.16722745394066	9.27535918664492
9.49772068272817	9.50757092481273	9.55700760318489	9.51368280318783	9.46738796103285	9.34670248873702	9.38173049044533
9.34151721862351	9.32635045493355	9.36551842407673	9.06502635590583	9.3812801510184	9.26150173125848	9.32873912101179
