LL20_1	LL20_2	LL20_3	LDZT8_1	LDZT8_2	LDZT16_1	LDZT16_2
8.70854515081336	8.73595934729708	8.74137095343986	8.32658218254969	8.38279170802623	8.40301992198365	8.34964095464582
8.56787011759696	8.482974593386	8.59473003931859	8.14567845297397	8.3499025276016	8.40505852960863	8.51427988486585
9.3761856709379	9.42139862951459	9.41582802842977	9.1768863526782	9.21986227780381	9.05318401583422	9.03817459428637
9.72986679950775	9.7659498625679	9.74965236663002	9.97837247783479	9.82750021933422	9.72380556216859	9.76683950573836
8.95043811512406	8.92054699714057	8.97614986712136	8.91855389198927	9.12371505844092	9.05777532819573	9.19935083593992
8.63786469144279	8.69063355563546	8.62591419323655	8.86151682242737	8.41915853322543	8.49674263695394	8.45383768337531
8.70458578795981	8.68410954885134	8.69499654263298	8.68984627749622	8.69974532101048	8.74444056792554	8.73053173521627
6.92035902803203	6.76087116580362	6.82613835726871	6.51170722713862	6.90591525774637	6.26052853497592	6.59550402496026
9.59571016682213	9.57111625252912	9.6168758153125	9.46277979616379	9.67724314743236	9.61690338764858	9.7031231547751
6.8314766669936	6.93316188070592	6.91381543670851	6.62414168399844	6.39906996113035	6.34277704476898	6.22889730884758
9.37908731515978	9.46217774058296	9.3646363521121	9.31394452063142	9.12038165951702	9.27819883296704	9.15067451580152
7.17694439976631	7.38149404979582	7.18479114146753	7.64012431003371	7.2568187314216	7.32326654015402	7.2980964386866
5.37084574695823	5.2197513079088	5.14234936639279	5.41791012053101	5.34946797523475	5.56001647469571	5.2608427153748
7.92487680390139	8.00196015783235	7.88313676265333	7.78722764793145	7.53636886356911	7.61910864387084	7.51807687599403
8.59169459706773	8.49179019606173	8.55311131732112	8.63997676835204	8.69077347122414	8.51679737041604	8.66977270638084
7.75801622575401	7.80933117189248	7.75148877774463	8.07072436685115	7.79770780268346	7.67483923301991	7.75810523078351
8.68809302288248	8.68546169669743	8.68395734984383	8.78717517209955	8.88313510339034	8.75582481454073	8.72258640039933
9.09682426193462	9.09553287757712	9.14652453667365	9.55538188314835	9.39420010096516	9.29079787840771	9.34302991031434
9.38949864326106	9.49670101339284	9.42504103330545	9.39224730966189	9.21443453926729	9.31297341122176	9.19032133004339
7.8914479149919	7.96830370194703	7.8796968963807	7.46594949964682	7.68325711072479	7.71908639197006	7.76649018491927
8.08296294108671	8.1082359546735	8.17858432043957	8.20777442829531	8.23443478854017	8.2147663839868	8.17713224877962
8.87506243847426	8.90056358775007	8.89312545132892	9.26438947575178	9.31370692153039	9.34541541300539	9.09844453405213
9.30893723698966	9.28961271630524	9.36273985933154	9.68793582573995	9.51020621326794	9.50739590002616	9.32421726225902
8.97404762949735	8.9487128746759	8.99434668092445	8.78146429651885	8.79749740995699	8.78377226977451	8.8004991745482
8.17168872840097	8.07151807275195	8.18420451370675	8.09103208151689	8.12858507643116	7.96035150125188	8.10935939675156
8.02343393998227	7.98088194184371	8.0642745276487	8.31871771642365	8.65387994525962	8.61348140234526	8.59143407578751
8.62591488279446	8.69128606893933	8.678373182493	8.8994323048753	8.58839547572428	8.67790369470553	8.66776036363736
9.02197211027877	8.98319177291897	9.09041975747399	9.25430801530437	9.52042252755708	9.42082496822287	9.5248848705801
9.04138906095922	9.05999977737413	9.0477763020708	8.56695751438686	8.62759619634657	8.52274797715417	8.64673901541572
8.28087600663013	8.30092744614888	8.28163714933799	8.33394893214773	8.51920115699761	8.72218285813737	8.83220835143702
9.30038538788965	9.21102953456882	9.27984131809879	8.86471915457718	9.02145214825221	9.00840801279694	9.108218278985
4.51767155312416	4.24390921817529	4.307581280713	4.31646885047223	4.60236790533878	4.75534229768158	5.09127686293061
9.95171662161718	9.89360002126993	9.96238696046177	9.68087910805839	9.81731679806994	9.95212383419937	9.92592298907072
9.09928784994566	9.06166739285329	9.1296702250751	8.91478067103779	9.05729107138889	8.83243999969459	8.94200639768736
9.08266802190378	8.9580666996255	9.04346557419527	8.79600665672352	9.06334269653802	9.07648824578635	9.04519477577178
9.09635347099528	9.007645969158	9.01467652321783	8.82825231173571	9.42660798183715	9.20730983318835	9.30329419117827
3.9876123262287	3.93915507314113	3.95405333323757	3.96486790685835	4.02100540887426	3.96603703990322	4.0384205760879
6.47985316068029	6.50784257276414	6.34618175972153	6.37014683446003	6.69653822328127	6.69473319060381	6.57114675644947
9.29341751375162	9.36284072096488	9.28431204430248	8.96855814475118	8.82730887363047	8.80034472795807	8.80435445177686
7.60778292832714	7.5850596111168	7.58108110643071	7.78254603344314	7.65008027531831	7.70620867060741	7.79566283166665
9.81144441469504	9.76901749944023	9.79637333667046	9.647280212972	9.81356194608052	9.82518751752814	9.87168509311864
8.92388273164235	8.90214558689209	8.90108249658996	8.31872190264536	8.61094667260635	8.58548618334155	8.62809601338126
9.58815205571933	9.60990232488631	9.50820463463402	9.64858785368042	9.59276373781306	9.49130633491114	9.45375081655011
9.12768169456298	9.15335525939489	9.08848354270716	9.08587937752445	8.96694615414471	8.8522426424211	8.75380628399555
9.66612969010381	9.72976773344807	9.6551297829495	9.48234951514134	9.31098342724546	9.26822296138154	9.24899989586641
9.6382468332933	9.63774216798939	9.6229377050537	9.69536063476115	9.76333551810681	9.69498212673318	9.71392718227662
4.92273982928492	4.93045389677858	4.8985208769982	5.1002454663303	5.33168997850656	5.32699022025639	5.55847999843698
6.06607248356547	5.83543448665311	5.9310584332819	6.03465489797205	6.11852326499218	5.7673212768527	6.28548594131171
6.18276662122974	6.00707351494814	6.04460012467563	6.17903831638715	6.48422010112257	6.27480859037805	6.55599853296044
9.57534926569116	9.48313630140851	9.55027484973579	9.65002693573462	9.79857973902532	9.75682471820803	9.74194606799566
6.68456708166661	6.79852729397243	6.72130735850283	6.31205770101114	6.04940298763984	6.24549871117538	5.97724337019825
8.92768009797165	8.89229472510373	8.81763702951245	8.68982747722605	8.70775167488336	8.68065742382559	8.76378803235726
8.86648907365704	8.82778922534903	8.93667842426935	8.63003870305432	9.12550138519051	9.20113119631425	9.24449852511755
8.0659618917086	8.09643982226519	8.11555876606597	7.58698331887971	7.72844223399048	7.708219198562	7.70089291050888
7.26578543367247	7.22224752223927	7.34751773570128	7.24895279600153	7.04433303955324	7.08130007786403	6.79355145342835
9.09481211180721	9.04005575311648	9.10064551118117	8.80883884541441	9.10452983351018	8.88718958069536	8.96856765185433
5.90377513959665	5.94329922504673	5.78876531723724	5.75420673380637	5.85499028257401	5.80485827425583	5.89472913645318
9.33328326059762	9.28473911591776	9.29338720529785	9.38105186951186	9.28233806204153	9.27036473249433	9.19587257821792
7.58317333132651	7.52657194666875	7.52329747527799	7.03168120544733	6.8092102538428	6.8991909114028	6.7620466444374
9.37062469179482	9.35862850969919	9.3954056532116	9.49601349190095	9.5047451837363	9.5111659333991	9.50651408389119
7.82020559381165	7.85068291144011	7.76197116112547	7.89189468832355	7.76211668660208	7.67665090687487	7.49226445310835
8.58742510762767	8.63858843816653	8.66175737092887	8.6981834723777	8.33469789032788	8.38763685814125	8.44144836636903
9.58216659107921	9.6655633886815	9.55891649921073	9.14187728905682	9.08129608800355	9.01870153541657	9.06450978989709
9.78748910232121	9.70514671065258	9.74496434700582	9.48197772036099	9.60359089724383	9.43832092498941	9.65895317558875
8.71443697155091	8.79908562101022	8.78467227411679	9.09332426618493	8.80750627663741	8.84623788937591	8.66981989054466
9.15630935949743	9.09319783873019	9.1233652856706	8.89656995728043	9.428049391027	9.49041781048739	9.5041694401633
8.5470366009945	8.46256999712157	8.51072189369923	8.21366753950501	8.27894478447955	8.34077136269303	8.28812728697613
10.178575277053	10.2202312513343	10.2154727814076	10.1901917355961	10.1336564462286	10.1555735504176	10.0467500733171
9.54343674459651	9.58286495681653	9.6018271421217	9.69790829068865	9.64991002341509	9.80076359720639	9.63840676150643
9.67619493767217	9.65469030686346	9.67655286999043	9.29138228387566	9.63439928619676	9.83358982847298	9.81727103978491
4.07824824296657	3.68961269629765	3.65992358683908	4.12440703621079	4.07013799351788	4.02903945437819	4.99708143909269
8.8839916811181	8.90109852880668	8.94490647427984	8.70775708450114	8.88879170378865	8.98221629191454	9.12835253100812
9.42528337590742	9.38319617205568	9.42164483129563	9.06255621167629	9.08574180893793	8.95987807522373	9.07813087895537
9.72520342116216	9.57800692557107	9.67617731089522	9.16618062051715	9.50403523897113	9.63766387160073	9.80473422755691
9.22667744862889	9.28307470107005	9.26925566785938	8.69316036652294	8.79095815856216	8.64839401682644	8.72171024899961
8.75261736709501	8.81245959967597	8.74450611196249	8.8898469817828	8.55576915488039	8.58967778505797	8.44720239096341
8.58550773146867	8.59539118084793	8.62552649771151	8.44564336532992	8.2916805911589	8.10533804665858	8.162857144935
9.01675150892373	9.09250533046272	9.05352947790791	9.11153078825656	8.97478664265158	9.00187632760166	8.98726978195675
8.33750144748721	8.30480754969281	8.347755240583	8.20573530712475	8.09120246053058	8.04381825627006	7.95940047777226
8.6930118413368	8.73679127805163	8.60192354382815	9.01870444791848	8.59131706123146	8.77716275328521	8.72979599170619
8.8319051221224	8.74052509600674	8.74940590795187	8.252349214598	8.53615634989391	8.61172572807543	8.64000148749606
5.95890995879566	6.11888016648969	5.96081897447829	6.31056973413621	6.03946984885156	5.9189857436822	6.25169112026694
9.48402738883001	9.49460697442548	9.51307115349621	9.4693899389531	9.30667169154049	9.32692364619528	9.33156673145601
4.51277752282417	4.67623769344689	4.50398529083709	4.56269845383646	4.94713384066123	5.30416259273986	5.57514947818874
9.29650299554065	9.26496571946247	9.26691527038451	9.36328979812574	9.53031373606873	9.55640563196888	9.58940577613667
7.78140668935006	7.80139066181261	7.78093779712631	8.09642989380781	7.91263946994583	8.05223082603372	8.00461660295907
8.97008222203867	8.98370440902026	8.94347364627426	9.26481190833983	9.03122041383113	9.07917821742207	9.0499724574524
9.44252128876913	9.42935764533067	9.45417977917491	9.53461388467889	9.59863281549663	9.81825032733316	9.68485940261524
8.4234266593436	8.44340562031688	8.43993930145666	9.09769359208504	8.84793300587188	9.00606333033066	8.9137007219507
6.86793104450508	7.01403277728725	6.98753242394315	6.97465615730338	6.89718961535398	7.04175781737217	7.03260849624274
8.33550670342876	8.33159104304531	8.28505449847898	8.73391515337426	8.67286635441922	8.41943303375816	8.35602831291484
7.79387493903289	7.93651093334614	7.76357362953081	8.19409348630442	7.54425680613302	7.6185949876921	7.61961701404027
9.67882133983317	9.70130758840969	9.71559084643545	9.695872800019	9.66394229261144	9.62735251744675	9.54740600849577
7.74311990617968	7.70467235727448	7.62710337824543	7.6089741559772	7.39425402325871	7.23720427635026	7.21839731108255
8.07788945921313	8.01869253080387	8.04658071262494	8.37912855358403	8.4553424103734	8.41680282270441	8.56397523604324
5.48701668678861	5.70805510093493	5.53188907371206	6.03241322331597	5.74113315012095	5.95775204573814	5.65961144993916
8.46249232969717	8.58628551153181	8.57712578629061	7.99744250105789	7.85816683061168	7.84028999150804	7.91597542773384
8.3988208319832	8.35132454952196	8.4928578116671	8.42252105074824	8.73746686429517	8.63292827600142	8.72256615341914
7.98161650377175	7.89149967735392	7.91257498785436	7.03013488203516	7.81454365023282	8.06261135207194	8.08313129364037
5.2912274088896	5.22301638768285	5.18561411403739	6.47476269157223	6.47865673965401	6.73698521146018	6.84701671841573
7.37013227420655	7.26218044458675	7.24399887935404	7.56946398747463	7.72269357641043	7.87909718502218	8.05012837385286
10.0269125648547	10.0650416395078	10.0135260643406	10.0594897093201	9.95451475375522	9.90286901967337	9.86665704059899
9.17726244129064	9.13088156611812	9.12448183841524	8.76033882974722	9.10908881377816	9.06503326381721	9.26709567625972
8.53524258955407	8.49857351966218	8.5352843485445	9.24978373961205	9.03378968420838	9.17074688024184	9.14283741124686
9.57758796060326	9.55512932538032	9.63780561693718	9.64556257050742	9.5888657387959	9.70404241917509	9.63037069234895
8.79721455749189	8.85174453305152	8.78305677067611	8.63278690386822	8.26564486964352	8.44871949411916	8.37492628187224
8.87023473044868	8.96172798968894	8.83383852960807	9.06639607573455	9.00001231904154	8.89712713972044	8.996794528171
4.16061922205481	4.17346913461771	4.11472460447668	4.40115919209464	4.31243514795095	4.12940041000717	4.66385885846395
8.76307683955708	8.76950488734464	8.74102211606473	8.65659107936216	8.75669205234144	8.59790076508645	8.67979265981658
8.0734764484001	8.014916205014	8.08910890711693	7.35307584825668	7.27554339768736	7.39383773029725	7.2404028596205
8.78096993827798	8.7690913746926	8.78756802482742	9.20294447650292	9.22528600163103	9.11482169496371	9.096975953376
8.27092835106074	8.19692567079107	8.26663268366677	8.86125763165021	8.66534533382565	8.58320005343558	8.70026609560691
8.56862066137536	8.58787568892426	8.50710497205502	7.90624028338879	7.91146359509371	8.06445487562503	8.04358266394316
10.0068793734496	10.0125700773624	10.0552806500661	9.80033055231538	9.78869255123875	9.76411824903915	9.75511292839301
8.2400486682355	8.17591194819724	8.20403208769303	7.96268224547534	8.06619070288239	8.04848307220922	8.01186980364814
8.75188291187104	8.86854117320108	8.6497081055377	8.86942102808308	8.46941904299277	8.67122129541263	8.55099409823279
9.31002844280385	9.39755864086224	9.34619326496451	9.99499492048824	9.68011123662353	9.92558068611354	9.68000351351404
6.97656651487142	7.0611752646831	7.06825899085332	7.28189456145102	6.98868327760183	6.72271384103144	6.56234126165826
8.70245664521019	8.75164699417237	8.69042485996465	8.13711977016996	7.68264722047794	7.52827460443456	7.5529491946879
7.6992471258562	7.76309951343484	7.68822973349164	8.17837419831821	7.71697903258942	7.80325448751763	7.61425571717156
8.69277015663889	8.79022327923952	8.73393679789399	8.66764013211559	8.49496000543735	8.6036923347892	8.48975393247309
8.8364379777028	8.88225439618273	8.87444178501639	9.14182122818145	8.89929161645928	8.96982469499592	8.90524133624631
8.700296842635	8.70892910485731	8.68184699148167	9.11423526833578	8.77629329494804	8.85383124285077	8.83902433545369
9.16640966861026	9.16263485048852	9.16311458367365	8.87353608506043	9.08634003208892	9.1940046574703	9.17607555424037
7.66368378635866	7.68252809159634	7.59924820956301	8.0071894396729	7.92396937485079	7.8865451771879	7.81890642951958
8.19464074015648	8.21187845765216	8.16957346152301	8.22825712432589	8.51572849352987	8.79749897091668	8.70812113572925
8.07992403181945	8.10861786386041	8.02144612781808	7.70569259644756	7.78837763016525	7.72298915940354	7.89581511607929
8.98213284793375	8.84653268480182	8.88490245613242	8.42676806272293	8.62898811737907	8.61935326148202	8.69844106600992
7.08926624999281	7.10573166364595	7.05304172650406	6.12927778997691	6.26675564032704	6.55016008555357	6.60381903398669
9.23598391881143	9.19188622550799	9.22084329913173	8.92837860102661	9.24635925591908	9.24290099294332	9.30703912188463
8.72526325998806	8.75466543064859	8.78723157957271	8.70716157946243	8.56512555827046	8.53623621396847	8.48176178927439
8.68930559205662	8.67116019772584	8.74337245947705	8.25804727619969	8.40470708672809	8.30226985853975	8.38510274120183
9.44909506922868	9.56975906357044	9.44941655721629	9.48559588367624	8.93847574486455	9.02316601332725	9.02376247693198
9.84448424380896	9.89089528957392	9.88474067517416	9.85971247773471	9.90678852901957	9.83930631140212	9.85546561451483
6.82275346930749	6.8580217049113	6.81498444688992	6.63502930177697	6.65733298953939	6.73364689176342	6.74310932446002
6.14720206144491	6.14777159680783	5.98314810544595	6.49136451834689	7.27502104936472	7.48660169445707	7.65525586670812
10.9020365010761	10.852228223822	10.9023021750949	10.5256096217668	10.7589951929034	10.6682703079216	10.7529522981439
9.09423050289197	9.06903012162445	9.10055461923489	8.93584017158904	9.09905549280493	9.28857227256687	9.22196108067148
9.03470667928515	9.01149414599653	9.00587729603082	9.09917342596279	8.98947732076191	9.12712180939003	8.9075745354008
9.86292200932398	9.83855868991099	9.87692066569717	9.81453557377407	9.97901782246364	9.95688703194247	10.0110117884899
9.6584904117599	9.59638817177201	9.6385197978198	9.56328590785843	9.63581348894665	9.50291384590771	9.58174731692241
5.75440077556247	5.74960892010503	5.69666705878042	5.00744304997426	4.85426246214765	4.52788945007599	4.84562753553615
8.81047581374259	8.87528739953929	8.78881971098757	8.58552714896046	8.43232886102983	8.59367184376977	8.5177980495065
8.86011952659516	8.84129356137765	8.82201825502687	8.68144247514883	8.75088376135588	8.72991121451219	8.78249440753327
9.31627196394162	9.17027288500287	9.24592227800181	8.96745009110215	9.53645252484245	9.26263666478784	9.65685837716437
8.71805763239097	8.84419174125105	8.75880149861196	9.03695759722627	8.73622798870647	8.76127454036834	8.65765952410867
8.85445317878669	8.801643381995	8.84156518829348	8.71052568329605	8.60537029985049	8.70264977389889	8.66728355399055
9.2005447700133	9.23515587661182	9.28675512305458	9.17429288910189	9.18981274205372	9.18680800394094	9.23105658367905
8.88305637537999	8.93527648104941	8.92846666230423	9.10188248315001	8.83440672845966	8.72367651558789	8.81755674427944
3.94432434606985	4.24043971976187	4.34054882404086	4.31260430683157	4.33044279064672	4.27337679808295	4.55123137436291
8.60884858382713	8.73780339597684	8.61334027928424	8.44195375123719	8.26553967816143	8.03974070102951	8.22666252258699
8.79552701792591	8.81533985076055	8.79843391552084	8.82011338305541	8.73685451460067	8.85109370181484	8.76621744082473
9.14721538381244	9.13745736912253	9.18369109156274	9.26724172423579	9.58862893959154	9.6134861921417	9.69467331119059
9.56148718021993	9.57226663390147	9.57488413415502	9.83530125748539	9.57751919779149	9.50586954326597	9.53609870028853
9.0164830373215	9.10635994047873	8.948345342276	8.90089661904495	8.48681100476808	8.58634274735049	8.48053272305376
9.07162870299753	9.08879170731364	9.07712478895879	9.03859630061333	9.2322672012004	9.35797715015909	9.29719483953035
8.13083986325255	8.25070924284046	8.20619142818613	8.44064273709826	8.23449053942797	8.21421224789824	8.20130662775438
9.42260293456533	9.46589141330198	9.43178563779718	9.5162624456153	9.47693450690052	9.4553311760853	9.42602449104449
9.12796026510533	9.0689516524742	9.06682713007544	8.93350264838722	9.02551263020648	9.25491866083997	9.18915852178991
9.47392260091129	9.46488987650138	9.49014642830081	8.97752704590696	9.50276275205554	9.65148875886719	9.57919084526329
9.0136165442917	9.13587328091683	8.98338434620289	8.83630955136801	8.54672667772549	8.51154267953045	8.49747336229328
9.42736031403777	9.4786530776702	9.45404751417933	9.48736998674987	9.30087786779423	9.29069674129616	9.33100352400531
9.73694651434603	9.74147918884787	9.71000387349738	9.38442318415528	9.2935769996287	9.4432252035704	9.33684354076773
8.40256954115423	8.39966676335107	8.40330325928111	8.3507353818532	8.22227454651924	8.44126348600375	8.45504007490768
9.56382141909481	9.53334872322421	9.57140030662303	9.60170482918542	9.72861533685869	9.75400976102756	9.73473570524461
9.12131962196289	9.03904820971092	9.11164793316365	8.70389124001582	8.91654870651986	8.95571436410533	8.95047807045452
8.91422511664712	8.92021671138349	8.90494293581252	8.76186579989638	8.53961873261305	8.54336893342423	8.7156486347541
8.86373120187431	8.80968359544772	8.85625551363531	8.80368885586141	9.16481146949524	9.09939506667272	9.23123986870095
7.97640968870951	7.89877306565267	7.90030470258064	7.56139349397402	8.11411222510812	8.38408348669088	8.38318469835579
13.233533180801	13.1989510998119	13.2296444792085	12.8864435411256	13.1212143124628	13.000623038283	13.0861317203903
12.2358475786895	12.2617784489799	12.2291642766083	12.5038190915497	12.2863828770803	12.4279039297034	12.3678103059536
9.81483531900451	9.84087693891027	9.89752285398248	10.2574494652496	10.5217078613258	10.562232952581	10.6231423873692
8.26768065669334	8.25206295402834	8.28760139218716	8.6012655707522	8.54991700609021	8.71360302892286	8.55648216781642
9.65203478557812	9.65122998564881	9.69429669929435	9.52100939315715	9.373071120207	9.29692339277547	9.46590661269686
8.68154487340979	8.74187796618305	8.66984426735633	9.32952532115667	9.17620796339881	9.41812937962568	9.15527884633967
9.38892874511327	9.43063275978329	9.37522143054847	9.25721456679411	9.13713313708343	9.28599443509755	9.22125168147056
6.67456621981781	6.49547020321321	6.49934506980328	7.28362163090115	7.3982656126422	7.56646959128913	7.43147665309788
9.35544950126555	9.38538622207423	9.34320709989228	9.43602526414706	9.36773249380605	9.48200457006625	9.35943176191484
9.07541260800339	9.11010180438463	9.05759920143155	8.92333183332562	9.11465729933885	9.28063660187082	9.15174687688149
8.92177125495694	8.93855141308428	8.91891908308743	8.80961156204093	9.00698371724203	9.12920337154377	9.15244360580562
8.81594633741383	8.7157021236559	8.78034545648159	8.40482912987626	8.67533260175299	8.60123403540284	8.78049323494955
9.43529472756769	9.43659642589896	9.43437224894361	9.53374255988994	9.44971462799233	9.46478179412452	9.46227121469815
6.64915738527993	6.81162067893957	6.68807797941348	6.66501408999167	6.44257899810335	6.4620431420007	6.24795050748218
9.92282450416907	9.89502053941013	9.86808509248039	10.0429055524037	10.0302555682592	9.95418865412335	10.0146395074122
8.83159023717436	8.92855340128211	8.89944434669999	8.87943633945821	8.91524606593401	8.93340227848826	8.86197220715505
9.19449111496345	9.14772485000559	9.21157293832642	9.39291641464632	9.39735551800862	9.35020166955425	9.24901679243028
9.52389188812453	9.47576304694602	9.51591770545543	9.31300382162737	9.29620346118813	9.32515970328307	9.34364108703598
8.75459732338308	8.63154158629916	8.71724489631677	8.41922922744329	8.74027102875827	8.8526613128216	8.94124361780842
9.71901207618338	9.73611040727343	9.71453974830447	10.2265764414451	10.0971788603901	10.2107853434934	10.0515756650661
6.92443795967537	6.9861096167902	6.98254739110584	6.92836480509557	7.18458520562712	7.30803072298722	7.4534855060645
7.21453394110986	7.33251628662328	7.31525269835493	7.27756847457126	7.04781769699142	7.2980310683043	7.15623638978243
7.29226491107675	7.2640982652275	7.24011954226011	7.4613291908105	7.6815370138899	7.68219019629035	7.78045423061033
9.63090591178818	9.61032460615983	9.67274204349964	9.99722373284374	9.93300262059132	10.0858538316808	9.93561852974546
7.89723185537168	7.73725500830122	7.91261720004904	8.10755397060695	8.24959193997256	8.2143175385057	8.34124000029485
8.35848995658264	8.33660162256849	8.37270890392803	8.26320330477158	8.62428692333878	8.65010553649877	8.64172592902199
9.63432913885736	9.57991528970107	9.60790967809788	9.43958765437903	9.38962776007695	9.37378363048491	9.33186147727634
9.09357022460832	9.13981704858857	9.08895469588114	9.19034981178701	8.93966922143234	8.96882925604777	8.96844437985649
9.05720492937256	8.9967615196902	9.04221489295428	8.82585277009479	9.34273133292633	9.39534122871066	9.50016736241274
9.03589436422326	9.10913971274586	9.06030939503386	8.9844031086353	8.61085912338898	8.451087099771	8.54602041480456
9.32467364191639	9.28784551273398	9.3312548076246	9.66261056953352	9.58219282825597	9.48424445681145	9.49601229991133
9.33022353262995	9.30391556444345	9.34422498271169	8.95142297829354	9.18837478985046	9.20431113169316	9.23667726613981
8.54553573474547	8.51404973193864	8.53198594028591	8.80758907008834	8.82205816548072	8.91327695571719	8.83584285415191
9.61709576272863	9.63629582318165	9.63669057856438	9.36069992539147	9.28622932190175	9.2608182937066	9.22272634215634
6.02131559615656	6.08177377920688	5.84944588550956	6.58676067334811	7.01882070602877	6.96603095529774	7.18895573460694
5.2411624365377	5.17173181557908	5.18250034748515	5.82474709516281	6.07437014539471	6.08564589241094	6.37955080928337
7.2500047432513	7.20855375284208	7.20005326728353	7.47436380007475	7.50154373113862	7.69624776538508	7.73882625113685
9.59673126898094	9.45801286392487	9.55456284372745	9.17537576920698	9.47050089833726	9.46042543198449	9.58173336671447
7.03559502722455	7.02925990075939	7.16561443986385	7.3221116967103	7.43649742561151	7.58727461945468	7.68656077096782
8.36514970498257	8.41867557427401	8.30039844766788	7.61886194719485	7.62173054754707	7.52418992774514	7.49761268453002
7.60508275821264	7.78416467548135	7.57178547418196	7.89152107676708	7.48031411582506	7.62650149712842	7.45999450865349
8.51270368219024	8.71492836103049	8.5351189540703	8.85353174095727	8.03116319315126	8.57435540869009	8.43452893457162
8.45465284754089	8.53315930827864	8.3917393736016	8.68170080649897	8.48975837071601	8.52743503462627	8.47487869463569
8.87453037793512	8.94973452948521	8.83873860107493	9.13396737687801	8.78045801267215	8.89080048072285	8.81242823283263
8.9640388741418	8.93805138730808	8.93381426947263	8.63805926266317	9.22878023500161	9.2552096797364	9.35341966779941
9.67333981459279	9.69662010059119	9.69572857626863	9.75482723055114	9.62894814604817	9.65981654573525	9.72593569656708
9.66783952731565	9.70323164019405	9.66523570700781	9.52179625552956	9.53250935839855	9.5267069298485	9.50668545466425
9.64564962771718	9.67540240159687	9.70864957514935	9.49363400989201	9.44630963319612	9.44161767789077	9.44490947300227
9.45529691287851	9.48483565765989	9.48956550788308	9.41208614223502	9.39941976434368	9.23628150101538	9.33951857051043
9.00131044376125	9.11432504549027	9.02898849354923	9.50873383071554	9.09676150503639	9.20361402502443	9.07290815920893
8.98606708065247	9.04589197692968	8.90950311267089	9.44797117071992	9.26623251584102	9.2496710970922	9.27315586249968
9.27210366003177	9.31892006466905	9.27499630289691	9.23748269602522	9.16192047028206	9.26889760376647	9.2274566708413
8.6330802956652	8.63838046899713	8.6083200246968	8.72196147059167	8.50928589643154	8.60737125952669	8.60923660095785
8.73714735908178	8.73394709707744	8.7726365874244	8.68285883424102	8.50623250016269	8.67308662497112	8.69473887591555
8.83015125714843	8.79235658739656	8.8939674035034	9.00542259526644	9.05392137341059	8.9221490959347	8.90840973000405
9.9198716096243	9.9257250587606	9.88721627650415	9.81650172807624	9.78000799323797	9.75467024541643	9.75127467340014
8.71152188934472	8.81996176920297	8.78896726071882	8.53138213329445	8.2529768500612	8.28849443529405	8.22215914742716
7.76025429978694	7.74537297301543	7.7369923461685	7.87152821144472	7.70066485005866	7.62493491656598	7.46364935322234
5.90854193402163	6.12713747970446	5.98201661753031	6.38317129174285	6.05203812702589	6.19338046565015	6.03733043172906
9.37616402161446	9.29932364349326	9.35190855070691	8.91669808014187	9.14848161719591	9.03559233842672	9.29513199670969
7.73289639340373	7.74720410253893	7.77388528624025	7.9478192958478	7.9264237444053	8.07319955460527	7.92397362394004
7.55694976919725	7.51938625548309	7.58448057470774	7.79879488059655	7.78724018903006	7.72400118458198	7.81453930810514
9.53663127599725	9.44657204589819	9.52279823526941	9.09554647829778	9.24498283838569	9.21416811486302	9.23849009949963
9.44886080283964	9.39004551343572	9.42935049738377	9.00929092687093	9.18481077999475	9.23815063515014	9.33656557297952
9.38693737891376	9.48107692726301	9.45160066408712	9.51033243496065	9.53786244180479	9.47426630422062	9.56898701164056
7.26470162222634	7.16873786346244	7.25099388679151	6.88632606070773	6.93512564545982	7.18317307522635	7.26512622532891
8.96701033733873	8.95326851432509	9.02679564626798	9.42720062686302	9.32238155343558	9.48970722238947	9.4167553856304
9.0550049866698	8.98306025560864	9.02395583071397	8.83820274530138	9.15572080311941	9.25208926887664	9.33903980575232
9.22265076971694	9.15141015371587	9.14381857240197	8.81149499523274	8.90954700528846	8.84654528722328	8.9929385480918
8.93426831589098	8.93196248280144	8.90840424571016	9.00570542467952	8.93906560593515	8.94942183025058	8.89627369424283
8.683254030027	8.64491227082493	8.64928776648343	8.63813728819776	8.64284911086454	8.54922722419837	8.44419370904173
8.83044809098206	8.77756224701094	8.75427492058615	8.43472564775184	8.63454271109704	8.64400758147407	8.65750172231074
4.77287668985689	4.77234564303473	4.741747677731	5.38149305399477	5.62565390713051	5.91367825024376	5.85521384399941
9.0026488725346	9.08908949991094	9.01114065140492	8.98294075380005	8.90698632200144	8.86855612789598	8.85270168152193
5.59543774168099	5.44059580674122	5.52887589940728	5.56392267657667	5.24134861231555	5.30096940271753	5.27397721620191
8.48694158870265	8.53755401664838	8.54516472960703	8.37990156881678	8.01463250240449	8.32869697347238	8.19319574407336
9.75800896463631	9.84003971573449	9.78461172875578	9.74355597931002	9.54954169087465	9.72469870991976	9.62062573041371
8.92594548885883	8.92761074450263	8.93259875013222	9.03969026604115	8.93112807812146	8.85706076977939	8.87223882491652
9.83924053848275	9.82692258826388	9.83269762316632	9.73232579576674	9.76076841425895	9.81495147466677	9.89387484452448
8.89635338676141	8.94192453795311	8.96511485892452	9.43011158685308	9.26013256245713	9.16941202785112	9.15760937496394
7.62352373861871	7.58114237586898	7.51960997471315	7.86644528869228	7.95207756248084	8.08184906965952	7.93911220292239
9.60680179713252	9.58249531222169	9.53708538493846	9.39840960100307	9.5179324675656	9.66299883818717	9.76760113772854
8.83426504203488	8.76923873566313	8.79554998854061	8.74101168508058	8.61953659671559	8.73026696736796	8.6519344288959
8.60949538114566	8.65273353278977	8.68644612468508	9.02929244273428	8.96523074051179	9.15603126841074	9.08624443522383
8.61891738459628	8.70722964478038	8.72502810753412	9.06016097662934	8.71043090566566	8.87026966431393	8.7702393682581
10.0602102241964	10.0480395709426	10.062830196759	10.358064348983	10.2689162993005	10.3158176893933	10.1734070976456
9.33976605500577	9.31723307240872	9.389775541226	8.67671547008825	9.04618431667338	9.07500049644569	9.16030955520631
9.34381356432058	9.29464606882459	9.31911283730845	9.3130975147825	9.41505847731622	9.37149905909112	9.36468063808126
7.14982165368942	7.02052994928238	7.16883650029224	6.67277152382466	7.59317151074227	7.59211676028948	7.79953507170219
7.97812361712804	7.91167299707245	8.03872933632365	8.38502525241144	8.47760475827591	8.39931386938205	8.46892066143359
6.86960534262484	6.93676278413343	6.93567215210563	7.45214275906444	7.69980564370664	8.13872277048545	7.94774994463019
9.80679514717812	9.79117397870963	9.73703540172264	9.56235773256523	9.57978313092665	9.64511955657961	9.75238219103993
9.90299808327256	9.89402356260449	9.89188974283824	9.51306216642301	9.8324090130467	9.74400669881723	9.96840035141241
8.67130492826823	8.73704091502589	8.71882763670039	8.6547738672074	8.54397955895516	8.51802664033603	8.56465291338431
9.0094060285968	9.01235526772195	9.04049473901549	9.31751336329321	9.23551309996169	9.50321788592968	9.26725757952002
6.78314341410305	6.71710796739305	6.74397423949941	7.31483786761258	7.50655472687014	7.54774867782608	7.85771210029503
8.56386771980393	8.54616100385954	8.60749973610387	8.69111565980142	8.49556020598175	8.3998501053639	8.66115035735044
9.10326365118438	9.18338855077813	9.06332723820944	9.30765848774099	9.04953943189986	8.98590972168791	9.02099642286018
9.53725566619495	9.55459941087274	9.62342382704113	9.98344491874264	9.71642451359213	9.91982680487643	9.74462527945376
8.99012671761279	9.03299266093235	8.92934410320164	9.39307911773872	9.13518447072555	9.3083233261588	9.14300409127187
9.25097348794762	9.19700532325987	9.27825313499451	9.63477302688398	9.32235688769121	9.18589085310484	9.22676179748061
5.68398325163088	5.50677708805349	5.88542346396112	5.28776361837889	5.32001814101411	5.2231951942078	5.42452954569813
9.42786899301761	9.36195378458727	9.39684649427061	9.39796310428085	9.17068233851475	9.14261053232015	9.06295595643643
6.94216421204337	6.83975389072152	6.95317680378005	7.09286901701842	7.51745911176469	7.42254119015924	7.61232900440023
8.95662902678601	8.89583032541933	8.91219435036656	8.85350807755953	8.99477764580081	9.07868059470798	9.00459290861595
7.25439303949008	7.10423854480196	7.20601733438747	7.22754462272066	7.18093917894612	7.34638252397365	7.43659484618447
9.69507970214767	9.66434079225326	9.75016849551796	9.80013888467334	9.98401558780706	10.0169677326938	9.9852931779824
8.52711001000831	8.60303758865925	8.5802933068754	8.58490271955395	8.60461076653724	8.71726852759895	8.74967030421076
7.7887502530706	7.60307499007686	7.65323481828558	8.59794979395869	8.54029148874861	8.5528581031933	8.61384252853628
7.67012364711318	7.55422177557072	7.65777543571364	7.89167767154807	8.01459820217258	7.90817871888512	7.91348834191131
8.47475942562866	8.39367961977145	8.4416591337633	8.58243928456607	8.79486154569682	8.88437999969892	8.82735407334312
10.0439889695176	9.99197214316964	10.0290458245252	10.0986235287955	10.1428556625969	10.1915820577488	10.2077291755386
8.77318011477477	8.83558857228003	8.81464599154397	9.44607794859646	9.07506916015059	9.17914449655257	9.20752675292206
6.45272955836987	6.60790375047448	6.49444573693566	7.56447436389646	7.06780059413872	7.47665575669193	7.43895566198659
9.49964229141459	9.57773398270552	9.51419999133433	9.71985265984507	9.44771923611718	9.63312913923053	9.51420542293498
9.08922501136178	9.04181992324019	9.14905054067639	8.91296256275136	9.06112663955456	8.82938650535048	9.02310286936954
8.13715096090483	8.28263054158468	8.06933926864372	8.17644668272284	7.43113912676535	8.10638315402212	7.89344126526169
5.59734520072416	5.49227094629507	5.56066290625434	5.39609671568633	4.93822115375061	5.38378931617453	5.49602426969743
9.94328102464467	10.0312972732714	9.90435402213122	9.77729317884653	9.4970177199742	9.48811135081936	9.44450225159282
9.76529671665797	9.73373224647586	9.76774653420624	9.59386331322107	9.6566255110813	9.5895679734857	9.63283698059713
9.63999269145001	9.71377696425882	9.52059153355799	9.66625545003923	8.9078428805843	9.33085998005175	9.11284075135533
9.09099916563062	9.14767721611021	9.10757978848831	8.74301799958502	8.64668811795266	8.72250074797006	8.75837778119674
6.13193862619835	6.22790360308306	5.93096714895698	4.61530948283103	4.34681258205226	4.88204358827741	4.80507330444821
9.10959713913278	9.18541131372727	9.13477066536138	7.84565440914402	7.63310584894581	7.67189067984921	7.59827585659194
9.27135672724045	9.38785939220067	8.95892324649954	8.41477607871499	7.65710173901937	8.13792805029461	7.8823961352505
7.7549443436129	7.83511602427481	7.35402983186431	6.88462711715521	6.26707784358856	6.67574656253775	6.27433597885375
9.1221489905032	9.25370335215219	8.95082391143319	8.62688600477426	7.88437723355885	8.43120951746361	8.19914371415648
6.71368639791433	6.77588129123491	6.61796562606295	5.92052758206631	5.4260589066557	5.62075237924596	5.54898602294532
8.99520450630434	9.05287590966139	8.88264626502327	9.13578268749423	8.46767653521746	8.8482574443355	8.72511008684141
8.96949931974681	9.01894219094513	8.92946573504743	8.81931346885692	8.42550458744502	8.42706757914847	8.56928028724995
9.17104327734215	9.28519353428482	9.18101204842479	9.30268928041894	8.78718681468972	8.93129752931653	8.93262841441919
10.3703843520642	10.4914889141833	10.2485998179514	10.2392215185036	9.77346030056507	10.1077517171537	9.99248441099996
9.95936913226392	10.0690203057549	9.96125778905983	10.3085092190739	9.98830852766695	10.0532606838653	9.99108429050339
5.943474055241	6.2821347300094	5.91462650551989	5.63406454226359	4.88843289713492	5.51371129779395	5.31210013470029
7.72388561949336	7.86475248981093	7.61118658141147	6.87652099907825	5.97964812971052	6.35296329069592	6.14838776471274
9.66515446592153	9.77546883051638	9.59420430620473	9.98687758787392	9.45908846109614	9.6806849394995	9.63527577158944
6.93465662632639	7.0724477958609	6.87206608329434	6.07209798549983	5.60709960868169	5.94552242288231	5.67653375685059
9.03309674407162	9.08095538083676	8.90233206336281	8.42442894838561	7.87277958124172	8.20137554456398	8.10328682529073
9.46768492739404	9.55494380626535	9.38733099193945	9.54816679314809	9.17340936699634	9.42896529154757	9.32452764470641
7.57740937781431	7.63204686660333	7.45835985866032	7.16887092729478	6.66394464071906	6.90044380024194	6.87312001448063
7.07644261144664	7.30472133335557	6.98961341899454	6.43073124381397	5.76859614512958	6.08089689744046	5.95558838899314
8.8733541575719	9.03379110974113	8.7746210005094	9.01457472189442	8.48018199781894	8.65782400423745	8.5311481866478
9.35990810363561	9.50140478604157	9.23550101266344	9.39337099979409	8.83848531835195	9.26727766984093	9.05479055359611
8.82257700487768	8.94015113971714	8.58914260582311	7.92255726241731	7.17658211511173	7.73130581339404	7.56168044329063
9.69162423273597	9.74412765826335	9.66418660670279	9.61958317164496	9.19098309188881	9.24853096566981	9.27346609790972
8.21706436556141	8.36374310652357	7.94095832718243	7.87236536711323	7.06572357488877	7.26290410839972	7.13033945227142
9.50805107377779	9.57474481881595	9.45341985773086	9.98555100368765	9.26945446270578	9.50203496711308	9.46753712213047
9.74150504292594	9.84100313778477	9.65864502527945	10.1555066106844	9.54742995935122	9.81216399264833	9.75323546800581
7.72977694826066	7.67961684202388	7.76022763335357	6.80514238875309	6.92139370581957	7.0632868336465	7.17811789491123
7.95925947652169	8.17726531697727	7.84303834885438	7.18691306564547	6.4596318042369	7.12557461971875	6.94310109258767
10.052872023606	10.1300640195481	9.99184724260987	10.1733529016418	9.75782539732213	9.80034264576586	9.82126964550113
8.23938465425604	8.35426920285027	7.93772252681141	7.14821119390079	6.22285671411318	7.00451929525693	6.6853558514807
8.74499051809368	8.83577157206491	8.79770481985063	8.92254356063699	8.68979578507338	8.67713444167041	8.64864601443364
6.5342819570563	6.477492712181	6.50699689389742	7.15032831382183	7.01918925658952	7.45630416192745	7.28358608749273
8.72334688843172	8.78848656673569	8.71652197849305	8.37666432699189	8.43857815665548	8.45335020075683	8.46154848853363
7.91608172128675	7.79066257126928	7.88687382433333	7.81188876887302	7.68973609619176	7.67373406600655	7.84046572961875
7.79244171793163	7.61793287123592	7.73755779295699	8.00743077910572	8.10617704036618	8.15774287785557	8.16390286837815
8.5911690720556	8.61292675344257	8.599519586759	8.71609094058586	8.83690071080537	8.70793093049684	8.77328255176271
8.98276075572447	9.05800944832455	9.01888175954481	9.08594239072297	8.8883127537422	8.92304834912546	8.85032517477044
9.19094604433192	9.12001802958259	9.12972756632319	9.19260615222142	9.0774845343801	9.0042268994614	8.98488680040642
8.85890696814632	8.89483848606497	8.84496927905212	9.13348896381909	9.10699408959425	9.01810834853022	9.00553815606665
8.95095440767945	9.09475888355706	8.96587946854557	9.01275987428279	8.98455562108192	8.9985092974406	8.95358635971205
9.46372048687978	9.48557297504309	9.43741362801802	9.15168737907584	9.20684647368511	9.17040020671264	9.19109240142455
9.6102558178321	9.62044053003601	9.6440177862618	9.66069640917116	9.667340992445	9.69258064136795	9.6093237399537
7.23557157276955	7.31951228973661	7.37007882203721	7.28230837835863	7.0566077351083	7.11493050493366	7.24322102281485
9.4995590935569	9.39559750577793	9.45954373684092	9.26597731625182	9.588922804921	9.49990521152297	9.71987010589462
9.29074285019748	9.17476998819571	9.28123139198572	9.01563057655906	9.20982968889759	9.16608326714524	9.14284142086016
8.69129392199457	8.82099357175385	8.65329061738158	9.22775846968148	8.77215913832048	8.93159336414584	8.85169241388791
8.61665078027508	8.55290018713368	8.52498009292023	8.67032317944978	8.7155985504228	8.83068837419102	8.67573468780534
9.4896186337051	9.46899211323492	9.42679114638926	9.19444904882636	9.5228754653738	9.49904197703749	9.44261116678575
9.11050922997996	9.22551249750964	9.19364000714489	9.15384320753096	9.0130140961308	8.8866965228274	8.89592011208516
6.39306527997006	6.40748782632834	6.31012076698411	6.80091616413756	6.60845321457032	6.6475394240456	6.50875843350627
7.74721067443396	7.67629243720657	7.7039156660794	8.35446035064482	8.37536531239038	8.50046618349658	8.48629094914701
5.45703105924735	5.35266302474002	5.08531279395026	6.28877649213133	5.54976326551731	5.80610448198761	5.81575389200182
9.11738039088365	8.98469297742955	9.07069023574411	8.48235266811912	8.39995329438388	8.35297697497075	8.26953001974394
7.21949497681503	7.26777073585049	7.27882263567668	7.2817720468119	7.13567456078385	7.2077375710219	7.19038754742922
9.33622677593251	9.29094879440397	9.30464955030146	9.24002072487238	9.28909035672432	9.24851650188294	9.22941399168487
9.36890337383093	9.36064197553184	9.42722453463954	9.24328387670994	9.6375274970624	9.59888837224105	9.59303297390342
7.78589055285728	7.77233004468558	7.80511063087332	7.86771211333032	8.11877573254279	7.99932178196919	8.11647709137173
9.34072614651377	9.21093678476145	9.31175611836193	9.8595044120048	9.92006072127537	9.6981111322694	9.91126768870919
8.63131565013809	8.55870926818361	8.61502671664838	8.6455911729465	8.77577019048574	8.71337316439221	8.80925437327511
8.49015163924167	8.54893789413907	8.47765317378221	8.14129728065365	8.55873467928837	8.46148655616632	8.52055700070549
9.33487745811195	9.30558935285055	9.40191121396273	9.08553805715611	9.26066172863739	9.14249384588024	9.16893914805269
7.03596528266975	7.17504327364862	7.07330190045088	6.55719361576149	6.28260918317447	6.59299306401582	6.52480927428015
8.53897124506431	8.54427074320061	8.52408429981715	8.17875989259125	8.122254238283	8.08973066501201	8.32148050822404
8.2625080421519	8.33418155895776	8.21103607006406	8.20525336117651	7.9753019107541	7.74858558621883	7.80668882943416
8.89341344067487	8.82880670662556	8.86207366084752	8.96919470954692	8.81505039086986	8.72926252874699	8.8247824931923
9.47800578892526	9.49042298592764	9.53808957510677	9.3820055581928	9.3786410848728	9.43125043344573	9.36990685350642
9.6286795150178	9.63356100215149	9.63896312955152	9.55136813886962	9.74211663533444	9.80935712593975	9.70417091443578
8.79317927017445	8.74242415965717	8.81381560098349	8.88540329052716	8.76609363316332	8.67228604153033	8.7932279970417
9.64627089727591	9.65069746096798	9.64157756455333	9.59589431513653	9.48834497730045	9.45048681895397	9.48964826090774
8.66805187222178	8.6983415300391	8.68265528811054	8.7087568901534	8.5192278764967	8.53961373378395	8.58183158118298
9.4223403597302	9.33341556180553	9.3609919394928	9.38876534702184	9.69247611522726	9.64119605388636	9.78195139738265
4.43289706190219	4.65288539347573	4.37882728257014	5.12997016703622	5.53135692306176	5.61809384821421	5.87681599372822
8.343027922662	8.28984287835715	8.29284018602602	8.48851954350938	8.52933628087396	8.52541114714127	8.65828580617846
9.29802482156173	9.29733854174839	9.2424871499392	9.29495142777253	9.44901428981685	9.44724837328438	9.60122880838839
9.12241563461497	9.18021488445602	9.16717634307931	9.17841406558741	9.39251889850117	9.31982343993611	9.27551924864195
8.53098044686238	8.59083990677963	8.57208786367744	8.7393191536437	8.78380334066607	8.63904711507254	8.69292081759598
8.6802904964127	8.63321915225833	8.7035013410074	8.78721251226412	8.60836951072294	8.45081487734254	8.50617106550323
8.5783631338892	8.56499267356872	8.60497884825668	8.38950192956288	8.3651640200092	8.5096618877527	8.5235863741328
6.98796007977946	6.98440634244991	7.06151671034241	7.13501222793114	6.90929614450395	7.07067198453283	6.98182729668952
6.30769956355555	6.40902020676651	6.31106901032612	6.17120974585268	6.24023813686637	6.22634364770169	6.193479952381
9.16729425584509	9.11084952679434	9.16205349691671	9.17089022168311	9.19255912662003	9.12607200474213	9.21011383799982
8.51910980269874	8.58193026011748	8.53566007681347	8.89388563213417	8.781575830904	8.92430641989524	8.83938518579661
7.40781650898812	7.36414054076039	7.32920977144539	8.066744227436	7.86694587772878	7.6785298561868	7.74798650518986
8.83180835788201	8.769333891155	8.84069336026033	9.18378609792639	9.23390310920331	9.08729683345296	9.30275430933243
9.02312510110469	9.1364604124056	9.05148107592337	9.07067163322364	8.6199295119846	8.89551094021376	8.76615119731037
9.68230777159113	9.60003149330036	9.63542234085914	9.02397015810786	9.69060903988422	9.76847173690565	9.94216078032636
9.58151584720605	9.58742227579125	9.56232298359757	9.16484557716982	9.46839258014631	9.36947231776551	9.42660226647062
8.06864061057678	8.0056425538472	7.96661809264292	7.81027328291562	8.07719999905614	8.1148221120955	8.27457863361684
6.33728097556419	6.01590085187669	6.19980851912098	6.09933639421029	6.62856843366081	6.74456358321289	7.20222995951086
8.48302995830698	8.5780507268411	8.56884942818978	8.36683186937752	8.34458706743754	8.28888360185984	8.16422340657925
8.21002809117136	8.23403668095113	8.21166048632178	8.38597292744454	8.54647122602086	8.57544048072175	8.66780513132705
8.77167314313032	8.72169268493465	8.73206047881708	9.01781223472036	8.72789495802582	8.77854390642986	8.68122958812111
9.5423891795163	9.54388985345576	9.52167573653721	8.96423849693507	9.02260371384902	8.95223426651357	8.95764668112776
8.89911641048277	8.96647863593261	8.88204855350235	8.71740903560469	8.67610246311005	8.76668313698012	8.78472003553421
8.73772524882499	8.71412366687495	8.75367285259575	8.7786076420055	8.92671818055306	8.94861498644196	9.037995566397
9.43789552832935	9.45171795775104	9.49381551620441	9.79015333358278	9.70873115673905	9.67483886687001	9.64618028023869
12.5401286180986	12.5599145901204	12.5428472287689	12.9340322451773	12.6893477808874	12.7854504348592	12.7250092126246
6.90083311396721	6.94352520504982	6.83011942132234	7.21930527725404	7.3153115470249	7.40851731354154	7.47371184863382
7.36728682306866	7.32751022977682	7.36129182288701	7.42502876777585	7.39202367234966	7.53553897529218	7.47773322171585
9.30577730278095	9.31299156430686	9.35470459776797	9.60234747784858	9.57579650691972	9.67669506850702	9.57461364403633
9.33209497968839	9.23929218455641	9.31683684635203	9.56725813697623	9.48841805040173	9.23620668827823	9.43164711123572
7.58212101907233	7.61030050251072	7.58460449189049	7.25789414144194	7.22861883291238	7.08031542927595	7.00838638619786
9.60811505438775	9.60805309262812	9.65043664144068	9.4314765188965	9.44658681350413	9.40243267835992	9.42845235939906
7.39785805290538	7.41071117290211	7.36874175245202	7.88183930535268	7.51337081155763	7.47501980019644	7.25605004248045
8.06318323847119	8.16693874294856	8.10975439611379	7.78546551141036	7.95843417936945	7.99070511720302	7.9812834277874
8.86351245620583	8.880686868604	8.78972522381969	8.87526926139295	8.77878591106063	8.74952129195225	8.73909034879086
7.34603633609324	7.42227008631195	7.29403686317347	7.53392539981794	7.30738068055787	7.46960985912107	7.41775149744813
9.71906360042841	9.69018621778227	9.75092689970152	9.61367116719572	9.71423283749138	9.54038057202998	9.82649065374142
9.94588918243511	9.96288330299958	9.95872495325599	9.85731653996979	9.9143852727144	9.86796982467088	9.89082416291302
9.81964067231307	9.85262927921126	9.88036900896995	9.57497646864718	9.6738687577887	9.5904738187987	9.65314260122603
8.7777918199494	8.76825689594554	8.85151916553377	9.04550888030348	9.03316375428767	9.04805192042306	9.09200779510491
9.50926426425768	9.59015660062996	9.56906585671883	9.21330964810381	9.23944599094486	9.18596266683594	9.23473226739436
5.91865499174793	6.23905141265324	6.03669694663724	6.11519128661893	5.78256284962488	5.95916211449144	5.77854882750001
8.75306390262944	8.75666860171828	8.73869702660662	8.73709527277915	8.8713836070808	8.96306673344693	8.8857031481971
8.66895375800671	8.67243695037047	8.66128284329524	8.62514524755138	8.71049320264087	8.72357507235529	8.80437649654468
9.5311566601787	9.45903258068439	9.54741175600582	9.38005950537407	9.51901659035397	9.63229961958047	9.60387752490948
9.8414700926066	9.88704562994129	9.87686105766983	9.87517374530812	9.8345533771142	9.86403633844363	9.79584587465666
7.57502844695178	7.47624983689989	7.54914217184236	7.29180179895124	7.28409630168349	7.39907467845997	7.59073061130489
8.72477090069164	8.74929681926165	8.67155365378008	8.98286515292536	8.81407421211105	8.91717859809246	8.83868901010093
9.24352003877565	9.33956158630702	9.21445472772295	9.39626945778896	9.05575527815787	9.25882709387832	9.17931697083806
8.07602675103884	8.09145814667131	8.1533694601833	8.87838720388345	8.52769239622172	8.55849613009851	8.55451671341017
8.89441607205562	8.9980864505984	8.92637005336866	9.31186349860858	8.91641719862906	9.11022503171051	9.07831136506714
8.7039134204905	8.74838177590573	8.72935601698383	9.39032761837188	8.97161241043605	9.09605974290632	9.08417135128257
7.47037404952073	7.48309767818381	7.49379249611548	7.52198064567991	7.54349920359287	7.50860390570861	7.56564634933412
8.88137757921431	8.9465966576194	8.8724527271957	8.95723669784713	8.64925786215846	8.60715019199921	8.71030373180027
8.73926874528779	8.7298468903153	8.75392059944788	8.65482084202124	8.5371080761596	8.6980048795877	8.69624678693224
8.12928005028896	8.23890207268309	8.11864005052497	8.10264362996739	8.000036148035	7.91422554892434	8.05623155860413
8.80883414502911	8.73269254617371	8.73962905038877	8.78973862439396	8.89098533635066	8.90449297912284	9.02965984336124
7.61704857191102	7.65103607753513	7.40741186876241	8.01167063284929	7.80078139791842	8.02872664600351	7.98664993238319
8.67954399333856	8.54507093124245	8.64819739746553	8.57031494840728	9.09002073872694	9.06267295809592	9.24320271639368
9.23260766669334	9.23416205255539	9.25631534860984	8.73619052726743	8.84136787738431	8.9016087906009	9.02816101823923
9.55222359789886	9.50752606944333	9.56380239410501	9.41683319440593	9.53885742351891	9.51855524292956	9.64816802220222
4.73209476884103	5.06542676239604	4.74647015209686	4.58374253105335	5.36155276091268	5.151796255917	5.58026566732803
9.42351344032094	9.45541443302082	9.52224966455629	9.46332661594472	9.46998475418377	9.35814195106899	9.44892293657222
9.38324509271665	9.42099707372743	9.3189306738481	9.4842033299298	9.4028062754981	9.24154966785904	9.34181844141317
8.67679156991452	8.58426066748015	8.69472138735436	8.61170222893048	8.78928742125255	8.84864947793946	8.77874521701985
9.00616646227566	8.95869287641965	9.02267481596185	8.84820556057718	8.84317728069592	8.8013245684033	8.74580675661502
8.53323418439176	8.530034738928	8.56468889413799	8.39937497868107	8.39912268527419	8.68868484040011	8.63800636052336
7.7012511802165	7.56586460507257	7.67157709777932	7.53053815994865	7.42120712680909	7.32832533422795	7.35480415533442
9.67018214241045	9.69704990299531	9.71933308555629	9.57142790977602	9.56770605422104	9.78857127618858	9.49216383964356
9.80379104894369	9.83173808287638	9.86039328227106	9.76486717629484	9.70842307527935	9.64362038310963	9.63746100254361
9.45881121810089	9.54072552843741	9.52306927880152	9.55199685985222	9.56903380119875	9.64713225159688	9.48912257429013
8.99513278324237	9.0228431228177	8.97911385187249	9.39117386350433	9.34531245299006	9.28576060570576	9.18911829257241
9.30577499594404	9.34457182481851	9.29051033790287	9.28447391859932	9.37614494818481	9.44264985333421	9.26491061365155
9.90229271691988	9.91395522464578	9.92225475734967	10.0696429922979	10.054776825064	9.9426316362036	10.0102402400448
7.03997892047511	7.15233008481414	7.08639855243105	6.57571087800355	6.5908564977457	6.56348250675179	6.44943517187064
4.06058943668033	4.54443054496148	4.20629623515664	3.76714346187242	3.86438374836501	3.66120811096865	4.06452125334388
7.87181481444621	7.85161145247939	7.91332205472721	7.8623548832204	7.94997952446086	8.00109987121889	7.96114227772809
8.78285285588308	8.67887856580749	8.72365584026154	8.45125699388373	8.33930064476602	8.33251031875932	8.32001652097196
9.59797545999261	9.49522176818253	9.51156209314598	8.85527030877794	9.50523211933766	9.51613675491652	9.66504206049621
8.91165739029587	8.91273687199919	8.87971470237411	8.33054647097091	8.68447543321738	8.57204540672053	8.73960301925195
8.73744134870825	8.73122885543428	8.760497423658	8.53689663394872	8.59333474844566	8.46497489327362	8.48418271334234
9.55455645064054	9.59256671670156	9.55290172105534	8.79737637790635	9.01916549797918	9.10440248044496	9.06503824135929
8.4099091520942	8.36166871566026	8.44428874741293	8.4411048939641	8.40551007101882	8.32207926853248	8.29769692020169
8.66023608733703	8.68443017745105	8.62754121225269	8.57485944607151	8.64186746576666	8.51739690418024	8.59983672268749
8.7386088986076	8.73465081250634	8.7720105366059	8.53853351243483	8.69932711268232	8.67289464556099	8.61752618581171
7.26924580118053	7.27921892303954	7.15277194521803	6.98095806646564	6.71377711494225	6.74733009247088	6.68789758534504
8.53767589854083	8.52478867928025	8.57594305709344	8.7595766839406	8.81365594239466	8.67177586908689	8.57039463616825
8.57011159576031	8.57014065322119	8.48467031321415	8.57114897461759	8.37456910356346	8.17229022778942	8.20211757158186
7.18744936141944	7.16549733271755	7.16212790184368	7.37305544192137	7.3359292424401	7.46968321259595	7.3569729294428
8.70435438748508	8.73143055150579	8.68238636073166	8.83874023656766	8.74962211917867	8.88591032775409	8.74229226601793
7.05537757175376	7.10528063502404	7.09062661174847	6.87120326210698	6.69216460636294	6.491098839183	6.46017202452539
6.93464292384993	6.92046514011368	7.01099867700041	7.1661220416629	7.55453305093877	7.49678143724158	7.39068311677445
8.83299034040899	8.82443225232517	8.84169567506061	9.20583057899973	9.1778489075679	9.09779420290626	9.10560894436516
9.71295666384541	9.73769197792561	9.6973776028641	9.88482677459485	9.61570789532963	9.59781324596667	9.57291009957119
9.65878755554496	9.62421227300544	9.6650499362137	9.93047551836629	9.89478518181097	9.63593952767837	9.65068767808632
8.3471722758361	8.40043036512689	8.35008120434029	8.3680746973639	8.75967831019727	8.65263441095453	8.8033304866229
9.10108789305309	9.11829720462031	9.17671333996721	9.23501306625153	9.0058057316536	8.84827150314419	8.8662332324068
9.92954483579107	9.91332778645662	9.9691579244997	9.95622369207669	10.1098119667368	10.020365187613	10.0504376020105
8.89928700003787	8.78503422386933	8.93891567457641	8.36851029113067	8.64658320604753	8.5722431540201	8.48249745914943
9.88512994971238	9.90374127058079	9.93072461895697	10.0198727404571	9.96990592801126	9.93748375840101	9.89809170455102
8.32974470861741	8.37544119281825	8.33687484509549	7.94164239817937	8.1970524705206	8.21179969208979	8.09049797387477
8.92628992894513	8.90413957542072	8.95009458835668	8.62995769612708	8.66941804457504	8.68821114635555	8.77680655186667
8.93601540136623	8.95312507028331	8.93778721794489	8.53571130551797	8.48635547872459	8.46249422047699	8.33274145833503
9.16953588736587	9.19323812267869	9.16492949661793	9.1250512142912	9.15887022134723	9.07270070424001	9.05770776385286
7.47232250804336	7.50132276174737	7.49512214378052	7.29801667714991	7.13314919968046	7.26442247296712	7.17325966089058
9.47398642105397	9.49992531372938	9.41936683508961	9.41235711385206	9.4952854296534	9.48907872990805	9.49884220125642
6.93270459963682	6.76437146130696	6.99740105122093	6.97990422719389	7.15065166604702	7.20995814824751	7.45954988842161
9.78465614131359	9.79588977421643	9.7870102848395	9.98838931127747	10.0415560320012	9.97766237650915	9.91884736136032
9.06436538466268	8.97972876196963	9.03097217177178	9.16220524629041	9.1945504996107	9.22960819194004	9.17022493585666
7.38646817199767	7.44044876528027	7.3944120845413	7.76127584124205	7.69690829743264	7.91178533673048	7.82298522011723
8.30036897201228	8.32057292429313	8.28594472289067	8.69008365628626	8.76718996694025	8.71322116071069	8.75789309742168
8.44699927313567	8.43863889690244	8.4534811159632	8.60761104845693	8.84999628553193	8.77562259023642	8.76272274608163
7.45984863978554	7.42653397091705	7.34942906996733	8.11212934376442	8.11468355139043	8.01536280506853	8.1855208921347
8.67685341959308	8.64842634038197	8.7353329460838	8.75544819571121	8.80276422994674	8.74448557142377	8.80275469593773
8.97895807113271	8.87523882279047	8.96158905955555	8.55652066000839	8.89092539183647	8.74378066897047	8.91198130470888
8.60064319413731	8.58108349590052	8.57698879466951	8.6947856987457	8.67530383557066	8.60882608920523	8.67575827697598
5.52820274670929	5.71438058272906	5.63562436168314	4.46858816179047	4.55123552442769	4.464372618137	4.75346068704393
8.64113004393207	8.57937635086244	8.55577633215137	8.49329567225474	8.67742488245517	8.61108768753277	8.57706566557321
9.16954028422818	9.18216165379904	9.18328151170451	8.81702706420687	9.18739347891415	9.23668405062402	9.26600575240933
8.45027648899326	8.37541255218482	8.47068041748166	7.84905972133853	7.97394187767643	7.91196168222963	8.03957166409078
5.73182871108011	5.91728397421785	5.64496458148862	5.53336640961332	5.45226427464031	5.64313051691211	5.55620662219797
7.29593544776351	7.27323636314309	7.3799052988204	7.22977911902313	7.38078826343393	7.65430823874918	7.5715007344989
9.87090812108564	9.89236661076856	9.82750315559438	9.65749684055139	9.75963017329678	9.8047755732687	9.79477587244297
6.48522271543341	6.57468145928214	6.52752839805272	5.45972548798312	5.39761530397382	5.42771135113774	5.52310727415663
9.7633503570853	9.7878304824954	9.80677839104608	10.0077009444141	9.8056304108811	9.79776358697429	9.83154283115576
8.84307239800725	8.92524732555484	8.8420365217359	9.14044541723838	8.95984903911298	8.90921184944664	8.91267845622586
9.21680762543181	9.26141749477447	9.25312419383724	9.52958298100151	9.38134784512302	9.36821646926169	9.37577273447722
8.15012878391198	8.19270214273657	8.12500582409645	8.06193674557699	7.94195108378515	7.83586500801969	7.83604913420695
8.99779522314419	8.95798780575342	8.98724596119049	8.64378163703272	9.12872668300826	9.16262813746883	9.31493388946268
9.40811699936687	9.3538057912327	9.38345568514848	9.46607017199853	9.46533279130437	9.5418226677368	9.53995388487407
8.90598170076391	8.92662866153004	8.90554615177591	8.79623382017542	8.67765741888607	8.56993278065277	8.70894303471499
7.25880664138148	7.23427448965495	7.24142518938376	7.78734860123672	7.48230282306978	6.874452724632	6.78562653618423
9.44886512447916	9.46637400310915	9.5054254536017	9.46551333509482	9.57266567850226	9.45956507905322	9.5855535924171
9.85332194964411	9.81636571576985	9.87465567480224	9.7654005351439	9.74080806196736	9.73080757180904	9.82255670854017
10.2289882210748	10.2825323265585	10.1778071461692	9.89482852233607	9.79019454813344	9.7073304500677	9.81990781666855
9.40158847664745	9.3606582156163	9.44308464461834	9.42095222050447	9.5998021122224	9.43027848877785	9.57676886416758
9.45301499092731	9.38158772203614	9.42195459911566	9.2008528970166	9.56350750361978	9.57145368789294	9.6283505930514
8.79698659423844	8.78060810516084	8.86229810362383	8.97948432602565	8.80903635603715	8.81208733704601	8.7053765780203
8.6844448749547	8.71498652824176	8.78269623713006	9.1620076782493	9.28023698407553	9.14119839388042	9.04957901674784
6.95448169095569	6.91189652171527	6.92923614389866	6.98115177127397	6.6633835035032	5.918245409894	6.25276877125023
8.67271112664413	8.5883083933107	8.59809913076478	8.64631803939792	9.17186709589369	9.06035537510315	9.20877403363118
9.56303855037084	9.61600195268485	9.60463244002683	9.73349845136281	9.58991786589653	9.60695926759067	9.57646077314061
8.84895505417178	8.82019594844576	8.90816045020802	8.95871070023972	9.07242886491205	8.96637264547305	9.01346571045091
9.0057221288382	9.05931894520753	8.99089168539829	9.43703272931887	9.22132044877458	9.32164825810156	9.1346118833504
9.48723965037152	9.42078554557873	9.41229588041116	9.00447720598116	9.10384245760717	9.15263522926974	9.34452541898836
8.68866709147129	8.72884815590791	8.71912826842335	8.99952281418265	8.95455361341721	8.94608470551541	9.02323536727078
6.31046513361355	6.25642842561145	6.25064505379456	6.16877959488581	5.91353203486277	5.76015195841534	5.91218181641573
8.8015428607157	8.768613594062	8.82654862058524	8.96256494330056	9.07974487123634	8.99029205432661	8.99358682720108
9.5670355986639	9.6180467709324	9.59354013039551	9.41858600570454	9.5741889707886	9.68565299788198	9.5140722721369
7.4303684046285	7.44784769302741	7.40435777323246	7.54585504922344	7.89001238459652	7.87149223619548	8.08011838554368
5.00220416527638	4.92924564722571	4.83134267494861	5.26475317081045	5.11722466273685	5.62171573435207	5.35750348130938
9.60644841009924	9.58520395295951	9.58088926258547	9.64466066581179	9.65900730343933	9.59746192801205	9.59102663392333
7.30433647427899	7.41032705272885	7.29162343294878	7.58448177170328	7.34446834851818	7.61048944296478	7.62055515771304
7.69359723360218	7.6918073213912	7.72122850629807	8.06762867917202	7.91201814755165	7.89372649781898	7.95310251872113
8.68532839630068	8.64077188646799	8.67696887878751	8.83382095307163	9.05948318919112	8.95404530108794	9.0021882951306
7.86557263908663	7.76879603088428	7.73458939510758	7.75947170818862	7.93536090929384	7.91034879648669	7.83216028889359
7.50933785394407	7.44233500203055	7.45687772189066	6.80351385942111	7.12343721580852	7.30301245515286	7.29549958174777
9.42753154105424	9.53029907629481	9.47038966526073	9.23808701511866	9.12628138139433	9.08505954241702	8.99098344401865
9.54534812790196	9.52325858391246	9.5264227639681	9.76173488541864	9.69319759266169	9.55736838202268	9.56322875390357
8.56861327161205	8.58117546198055	8.62588217604527	8.7081143769781	8.81333649429473	8.73462883975897	8.86066712813989
8.31389948441604	8.31629324313612	8.29537151049553	8.36597667043083	8.4667442223235	8.63974210074952	8.46123119232456
8.93090735007645	8.96830571324636	8.91840972182663	8.85832563786861	8.74033119966741	8.77083464724508	8.65072900028744
8.01064229215985	7.95684878634143	7.9893979882296	8.14348322271809	8.06186065076699	8.0492284858784	7.82593423039354
7.55765771455259	7.48737835158841	7.42361781589318	7.06056786631778	7.31620267860985	6.97817441493999	7.38210794435233
7.64257948267633	7.58504795055596	7.51440392491099	7.732409074428	8.18305018590766	8.34805877544809	8.41773852162992
9.39630473061034	9.37697729759408	9.42360516606245	9.44504016372607	9.41328483661083	9.40774201686788	9.35466067604222
8.62336140718445	8.59015699586871	8.63126604407098	8.40170775434556	8.64247701252198	8.50139226416765	8.34760932716777
4.89248212747899	4.95096131360126	4.71998605491883	5.69497013975925	5.83726590563061	5.5687011252548	5.99712918306317
8.84172076618766	8.79897533560552	8.79741905265824	8.6408548092274	9.05325810609592	8.99749438406698	9.00416392535018
9.18642936282354	9.18543293502458	9.16030986558416	9.1751593012036	9.13842491462918	9.04105312887078	9.0428232679168
8.25513332475239	8.1679806381414	8.2449231267097	8.7407221028712	8.81098243946199	8.96780923539797	8.76824355106577
9.43759098247937	9.48142993689285	9.4197001752065	9.53974767565426	9.40853737145084	9.27486876753911	9.2441052563802
10.1000269688899	10.1012902104134	10.1151861926143	9.97221268888542	9.80364063283029	9.86418913068124	9.81183721876503
8.8340864577646	8.94992749170125	8.89675347219544	8.82316476948484	8.71532337788599	8.78731188538516	8.83388206638714
7.87003733963687	7.93925049931946	7.85499067673038	7.89001651937145	8.01752087605508	7.79703343853472	7.80800889251901
8.29478813847882	8.21224076776656	8.30106928594384	7.96404356986624	8.3266760720968	8.37098859715996	8.52812150901011
7.01695369782833	7.01038982137635	7.0183059888924	6.88655391582276	6.71439739262641	6.87682238834669	6.85942215676064
8.64681620962647	8.60249254272075	8.62238628850027	8.36059111982702	8.83280640081977	8.69109478347316	8.80984323850901
8.84847340271353	8.90936014487169	8.82851744716046	9.58019260195556	9.2651411225202	9.22194335311502	9.10617075501831
9.26239891217871	9.29102093123342	9.25571959285775	9.65902579683951	9.54733353526137	9.56588170963637	9.43842666892704
9.66422706375137	9.71211491082273	9.70812577130692	9.58454151418131	9.59947377525098	9.4150215989228	9.51334430351682
7.59104384933513	7.46335597908101	7.52559823899483	7.79829203616701	7.86255200309277	7.89601549881496	7.88786913330705
8.68808076315377	8.72009921449072	8.72020406026619	8.92286565892554	8.86070239229781	8.92810571041097	9.03377883981275
7.83883250453066	7.77938540517223	7.76580496391512	7.72676907126203	7.76161071057729	7.79284098428237	7.78725402755736
5.95708944355034	6.09749952038097	6.05688752647673	6.49655356512887	6.7175030634233	7.16505325675017	7.02126218259067
8.6534295490493	8.68585804573592	8.70750580383287	9.00262052917872	8.88663950552825	8.79018506451884	8.8273904439408
7.33786220364085	7.40190544873523	7.30590906614406	7.47847727349078	7.07762833023039	7.31637097366456	7.28185704715094
8.74204085529116	8.64977489338241	8.70051736179319	8.65897721131523	8.76395512827624	8.73432693126962	8.84209784106422
8.65975923053803	8.59243198505482	8.60991293747233	8.5131610106865	8.74633316234915	8.80024779948273	8.7823595820364
8.38656851047304	8.25885090042242	8.29928221244539	8.14537438873076	8.58513376762805	8.55336204356002	8.66130513279488
9.05656313129412	9.00199322313079	9.13588314506154	8.81924293389292	9.07417466793362	8.88762578333508	9.09784703916394
9.4257230647194	9.47909272499934	9.44350991085412	9.6990458996751	9.43179960320108	9.38842020778243	9.419054374445
9.47054653334637	9.54312197610353	9.49003419147101	9.75408284963669	9.54921813494916	9.540309986087	9.49854177882376
8.88167857361707	8.80091202110529	8.8959716687039	8.86020008780876	8.95666957938188	9.03739485366315	8.94391848169987
7.21953011023835	7.00869305170226	7.03035319624809	7.56453739914907	7.59400236668832	7.38910776790069	7.55999648019543
5.25321012533296	5.37498948494059	5.16031280660823	5.45253740591006	6.18571405474679	5.96727047926681	5.83662357846989
8.24502065158573	8.19891702804748	8.17555572248194	8.58727309278234	8.75966257197186	8.87762434263737	8.86627659314917
4.19126678563097	4.46032779524435	4.34387592515699	4.57269256278061	4.1854853558703	4.36569497657348	4.25698931534773
8.71311283703829	8.71882669731773	8.66856855881442	8.98058114082825	8.76352186098393	8.68441388237768	8.69560423296004
9.4227977438678	9.37694804207488	9.43087619516204	9.35485813869407	9.5207908782755	9.47876219880804	9.49536100675768
9.39900193343613	9.49985804653427	9.11095994867254	9.65964576498494	9.01497104112327	9.36404787297803	9.26222540650765
8.86819583932671	8.83173569289502	8.86986311595147	9.0631094393966	9.14463281402138	8.99341254503861	8.96787669468788
9.16192529471977	9.1711906721109	9.21193575505535	9.17878508142733	9.07245795430917	9.04014439511923	9.0838432710445
6.34347701210465	6.36258763262094	6.22144991565686	6.49598324710306	6.22550500673028	6.07063693286707	6.18806456267294
6.40658019138194	6.54603713426021	6.35704562948334	6.00816543267882	5.73760776265926	6.02334395600708	5.94905789708668
9.41142523315807	9.4569412729621	9.41269589797287	9.43938339586536	9.3639284054383	9.43310636195088	9.3704350281864
7.48796624901468	7.41781388125793	7.44034805573911	7.39966560261551	7.68976323408927	7.87456384774052	7.76364594528582
9.73951512005655	9.76565207503118	9.74795913041904	9.70936207171883	9.56925598337052	9.48151719926562	9.6550162296004
9.14377826124097	9.10853742226706	9.11767876907945	9.42846739699852	9.64471507680071	9.5799268872245	9.66476497510935
8.59855606304707	8.51471785364753	8.6281411036039	8.939602538242	9.07936165066367	9.17906442703923	9.11531502016784
9.21559716849025	9.19780322108033	9.25675819431196	8.99759908647159	9.36454639317684	9.2936551318957	9.35797404424502
9.29510070716697	9.14827558501252	9.28341142768847	8.80394994623571	9.15995374444802	9.18806978893029	9.39128610971936
9.62607096369927	9.58212995829396	9.60405976635902	9.30089420810525	9.46175716258067	9.48028002444865	9.61981451294397
8.415922672658	8.36475059221308	8.40067806742358	8.63226887449865	8.76003104739469	8.7953711457884	8.81265400608418
8.96399687923766	8.97036793624325	8.99780311560835	8.65248212188426	8.55721986038849	8.5462932976459	8.60956887334769
8.77484627968349	8.61413123169493	8.71044307013885	8.66622113016616	8.66565950986265	8.61243224408352	8.64798983744505
9.74496293847966	9.64274278990224	9.70863526630054	9.82553034438548	9.96663812174572	9.94810247539302	9.91167254674215
9.35312906808752	9.3236067762863	9.36049533881565	9.12374818546182	9.24884230748103	9.22178633980599	9.21960566949042
8.72310754547628	8.67326358688298	8.69349887789661	8.62995378979537	9.1038425979259	9.12396228198176	9.2203505444006
8.58331946149218	8.65350816419861	8.58997581800687	8.92821610032902	8.88237301869912	8.88209616577399	8.91908503829255
7.08752805547239	7.120020480577	7.14578553229325	6.89437013029342	7.02348609435328	7.02386462094962	6.94495587640911
9.4187924953894	9.37385127904894	9.43458980556837	9.43633314041011	9.55177701747444	9.52244639815878	9.54969139548859
8.64568055534172	8.72054453928663	8.66262776554266	8.88592606779623	8.68926493181888	8.67267944770011	8.62332540954108
8.18233618027281	8.23109253137162	8.17906858292901	7.66346963299833	7.79494838399167	7.73826057454556	7.78368963404828
8.91580880647665	8.9382353393411	8.98883540421881	9.31010601132721	9.2623936752397	9.32690801417917	9.23621065121186
4.6754424377089	4.9404348365342	4.91669944702851	4.64988843027266	4.62687900284247	4.71102792133525	4.60361442893521
9.14277958255211	9.1598209419388	9.19011325896765	9.2904107501776	9.19650150029034	9.34350316334679	9.21862703337056
8.24961523058014	8.2197238888095	8.21965432996727	8.08061307061907	7.98062239279711	7.96787841941709	7.97345195153342
9.42973306126619	9.34155870379957	9.41190889184173	9.86166253315317	9.97676982965964	9.84163871453369	10.0317834064457
8.62364497811658	8.72788473000118	8.60794852360137	8.95470955893662	8.1695255333291	8.6238174903683	8.50437209042473
8.77111461227389	8.80968500953435	8.80232664572431	8.82783195906828	8.67724711254386	8.75817239695723	8.69720608458516
5.93325401401247	5.90904512295888	5.95522816419567	6.21568935866083	6.02803102945862	6.0285457478551	5.85202788322602
7.57766636826023	7.6075327268825	7.52615314261637	7.24619083267428	7.33480532152753	7.42544442393453	7.49590411872886
8.76348846400895	8.77369148070792	8.79884637337845	9.14123012981911	8.90223081090319	8.65260263850109	8.68785777994691
8.83379714326261	8.7532574660726	8.75923860729445	9.02630069182401	9.03123536539608	8.91684660856546	9.02252610056634
9.66154591345042	9.66565100126261	9.56883839229361	9.35505424302334	9.28194799364396	9.44091238864322	9.29440551181818
13.5523775917417	13.5230898177127	13.5553417540746	13.269768871214	13.5142982137202	13.3678533681834	13.4652958670184
13.0788591675279	13.1021333763607	13.0809666807378	13.1694790740984	13.0752156766565	13.1701079841483	13.0932578293472
8.85351508859015	8.90775365726343	8.84990642719	8.86107842929509	8.64407156125175	8.53017364550227	8.61099844757896
8.66187831389708	8.68449282907819	8.71369505184965	8.98633682607371	8.97481957158336	9.10156233962754	9.01712643476783
6.18167849286207	6.31126967229093	5.95132823339098	6.46600070585202	6.85190200369231	7.29318301380737	7.3489734529221
8.42322561703492	8.34669604127541	8.42515074869722	8.37128250484164	8.71756375185321	8.7807449713334	8.70035631529552
9.3244277388488	9.28505238658944	9.37045984425008	9.79403294355582	9.85453026120217	9.96031202653539	9.82617766353253
8.7967729344027	8.77295545699047	8.81788601715283	8.78298474814803	8.67434743610094	8.86238153047906	8.70198416652612
9.25768866710754	9.15183970442143	9.23421384642315	9.10000522074684	9.35789981735589	9.31225945474321	9.43315141957146
7.81422227454397	7.78444210912482	7.80400948110366	7.87565103210724	7.94236143252953	7.98028120073656	7.89181337972465
9.54442940424315	9.47825327141302	9.49776083578775	8.98753326674196	9.27304978123541	9.21882778062722	9.21190434702266
8.93520730398934	8.93854354809586	8.86892605866776	8.73999622119691	8.68613696072164	8.69824797324508	8.48299084147885
7.17201082026089	7.27540714005425	7.17157461014054	6.50115033421205	5.8356864829984	6.27990347295072	6.33206087494552
9.62682906873172	9.70082412284106	9.72351910506073	9.44099433250463	9.49907717406122	9.35645849866276	9.3633636663865
8.75919464419001	8.74479339058895	8.75388100384471	8.57522292445485	8.75105853071484	8.87766041037505	8.6941110939968
8.76713315661762	8.88196498337955	8.84246096735845	9.31749161372416	8.8757905853549	9.06204532753725	8.8751722458767
8.73964744647018	8.70002796309498	8.74733867494234	8.85608820345161	8.90132657434605	8.78810533895358	8.796911980871
9.26871076843321	9.2894013939403	9.24947095120378	9.0054482090024	9.08978358267975	9.08914771006075	9.10740534225064
9.77165949339364	9.67911943398402	9.73456607062154	9.62808305361216	9.89132978934807	9.99694371076241	9.98079392880564
8.99894417815088	8.98649548189941	9.02084617580623	8.93172285769946	9.16120937305028	9.14583011225959	9.16951866050818
5.46307866050009	5.72537542024282	5.42013046152918	6.76768920997365	6.55308957243075	6.91527855938396	6.70928992111651
8.66377916247959	8.75155372055742	8.68673130113333	8.6956368347643	8.60316862500092	8.711835690032	8.50172264763019
8.45783363546067	8.43056666792188	8.48019259819082	8.65157391700707	8.64129706350027	8.69598418459753	8.65461972623186
8.1611651312138	8.24405609683836	8.22583189500749	8.28346900512028	8.41752911435688	8.26957701103097	8.13636014067345
9.08805150883805	9.11413865698882	9.07234564130038	8.79804062567062	8.78240735532267	8.80318915314752	8.81472942211027
7.65474570898981	7.73852708781993	7.68812298385339	7.54648673126418	7.78503096824734	7.5501999479999	7.65582601323349
6.55120190116847	6.68145857698587	6.52440314479236	6.56439584848593	6.14300414325663	6.40592759629766	6.3417893064987
7.56368819426171	7.68671075443791	7.61118435459812	6.75817022673977	6.47109242131527	6.83896868342704	6.67063114065035
9.02649771969494	9.05436883530605	9.03600863156472	9.06756390802131	8.83232913276227	8.8269426300966	8.80402797281548
9.461170854265	9.44367947377855	9.43884664004365	9.56077770149567	9.56330844184399	9.5123219762776	9.46542020987772
6.43305062290904	6.34967948279525	6.37604184575619	6.4258167344026	6.79836506309298	6.58393417226452	6.93001637684211
8.80882794440227	8.80760401914883	8.79861769655679	8.9472346954271	8.98024704898391	8.78834576332675	8.87345910948521
9.13611241049824	9.05901190000105	9.08620687717596	8.97779552884173	9.1345130297985	9.237048115689	9.1613938877238
8.70359127174903	8.63882036330701	8.60945669869239	8.77996019819087	8.77928442606785	8.96136729269985	8.79825012126747
7.57508956657565	7.43095333254441	7.49170891159754	7.68187260647273	7.61623005244572	7.76464509541811	7.70871604097738
9.40754497129095	9.47489372675284	9.38714950069605	9.55753190848247	9.34635110879202	9.25461174462829	9.25527290933378
8.73271656416166	8.79885887973458	8.71840856128023	9.26848841721619	8.86005272539548	8.90619839977376	8.83796483430288
9.12586922529932	9.18173525559917	9.15551782341717	8.9597666234742	9.08175238758905	9.12292795358627	9.17114807911433
7.99035851135212	8.00685606774686	8.05491117981126	8.3569416262847	8.39029947690247	8.31751716292161	8.1011216012385
9.33294863700694	9.31972695861353	9.33963280574859	9.44384526238649	9.39268364828031	9.47273957394292	9.43877112469495
9.77738936230989	9.79055862890962	9.7638501922442	9.51114995967412	9.52887544920453	9.50475203946469	9.54678183085684
8.54804869707723	8.44834118775339	8.47806851383852	8.19744166001488	8.46434768566776	8.49965569970069	8.49177171732461
7.30555630769988	7.30232338967284	7.20836423643795	6.30774578994038	6.07266511347561	6.10348683595165	6.30586691236524
7.74630228147699	7.75821827585669	7.68055387148395	7.78741411489397	7.76170500533463	7.83573960699595	7.87450328774125
7.3134242463093	7.34266525354804	7.37013648975524	7.0562961076335	7.16519326837276	7.21100687338099	7.21306090339255
7.60241917545682	7.63667788868119	7.62887542375714	6.93651502741868	6.85920635340689	6.83330567872057	6.84098472055055
9.18786426617431	9.16518667363246	9.15869089657776	9.45581870717637	9.42645061771593	9.4006324553511	9.36280454792993
8.81965500705188	8.77753846808899	8.86018948412403	8.89053498252071	8.90553772824023	8.82087187008692	8.82211337016837
9.25473982473047	9.10978215604249	9.25871407366134	8.9016675735683	9.27030447255749	9.1452678309972	9.24983549590818
9.51812258732176	9.53568405143164	9.57966065247676	9.51137049254984	9.41677209346991	9.30778576472529	9.34493719572822
9.35397848653187	9.34888555653246	9.37890527095903	9.07369045247726	9.33444829766355	9.2322076065676	9.29639903371993
