LL20_1	LL20_2	LL20_3	LDZT8_1	LDZT8_2	LDZT16_1	LDZT16_2
8.73975918682468	8.64962506251748	8.67864865119256	8.19919307334473	8.39555259641823	8.5024692339211	8.49296895881479
8.60743236164205	8.40315778579965	8.53977849087513	8.01038325253267	8.36220685061503	8.49595224919331	8.65160079072574
9.35195700400409	9.27807931116876	9.28136440937748	9.1042903871302	9.24818134300736	9.21715591078204	9.241279526575
9.68361022895971	9.60828078239542	9.58896765632951	9.94174834920658	9.86583122317684	9.91557507400034	9.97975106559704
8.937457924228	8.78838128038091	8.85498072257418	8.83981974918089	9.14542585230352	9.20621881811874	9.38686475893385
8.66005444438376	8.59651372605792	8.5541681477797	8.74325754288389	8.43243553098765	8.60444120702238	8.60357055469368
8.71283873323603	8.57647597282138	8.60702415036548	8.5876650161722	8.71462103716636	8.86494900093037	8.89130012536123
7.07926158541157	6.76311836920863	6.91552863347543	6.32770781386742	6.84103241670866	6.12671843952759	6.48025790706523
9.55534584074583	9.41660463604299	9.46346218655713	9.41324062801935	9.71329928257011	9.80096233963248	9.91510751446878
6.98072929317446	6.92439927624168	6.99362500066594	6.44570502326587	6.33610941391263	6.21269166263744	6.10853944546634
9.35228007981798	9.31671669902044	9.22743548709093	9.24331562657704	9.14999237896773	9.44526785595998	9.35646695890992
7.36322183009991	7.43062510635792	7.30538129049602	7.39575320129051	7.19929272428226	7.20472095152887	7.24504144537121
5.2827949794967	5.00906167331107	5.01042024320893	5.39183815128713	5.35882949041271	5.5032817909918	5.17314852688942
8.05802775097234	8.00531927162525	7.94989062826691	7.55827416664956	7.49428227459788	7.58844917425448	7.56295647775194
8.61445278931982	8.398171917946	8.48194493383425	8.52112116823209	8.70401293760038	8.62399837359234	8.81910930498907
7.88214857252347	7.80462192138812	7.8062795264287	7.84841577286928	7.7597089266949	7.65577219909809	7.81489705370215
8.69205829432945	8.57331978026769	8.59036466916346	8.69005017720068	8.8987637355845	8.88066821332467	8.88729374944334
9.0710410786066	8.95090751849762	9.01042024320893	9.48390583219821	9.42330281916613	9.45663932516848	9.54780728317167
9.36033355077508	9.3495575282377	9.2851650690896	9.32463061033841	9.24513575386514	9.48282929307525	9.39760798152636
8.02192841034561	7.96927373355726	7.94290842448292	7.23896360203734	7.64238091358702	7.691859499336	7.81489705370215
8.15009694670917	8.04959983318595	8.1518651449554	8.0407037038756	8.23288869355386	8.27110834886276	8.29428496439105
8.85823470609935	8.76422600461112	8.76679123654773	9.18794831617711	9.33782588650165	9.49962167476	9.2918623021242
9.27599941798784	9.13983893693636	9.21842874638272	9.62566620459676	9.54271294944494	9.68184571070798	9.53352305716542
8.96855812100534	8.82546507206775	8.88579986607223	8.69482468252103	8.81579987153373	8.92075421918769	8.976737602275
8.24779804484015	8.02115786512203	8.1699178732009	7.91267031458857	8.12038072285719	8.0046348590622	8.21849965791871
8.07378645534541	7.90845773237266	8.01874510785986	8.17205694340722	8.66352304788372	8.691859499336	8.72167515408344
8.63637298002027	8.58590333183583	8.59315464303797	8.79457219001123	8.60295543369644	8.79632876589203	8.82666050301799
8.99693718554826	8.83919506993555	8.95510519433273	9.18229289913148	9.54914803835453	9.585766515682	9.72885722263546
9.04169442818579	8.94359284147499	8.94858403644246	8.47375571329179	8.64423170927496	8.65211332054324	8.8157404884183
8.31762496365979	8.21912100116421	8.22419953424067	8.20143154554074	8.53175698001655	8.81608300023307	8.97144884783883
9.2827949794967	9.07392308562428	9.15262186935821	8.7886290506452	9.0460301850646	9.16367927315422	9.30273238734311
4.29360173445328	3.90845773237266	4.04994860739557	4.39183815128713	4.65161123964056	4.74228892617914	5.02931275431577
9.90302858807828	9.7348649797554	9.79880627949526	9.65045538906133	9.85628218638995	10.1468780122928	10.1388485641258
9.08704733037816	8.93033223199543	9.00958510857438	8.83550245406611	9.07856054716256	8.97974521997048	9.12836356984132
9.07025572472716	8.82652587729267	8.92308784808659	8.71689913565946	9.08470694953294	9.22407295505044	9.23183158815359
9.07809009120112	8.86987527005361	8.88670979674944	8.75244671433855	9.45158663133256	9.36350195316966	9.49875763900475
3.6537772986976	3.50406747729333	3.59538274393009	4.1162037086737	4.10299058598312	3.99426814350394	4.00585378149178
6.61552982934064	6.4853829140284	6.4128796764083	6.19919307334473	6.63681423771248	6.56995283063709	6.44580385073611
9.27906138243591	9.22918308017837	9.16129579064825	8.89064400825857	8.84988086677683	8.95084907433602	8.99397968120348
7.7549895500559	7.60024001751621	7.66492367718316	7.54423322817187	7.60295543369644	7.65723315622637	7.81995028142844
9.76521629190315	9.61136149046524	9.63572320779529	9.61058563131412	9.85188433195214	10.0169204837083	10.084595189817
8.93357681133048	8.79598300311425	8.81490983157214	8.21478992839575	8.62561603110761	8.70463307551949	8.78764344436871
9.5497223877444	9.45655179621208	9.35718019107622	9.59534575325382	9.62795616956213	9.67284571245703	9.66523561803607
9.11549467705396	9.02208415410466	8.96848956274301	9.00654799540234	8.98818611049232	8.99946081272426	8.94007635907149
9.63079091946656	9.57836637934766	9.50790250897149	9.42382396687718	9.34467142741605	9.44569062374056	9.45936056617197
9.59520030026555	9.48168412504285	9.46620408483108	9.65127440415053	9.80052874725298	9.88254306094511	9.9264750929624
4.80494137203125	4.69272904131723	4.73934851830971	5.097094885726	5.3497843508097	5.27872153297264	5.47599588021107
6.09479128370517	5.72494366618239	5.90299116750038	5.92355863073131	6.09218383102654	5.68040947859246	6.17314852688942
6.26093554553296	5.9362408888862	6.05966376222878	6.03820119667243	6.44204285866169	6.17239029791287	6.43266844854697
9.53328931290532	9.32762204383997	9.39476431176481	9.60383221914165	9.83537319662697	9.94308460288016	9.95431676187628
6.79546861941097	6.7542265380355	6.7653077453724	6.15367841409237	5.99690332759343	6.1309306908145	5.84990350353006
8.92838569913577	8.77635419636532	8.71905711431664	8.59619664979332	8.72427707896282	8.80952826364689	8.93231991543706
8.85550232831121	8.69795515102402	8.81872901326219	8.54951460700792	9.14607909888062	9.346396476167	9.42881465297693
8.18025379118199	8.08282863884617	8.15715389939157	7.37210193322587	7.69511287827714	7.7018042608075	7.77034473542464
7.45512848740973	7.27458563117056	7.46985186184622	7.0180233147348	6.98234523190327	6.94488011654178	6.71536138015124
9.0827703711887	8.90895858120286	8.9808989989411	8.72936310122551	9.12568963424225	9.03417137973137	9.15460122775571
5.90346957693725	5.80892205882175	5.73531300507456	5.66269206158022	5.83780129544565	5.72567421232824	5.78936196159501
9.3066639494174	9.13941216721253	9.15639954902621	9.31018289977236	9.31186186766595	9.43721163935267	9.40154593105119
7.77247697678474	7.57899596479989	7.64570169724564	6.79901353279301	6.74770782922471	6.76414836014288	6.68614124123624
9.33669024735078	9.20817454816987	9.24988617790432	9.43528156547715	9.53774327508228	9.68686129325465	9.71626504134012
7.95373070332771	7.85435670836659	7.82917992853878	7.66269206158022	7.71989597920703	7.64550386364426	7.53659589121505
8.61714388325603	8.55103095626391	8.5976074090446	8.57217976867478	8.34751417718488	8.4885852797851	8.58588061184678
9.55506518807675	9.51989244445501	9.42138188722186	9.07162419820988	9.11104285827786	9.18611824857964	9.27048865133163
9.7461656996689	9.55006798256642	9.59036466916346	9.43433023340121	9.64006407505973	9.62362476358355	9.87115605275866
8.71233543825765	8.67987383641565	8.68179749574756	9.00270251545104	8.82480395491678	8.97857704578447	8.84164535252775
9.13214716566366	8.94993436834882	8.98897182394489	8.82392610275849	9.45633494623073	9.6543097610196	9.70720285676407
8.59219439986007	8.38671052665517	8.4607150672741	8.07284733947932	8.29074888051275	8.42568538597164	8.42163017709453
10.1215723902695	10.0582048518773	10.0426190655971	10.1822928991315	10.1738925076056	10.3585711901131	10.2581314448116
9.50159944962992	9.42748235905002	9.44659195557711	9.65127440415053	9.68660666099676	9.98673447081854	9.85072672468843
9.63398331252479	9.49908636390609	9.52085476528033	9.24548672561867	9.67125869666332	10.020046584695	10.0296762909287
3.76667135510354	3.27458563117056	3.32162193150323	4.26059361800887	4.14542585230351	4.04871592752632	4.95775949329073
8.87542061827731	8.77415664066107	8.83107198787999	8.62483251775421	8.90803657976839	9.12355116044891	9.30873612068859
9.4030620946317	9.24156337657151	9.28929985589185	8.98851407257208	9.11304892354785	9.1214357714469	9.27907614716835
9.68566279205306	9.42398236936426	9.52378231303995	9.11501679372326	9.53973319959209	9.8206536604427	10.0165309148718
9.21690704384024	9.15469689566348	9.15337819705097	8.61142758934262	8.81086476395891	8.79168026231396	8.90404627158038
8.76375975968364	8.70777533536485	8.66014213888317	8.78415557406589	8.57023112783118	8.70745635438702	8.60552278102796
8.62839198027769	8.51792379046626	8.57351056345258	8.30706804780838	8.30368793622025	8.19268170190595	8.297911346797
9.00312282475504	8.95963645629823	8.93148977398721	9.0331831219058	8.99690332759343	9.1512911179733	9.17577878293409
8.40306209463169	8.2447411202371	8.31892782233397	8.0407037038756	8.09082727705646	8.10225638208568	8.07793145953594
8.69766297926986	8.6254486267776	8.50938022603286	8.92084424603427	8.6067570038563	8.90115873911246	8.89369862140975
8.85093683386542	8.64361882969212	8.67443947230336	8.13740287437953	8.54964185832885	8.72218859806714	8.79193590525884
6.00229960359668	6.02023098102918	5.94553071246491	6.19020429011748	6.00844494947612	5.8278069973652	6.13581237561644
9.45151421819361	9.34512301130088	9.36927490709465	9.40646512728254	9.33896906805187	9.50084274554038	9.54068284873829
4.34645361671901	4.39388455954291	4.29992686040391	4.59619664979331	4.97941590086459	5.27110834886277	5.50138119863099
9.26437299066855	9.1157432613189	9.12358359479062	9.29977379948817	9.56242220462042	9.7298458635459	9.79835074482227
7.88483099357679	7.77745172022265	7.80724100266614	7.89064400825857	7.88552433595468	8.05980510618812	8.08634369935214
8.95585825870648	8.85019007719348	8.82063481940577	9.18681900493284	9.0537096832119	9.22948460519797	9.23939488223006
9.403685693103	9.27575113146895	9.30265665315948	9.4820656597027	9.63402282431492	10.000324443424	9.89649183630143
8.4277981492198	8.33173708499364	8.34696812736907	9.00013315583891	8.86344988281626	9.13040483148997	9.07793145953594
7.05247128452403	7.05504055003346	7.1041556814748	6.76309395853806	6.83131726187546	6.90115873911246	6.93930258858317
8.37408121973629	8.25107568602721	8.22923010735081	8.59959522625518	8.68525897753501	8.51138228976291	8.49402317518679
7.92187043121696	7.93525779171638	7.82348881646093	7.96893853423532	7.50450694560835	7.59456229798108	7.6713062000733
9.63637298002027	9.54556558689869	9.55959880417274	9.65045538906133	9.70090415841185	9.81411970434257	9.75986506435052
7.91488822743297	7.73965939638463	7.73632294214127	7.36012929155979	7.34068214370245	7.15180942049042	7.20182091677208
8.13214716566366	7.94896056133184	8.00456412308566	8.22802575555245	8.46316615022745	8.49022563816635	8.69166528770788
5.46591728332058	5.55615598844178	5.46010388529466	5.95573903648046	5.73038835302467	5.88379160714237	5.55893222119315
8.52900873897805	8.52708794585921	8.54957905431696	7.83117220056738	7.85708035794054	7.89745477034904	8.0336691593599
8.42841114903395	8.26366198213432	8.42858519881958	8.29663636793441	8.75028791046238	8.7340054869202	8.86709326482758
8.10172547882638	7.88319097376223	7.96202875910665	6.81079070056935	7.7783683819265	8.04871592752631	8.14523738840571
5.32554462695603	5.11704435418408	5.16242333665398	6.36012929155979	6.45052932454952	6.64844513895638	6.73332792668069
7.53129329217261	7.28850987370218	7.3429955822958	7.32360341553468	7.67171244569707	7.81084159559092	8.05239636742881
9.97549568429746	9.9051979698784	9.84682132029155	10.0363214634542	9.99400343708763	10.1006465306549	10.0793369102471
9.16083436472845	8.99497732740379	8.99868413515796	8.68365949104365	9.13295763470629	9.21864092896863	9.45990019402224
8.52900873897805	8.37443219687673	8.42545774248777	9.16404512965062	9.05231644791204	9.30877876682882	9.32007483708002
9.53670465095541	9.40031082870234	9.48375018333889	9.59704704477278	9.62514754757017	9.88877501465663	9.84247329805457
8.81996958126359	8.75812345928823	8.71188715615375	8.51393462763883	8.27888454521968	8.55592327073303	8.52426508930433
8.86050774113846	8.83340216364905	8.71803501364272	8.98462015646759	9.01989497021966	9.04034274650131	9.17905987382045
3.8857240267473	3.79164406738991	3.8101215927231	4.51213238500484	4.37675139840998	4.13513067934379	4.61427525503692
8.77102776014767	8.66156302919412	8.65267254728106	8.55477672241334	8.77161101575119	8.7186945420098	8.84081693157999
8.22680793101891	8.03499013830159	8.17960292663081	7.11145017870307	7.22672595440537	7.33639980911448	7.25502553394382
8.76909320398667	8.63819175730779	8.66810258785067	9.12330476504885	9.2463547611543	9.26153502215596	9.28274091215565
8.30366007201801	8.11183292753874	8.20535945180457	8.7324623398844	8.67804999293658	8.68112777337498	8.84247329805457
8.62892542270968	8.52316757648787	8.47167229747059	7.7478594448429	7.91495230825389	8.12987878042092	8.1665518302525
9.9581949514723	9.85383653708247	9.89170418268138	9.76989735357623	9.82765714564366	9.95886819248214	9.96803866755948
8.31630078271241	8.12568844859333	8.18996078167226	7.78415557406589	8.05788133442956	8.09257021711574	8.12087610531157
8.76230175547577	8.76311836920862	8.5644405451094	8.76460859914006	8.483984621735	8.78968345225002	8.70992749410061
9.26917169563272	9.24275585084319	9.19217068004803	9.94642700296477	9.7163814950308	10.1102788033559	9.89210006718427
7.15972729596389	7.09959921972467	7.1833107031278	7.07284733947932	6.92259776886475	6.58231003715707	6.46743386670765
8.77247697678474	8.69563477249264	8.66757325559711	7.96630827819064	7.67895308845332	7.58077116230088	7.66757348119697
7.82742538618263	7.76200988276079	7.74838736122021	7.95308458303448	7.67714633174769	7.77898686911851	7.66570349384392
8.70981632631869	8.69156510818359	8.65694561975964	8.55477672241334	8.50857660991739	8.71589319153566	8.64307251934436
8.82742538618263	8.7547838859431	8.75985518933735	9.05933540976177	8.91878010312579	9.11187794821669	9.08634369935215
8.6986796777199	8.59028177234641	8.5797132876642	9.02309430428222	8.79345771804944	8.98557194453412	9.01028149353258
9.1486096321023	9.02532149006356	9.03566236067077	8.79753460386709	9.11104285827786	9.34956276221179	9.3708853783494
7.78880048916034	7.67869948141317	7.65534470037114	7.78415557406589	7.88552433595468	7.86621286000454	7.87439806545081
8.23734116136361	8.13428105910939	8.11739508110461	8.08986331649492	8.52775227226565	8.88503907374918	8.84330076870582
8.18606525942652	8.08726088516143	8.05157234987523	7.49763281530973	7.7597089266949	7.72706610345491	7.974473366852
8.98781666928189	8.73627675698998	8.79372167309788	8.32770781386741	8.64423170927496	8.74228892617914	8.86138607157736
7.24849248289972	7.10834815521426	7.14275335651384	5.94509179228095	6.20180832220104	6.41622505672257	6.48874437295306
9.21406569375216	9.05050804539151	9.08881817662994	8.85411813223346	9.2735135957411	9.40409421613744	9.50765834431715
8.74074665780156	8.65441210976612	8.70828877007795	8.59619664979332	8.57896593780879	8.64991353098227	8.63640438909372
8.72336757088268	8.58715567135969	8.68336934450398	8.1280194589209	8.41736246061432	8.39886389606114	8.52632755576122
9.42319232949149	9.42503325811357	9.3131860810094	9.41420596431558	8.96763873308823	9.18915124557806	9.228668475637
9.79618123737601	9.73232029406519	9.72160920244171	9.8282781272982	9.94566927837454	10.0336090351361	10.0684086854174
6.98906377643998	6.86987527005361	6.91195760432324	6.44570502326587	6.59149024720299	6.59760917353995	6.63353715719755
6.31232093179987	6.15807162244413	6.07889998109169	6.30290442286684	7.20932890417084	7.35091761756966	7.54475826116841
10.8003311746062	10.6660144213121	10.6832384224983	10.6339766828812	10.7749936551458	10.9046994745973	10.9585234303173
9.07652661769032	8.93181166645174	8.97320916411186	8.85979804130581	9.1237010811488	9.44399880878164	9.41663526717413
9.02152218901648	8.87910690864025	8.88443389307365	9.0205610375367	9.01131598533088	9.27587129488872	9.09540194477354
9.81364863547599	9.67958033727093	9.71265707258626	9.78564827470696	10.018111883797	10.1523275368691	10.2239107653532
9.61848755015104	9.44209029285138	9.48555317675109	9.51303378774637	9.67171244569707	9.68650361504757	9.79364931999811
5.6453650588814	5.51989244445501	5.54555158797808	4.99755921217509	4.86979140969009	4.47705024941861	4.76161697111211
8.82509958358172	8.77415664066107	8.70880337505608	8.47560650897973	8.44629233166305	8.7081613116651	8.67316894409049
8.860961918709	8.72551244010693	8.72364762742356	8.5876650161722	8.76737153270957	8.85861304414637	8.95086579534895
9.28888373665532	9.0243972779622	9.10806225044965	8.89756342219836	9.5663319496715	9.43039238864917	9.86301900332032
8.7183634207358	8.72778529609634	8.65960987728669	8.94375534471813	8.75286338578049	8.8906393634505	8.82666050301799
8.85868959969948	8.68981744589732	8.74838736122021	8.61311003272966	8.62092433578289	8.82715815766868	8.83167276645298
9.17770389396821	9.09300252308775	9.15375621226102	9.10069712240619	9.21743220286983	9.34911086086404	9.43266844854698
8.87631949372128	8.8105313116834	8.81777516526653	9.0167527774084	8.85308507695769	8.86241795634981	8.99546929934397
3.67045603984424	3.85954813189172	4.03689245457012	4.42286504690775	4.39445340014343	4.27872153297264	4.50138119863099
8.65010297788807	8.65918332549434	8.5598840627087	8.30498773736733	8.2776927276873	8.12882610248958	8.36282882347834
8.79499334513855	8.69795515102402	8.69795793437707	8.72781098161277	8.7537208568553	8.98149570961806	8.93620334992429
9.11663620028974	8.98930486253028	9.04221077493611	9.20143154554073	9.61998416302828	9.7850134526642	9.90285609273585
9.521558857267	9.4180128304358	9.42200969186226	9.78490211744135	9.6133857423222	9.68936256082515	9.74798372036268
9.01663859042074	8.98977842072947	8.84892386383719	8.80785540954481	8.50348773324459	8.71589319153566	8.6497099712665
9.05127782378516	8.94896056133184	8.94684007123657	8.96367321802267	9.25848851679016	9.51702569751007	9.49560305675467
8.18968557510521	8.18478896081992	8.16917016909456	8.28401796352021	8.23902521935581	8.28156615112898	8.32541486183522
9.38832939366905	9.31520602344692	9.28585502368949	9.45605371155833	9.51009977920288	9.63145032735535	9.63592691265683
9.11130134725547	8.93279711392235	8.9407195376408	8.85696088200228	9.04952593439041	9.40887207552456	9.3823172530697
9.44000892918945	9.3144500920485	9.34465213896063	8.91676306922245	9.53575060205707	9.82715815766868	9.78893252416339
9.01378217164397	9.01930350106095	8.88397828118264	8.74325754288389	8.56340063466191	8.64108067661008	8.66663879049963
9.39587127121939	9.32986806667175	9.31149297549775	9.42286504690776	9.33267032994586	9.46333591991731	9.53966219426283
9.69994954404683	9.58903214468847	9.56073950005418	9.32873209153975	9.32807209484721	9.62287725318295	9.54780728317167
8.44728609488838	8.3234952316515	8.35290651003568	8.21035086322925	8.2341180886354	8.52664904641622	8.58884403988133
9.52213329288713	9.37805433044118	9.41634959071901	9.55477672241334	9.76524711023633	9.93978701277959	9.94702168158808
9.11053761243568	8.90945925621773	8.99404727347473	8.62316369739358	8.93701345850281	9.10064653065486	9.13446090475332
8.91707379828103	8.80677359224317	8.80964189361946	8.66593772108388	8.55555455119874	8.66959191948075	8.88166606591485
8.85276476574238	8.67987383641565	8.73834069777213	8.72314457849035	9.18537797770363	9.24462730262835	9.41552293478219
8.06198359397973	7.85747380365386	7.90029033356172	7.37210193322587	8.09894753324584	8.41536194270288	8.48344618469628
13.1753777384213	13.0711008184011	13.0566853330724	13.0348316024214	12.9744591273808	13.1813346570345	13.2806806274533
12.1736877847191	12.1227768531734	12.0520793948461	12.6255620200839	12.1825151710387	12.6163199629603	12.5642744947604
9.75596665476029	9.67811194524504	9.72262877495121	10.2546776188709	10.5621774933925	10.7668576474009	10.8339642470372
8.30499590085502	8.17065700357191	8.2306641979668	8.46818903741725	8.56242220462042	8.80689800760222	8.69533626943638
9.61499140983788	9.49875367739686	9.54497531673379	9.46539762401969	9.40758880233257	9.47663657341839	9.6768872323366
8.66838171160638	8.609513855155	8.54842949645463	9.25090022180503	9.19803327850966	9.56684691976926	9.34307352833173
9.36193886421643	9.28504139190116	9.23781334560374	9.18681900493284	9.16682832903574	9.45327933519935	9.42715986972432
6.86232359416723	6.54330910888618	6.61966739605351	7.06303304965237	7.33381760240464	7.42654234770809	7.34424312307831
9.32422769848404	9.23678359845818	9.20097657742337	9.37110799929686	9.39939320157141	9.6543097610196	9.56797106410364
9.05842382373829	8.97358959363745	8.93104878512824	8.84698665433648	9.13887706647458	9.43508408397389	9.34541177040093
8.91050712767719	8.80838524205616	8.8004971738347	8.72936310122551	9.02771447467896	9.27491996281278	9.33721128929907
8.82742538618263	8.61136149046524	8.69640190865633	8.29872874689565	8.68974636852733	8.7186945420098	8.93852840287053
9.40087737484454	9.28581288659382	9.28826726963217	9.47375571329179	9.4829508022419	9.64108067661008	9.67223787271846
6.79166203398124	6.79598300311425	6.76134429496505	6.49032801468649	6.38119730344117	6.33457476770616	6.12496499337945
9.87204483862095	9.73542985644269	9.70209915011153	10.0180233147348	10.0696359241121	10.1512911179733	10.2274012862355
8.82463397278507	8.8035448813673	8.78837565200674	8.79457219001123	8.9339905238381	9.07245317116627	9.04017920067352
9.16856015033609	9.00297533115695	9.07531267288394	9.32154682924074	9.42653273478587	9.51622084669929	9.45395315713951
9.49224834512565	9.32687259185383	9.37317584243455	9.24873726031909	9.32807209484721	9.49799197106692	9.55236876786684
8.76084227630134	8.52185841574387	8.62676486941508	8.31948730706245	8.75543427159457	8.97506683714065	9.103713220996
9.66812221074393	9.57647597282138	9.54842949645463	10.2019906213241	10.136577950385	10.4080045499176	10.2643232785259
7.1132089173349	7.03682446155048	7.1041556814748	6.70116620939486	7.12170978332971	7.17034537192784	7.37203265080818
7.403685693103	7.3852714292382	7.43792709444999	7.03820119667243	6.98818611049232	7.16829754327899	7.08913691424382
7.46591728332059	7.30077515515143	7.35092976383802	7.21257210314594	7.62748844544038	7.59303644375012	7.75986506435051
9.58341418232392	9.45209108733514	9.51056131086419	9.96367321802267	9.97169798770376	10.2791960256725	10.1485885979054
7.97821953022045	7.69156510818359	7.90568695472055	7.9235586307313	8.23780000056379	8.25189774489693	8.44580385073611
8.3955578122196	8.25502071184032	8.31555309555331	8.13037104060029	8.63681423771248	8.74366488721896	8.78074883129031
9.59901695603884	9.4285307023498	9.4607150672741	9.38101665803362	9.42330281916613	9.5512162680555	9.54221247783464
9.07887119302902	9.00578760308234	8.96547812127796	9.11264003035063	8.9624558353989	9.11984719168549	9.15859577126073
9.03687875181158	8.85695475524355	8.91195760432324	8.75091924459196	9.368937943887	9.55435597558607	9.6985407337988
9.03285337241189	8.98883114883668	8.95597245918655	8.89479963774988	8.62842374209608	8.58461527606175	8.71897263370362
9.290570507619	9.13727642286854	9.18553080365449	9.60213891490866	9.61527408688615	9.66015063960866	9.70583860603273
9.30699732782232	9.16143847354253	9.21081938656993	8.87810481259823	9.21618850017135	9.36707740739348	9.43870369045347
8.55338012457092	8.40599913588772	8.44350333302966	8.70590412840152	8.83699238315034	9.03417137973137	8.99695738100338
9.58396451421726	9.48639003102629	9.49214494126121	9.29872874689565	9.31883142248079	9.43550984612569	9.43211853619388
6.15824988155839	6.06046082581771	5.91731083881745	6.41517065511775	6.95874233259984	6.84072288525048	7.06380113070106
5.21619723076767	5.01651747823012	5.10728178246152	5.75091924459196	6.06480739209523	6.01264667281879	6.27968758817809
7.42841114903395	7.24949465020773	7.31487720186989	7.2258281998482	7.44629233166305	7.59760917353995	7.70811164107185
9.5617858293027	9.3068689130641	9.40781758335204	9.1162037086737	9.5039974294311	9.63738429989958	9.79193590525884
7.22186598085437	7.07838273381498	7.2861998772924	7.07772956085906	7.37897606352449	7.46875410786353	7.63353715719756
8.47068652746846	8.39674421368214	8.32967420379796	7.41130801548536	7.59340745019728	7.52904488705688	7.57695362883119
7.75889400451182	7.80462192138812	7.66280050529019	7.64963590875478	7.43136409013567	7.56840071102434	7.47386013586708
8.54379407574173	8.62849293058899	8.47227859924077	8.72625719035769	8.04392866241932	8.67392868138632	8.57794824799563
8.48725580768629	8.4479612322987	8.33034320220591	8.55302481565174	8.50246780033475	8.62549184685293	8.61718098621233
8.86730543727482	8.82440348626496	8.72720795543751	9.04942845209568	8.79928343423574	9.03023035668114	8.99099582276466
8.94989317915931	8.80462192138812	8.81108051269252	8.56001971440139	9.25122051632611	9.40539883871999	9.54272199401189
9.62999171621047	9.54040272729484	9.53862109406946	9.71141210634147	9.66625801560496	9.84777764278444	9.93852840287053
9.6281251850775	9.5491043656715	9.51262588553652	9.47097506024808	9.56828285604166	9.70992219927647	9.71852172104456
9.60743236164204	9.52218581732042	9.55788606747666	9.44002883873366	9.48139868262916	9.62287725318295	9.65631702585385
9.42349984202401	9.33584042207134	9.34663749942196	9.34805645925922	9.43136409013567	9.40930564278278	9.54831482760642
8.98198253927113	8.97550361718969	8.89983970259104	9.43337827359043	9.12237385470663	9.36126278611937	9.26987329835114
8.96560480361599	8.90595087676209	8.77909469710247	9.37309518286296	9.29252014536494	9.40887207552456	9.47172122511075
9.2474507004203	9.17524427306756	9.14008487503269	9.1651924021094	9.19045342723346	9.43337977776164	9.43101808225731
8.65272844729489	8.5420181065263	8.53398219926594	8.60636845485061	8.52273070422726	8.71729454671227	8.76074128365524
8.74813122455178	8.62910102123693	8.68807464143372	8.57736000778046	8.5207171727896	8.79101496599556	8.85319357346425
8.82183714792035	8.66571808875671	8.78056408616946	8.92220207676122	9.07307500807883	9.06311530658693	9.08843911735434
9.87249539922452	9.76754381758942	9.72517455828497	9.78266132738556	9.81867090738848	9.94786768240727	9.96424010022313
8.74321238227955	8.73401724980786	8.72669987476985	8.40355157185092	8.26572008602123	8.38746606374115	8.36513529086151
7.90258746438095	7.75645463892761	7.81490983157214	7.63646052000704	7.65528689778396	7.58231003715707	7.49507662177678
5.9554329985587	6.0313144801582	5.96977825871158	6.26059361800888	6.01989497021966	6.10118334742045	5.92060649487327
9.35389437453815	9.15765021305283	9.2195125288608	8.84269078503564	9.17581311366809	9.19720820217421	9.49612929970812
7.8440613877745	7.73062133994434	7.81108051269253	7.73555493493978	7.89488239065292	8.07080969837693	7.99695738100338
7.70223249052199	7.53294859728046	7.66598409254945	7.56176315272944	7.74080496897002	7.6775327178369	7.84164535252776
9.50828331412611	9.30001162243136	9.383849343949	9.0268858834446	9.27530613485043	9.38305819278737	9.44525892342429
9.42226939841775	9.24474112023709	9.2923931877185	8.93839713970694	9.21432093351459	9.40496409559755	9.54221247783464
9.35131063524736	9.32949397227295	9.3040196150378	9.45229913548766	9.57169060700562	9.65211332054325	9.77945241511121
7.45392473678429	7.2207356572263	7.37317584243455	6.65617875462156	6.87295175058341	7.0464878266342	7.1862521141636
8.94347453425065	8.8105313116834	8.89306329257077	9.35410550393202	9.35035133648841	9.65284583898543	9.61911489406343
9.03848576399767	8.84705718770852	8.89803576982598	8.76157772609068	9.17964667227688	9.40583345087598	9.53198418230923
9.21014967766493	9.01976731557737	9.02330338982216	8.7324623398844	8.93096124179937	8.99426814350394	9.17971519749326
8.92491455149822	8.80408350188537	8.7932364889531	8.92355863073131	8.95874233259984	9.0920301852768	9.07793145953594
8.70425874793497	8.54974684844359	8.5763332899271	8.52112116823209	8.65620435094104	8.6579630803709	8.5947526967721
8.84268235783911	8.67399247873564	8.67127450933555	8.32770781386741	8.64884833734533	8.76075458054707	8.81489705370215
4.67872365582783	4.55615598844178	4.60426089527654	5.36012929155979	5.63681423771248	5.85861304414637	5.76860340142822
8.9923841347316	8.96011985219515	8.89442112329772	8.90169919676757	8.92716567254646	9.01264667281879	9.03584243876795
5.52213329288713	5.2431531233339	5.41035085009756	5.52648767798191	5.2463547611543	5.240247385158	5.18364090070706
8.53414390570801	8.4630465840503	8.49692010504439	8.23678265673781	8.02558608229751	8.41103861000724	8.32541486183522
9.71384479676417	9.68339117673789	9.62649253434284	9.70195694388486	9.58716720239409	9.91374269224568	9.83333965865562
8.91707379828103	8.80030892851704	8.81825216809478	8.95706443394702	8.95053882357445	8.99888477157431	9.05311181254185
9.79237653422245	9.66897440396901	9.67127450933555	9.6972060228816	9.79928343423574	10.0075013313759	10.1068176466692
8.87856423517443	8.80462192138812	8.83767472270424	9.35410550393202	9.28482890896893	9.32495523822381	9.35240384405925
7.74911298371923	7.57773651902729	7.57633328992709	7.64306325483129	7.91341834209035	8.06090935043713	7.99397968120348
9.56736254688013	9.4285307023498	9.38481575799042	9.34704581470588	9.55358634483496	9.84585703672192	9.97937472672941
8.83899848723643	8.65799200004193	8.70313259932541	8.64306325483129	8.63495389568695	8.85416125957529	8.8157404884183
8.60309505648601	8.528392371844	8.5763332899271	8.94375534471813	8.98380766998175	9.29429797623465	9.26370528963624
8.61982996677427	8.59153031854367	8.62676486941508	8.96630827819065	8.72689936694479	8.99888477157431	8.93852840287053
10.0025054529287	9.88573765587258	9.88920915093778	10.3520919724944	10.309239579684	10.5194375593828	10.38459279777
9.32059993443972	9.17857133142508	9.2608063976094	8.60129151691608	9.07170035810262	9.2324278806987	9.35704647088433
9.31464384553603	9.14749928258466	9.17923162434053	9.24548672561867	9.44576183155011	9.5413604089778	9.57197022131693
7.3373431982743	7.07124066457096	7.29033170362273	6.43051861945119	7.53475323247647	7.46875410786353	7.74045236111407
8.03728067270592	7.84601137755697	8.00204706218392	8.22802575555245	8.48191624139377	8.46625593400833	8.5927858320627
7.04928652596607	6.97884706026407	7.05157234987523	7.20366654992404	7.64423170927496	8.03754085196964	7.91432023202583
9.76327392198216	9.63486513484029	9.5797132876642	9.51932788640905	9.61715996302514	9.83331038465028	9.96500061423172
9.85595808413269	9.7359945120432	9.73025268757194	9.47837825822978	9.87097734896023	9.93678264884318	10.1813522055446
8.68950349458108	8.6393995389111	8.64301160688784	8.54070153720161	8.55752007608163	8.62921878005677	8.71716813685687
8.98740072721734	8.87090392966289	8.90837771404744	9.24331562657704	9.26271133614889	9.66451583217007	9.46797048380176
6.97234638149505	6.76975146154107	6.86655753835281	7.07772956085906	7.44629233166305	7.41622505672257	7.78764344436871
8.59000435004157	8.45552362533529	8.53977849087513	8.56871591337121	8.50857660991739	8.50409389067037	8.80813176561485
9.08627064393093	9.04687176106976	8.93677115282327	9.23131582548663	9.0737618421984	9.14036352889974	9.21466779632769
9.49283456823037	9.39781512431468	9.46498610667441	9.94241765798262	9.75414940135299	10.1092117211764	9.95737737302869
8.97150540505568	8.89486866762471	8.80097992272355	9.31742484060555	9.16037619376949	9.46500522301462	9.33897246352497
9.22398603272873	9.05141568621471	9.14084780209484	9.56437436618598	9.35205095778165	9.35317288618727	9.43266844854698
5.61982996677427	5.31747144402374	5.77516899388867	5.24331562657704	5.3223036143876	5.16007703647402	5.33250428662154
9.40181408846314	9.2171001365098	9.2604554196145	9.32668280846665	9.19992203510614	9.30877876682882	9.2680256630409
7.13139438973169	6.89233806700939	7.07571170346065	6.85696088200228	7.45686157337323	7.29006650656665	7.54068284873829
8.94647345597972	8.76699137835583	8.79566077962756	8.7721580409663	9.01489676413831	9.22259352059413	9.18755595071044
7.44304554374116	7.15638524581624	7.32833527558967	6.98721726795362	7.12170978332971	7.21864092896863	7.37203265080818
9.6474727218434	9.5060551171589	9.58784907124468	9.76687758263406	10.0227433325287	10.2104543475741	10.1982678767025
8.54605535369823	8.50605511715889	8.50523879801516	8.47004698363783	8.61810197745031	8.8278069973652	8.90166493121981
7.85322138705997	7.5420181065263	7.62294749229229	8.43433023340121	8.5407271335211	8.61274777037787	8.73332792668069
7.79451791424254	7.54974684844359	7.71291362011799	7.66917609515042	7.97648060984004	7.88877501465663	7.96993420723684
8.49312759047996	8.29618788565577	8.36601605086168	8.46818903741725	8.80839086502595	8.99542368624965	8.97975106559704
9.98906377643998	9.83076131531713	9.8584635319607	10.0850220534254	10.1828335413459	10.3927377932643	10.4196897665251
8.75889400451182	8.70200685490523	8.69172373652687	9.36812208231332	9.0975973272129	9.3295439667771	9.39704453881625
6.63902353200758	6.65261882794307	6.61308474566354	7.34805645925922	7.00268568018744	7.33639980911448	7.34891204314315
9.46113222075521	9.42433275067524	9.36307677302145	9.66674799633174	9.4829508022419	9.81477443321285	9.7257194661442
9.07652661769032	8.90995975753789	9.02825969028531	8.83406047989221	9.08266105690803	8.97740792494181	9.21018438970671
8.22539767182462	8.24394734027711	8.07331586281999	7.98462015646758	7.4141119259139	8.13408182794108	7.99099582276466
5.52213329288713	5.29312158260799	5.44040808395374	5.36012929155979	4.94379199113386	5.3235757687569	5.40603332204351
9.89883245717881	9.87449847335769	9.74588224678475	9.73632704897527	9.53475323247647	9.6775327178369	9.65725842558767
9.72236812848671	9.57773651902729	9.61115913468337	9.54951460700792	9.69377312113933	9.77697240050046	9.84536737132376
9.60770301074534	9.56444552971533	9.37706625838549	9.60298581545596	8.94003007233767	9.50449976914847	9.32185704242203
9.08432709649852	9.02300984874077	8.9969997274466	8.65780984020047	8.66534693566253	8.86115076694827	8.93620334992429
6.03486746605311	6.00906167331107	5.79080811766626	4.59619664979331	4.35882949041271	4.8278069973652	4.71897263370361
9.16083436472845	9.11357216227728	9.09000379102968	7.69799893031618	7.64238091358702	7.7491556456674	7.72796141693087
9.30165400674801	9.30077515515142	8.89532563432477	8.28823637307801	7.6698965926683	8.23829647878784	8.02640115889586
7.94089905893254	7.87910690864025	7.47227859924077	6.66917609515042	6.20180832220104	6.53541441193261	6.18364090070706
9.13927901465506	9.15511916847226	8.87391824330406	8.51393462763883	7.89798830152074	8.54333697462591	8.35240384405925
6.75889400451181	6.67869948141317	6.60426089527654	5.799013532793	5.39445340014343	5.52904488705688	5.43266844854697
8.9894792393776	8.92934509884649	8.77369409680242	9.04942845209568	8.48605004090078	8.98557194453412	8.90166493121981
8.97402686513397	8.90745551278329	8.83673332297042	8.72158575063379	8.44097853176658	8.5512162680555	8.73332792668069
9.15492015694454	9.14961995772895	9.05562372867045	9.2258281998482	8.81086476395891	9.0844484371322	9.12496499337945
10.3129850031768	10.3293068886909	10.0753126728839	10.2324108502382	9.81374562792752	10.3111008259828	10.2037552567815
9.90611268309496	9.90845773237266	9.7925084066561	10.2903409614029	10.0280689016654	10.2528643747762	10.2034330468324
5.90699264350095	6.11704435418408	5.82917992853878	5.56871591337121	4.88239144646972	5.44357554486753	5.21466779632769
7.90611268309497	7.90142753030513	7.72517455828498	6.66917609515042	5.91341834209035	6.21269166263744	6.05239636742881
9.62197523860582	9.61934067929316	9.43730617985427	9.94308665639057	9.49633301416265	9.86842195270046	9.84784339316874
7.02679416551743	7.0127943921874	6.89938893082019	5.92355863073131	5.56046335158236	5.83814894158666	5.55084987489529
9.06474624433459	8.99497732740379	8.84002553802133	8.29663636793441	7.88552433595468	8.30038827121243	8.24629324158066
9.43544198950717	9.40564427300538	9.24386239027655	9.48482503900911	9.20557351365758	9.6025466630326	9.53352305716542
7.76667135510354	7.68456172044583	7.58083819613514	6.93436538568789	6.60295543369644	6.76685764740087	6.79963029704885
7.21050611868982	7.28079078069727	7.05481436256738	6.26059361800888	5.70932673749684	5.95679343808528	5.83000394609236
8.87542061827731	8.91943644010973	8.67812317493802	8.91948513614488	8.49633301416265	8.7850134526642	8.6980833887194
9.33603700077368	9.35838587832152	9.10141477542952	9.32051743566094	8.86662413061141	9.43081953744308	9.25751079733342
8.89816879311395	8.88929547528577	8.57407555074818	7.74479314179512	7.16875835613414	7.77630028539821	7.6713062000733
9.6558727166998	9.59246601960828	9.51645227470836	9.56176315272944	9.22487198750955	9.42654234770809	9.48397687995365
8.36065475639611	8.37588214176349	8.02040433178155	7.63646052000704	7.01989497021966	7.21864092896863	7.15992483173325
9.47038891116191	9.42187829260692	9.30333829505305	9.93099696239516	9.30427332679062	9.68256329094704	9.67874278891508
9.69537278470338	9.68339117673789	9.49811143049681	10.1185746131365	9.5857233039841	10.0037738055953	9.96614063407839
7.91663694890876	7.72948759132734	7.88124158410992	6.56176315272944	6.86344988281627	6.94248560140139	7.12224035604291
8.14189767615095	8.2223485081946	7.96116512840687	6.93973855778674	6.40322360977116	7.01720495478109	6.9016649312198
10.0020937248891	9.97047387923905	9.82586284207626	10.148466987447	9.79720552081173	9.9974436616344	10.0340316000202
8.42288475139824	8.40031082870234	8.05643264096576	6.90169919676756	6.16618441247032	6.89374126754997	6.64117048209998
8.74764009432036	8.72209642815367	8.70209915011153	8.82682891066113	8.7057863797916	8.80360342968979	8.81489705370215
6.71535257781856	6.51200165883554	6.61966739605351	6.94509179228095	6.95278077436113	7.3161962383913	7.1862521141636
8.74960361288257	8.69795515102402	8.64892319848945	8.25413859587158	8.45158663133256	8.55748886507103	8.60844617623472
8.04049201524699	7.78620198232167	7.94203326822868	7.5893753839373	7.65161123964055	7.6543097610196	7.89689042589946
7.89195982854348	7.59028177234641	7.7583645451122	7.80491413423269	8.0812955148838	8.17034537192785	8.25004212642957
8.6014651993657	8.50737869068374	8.51409877493539	8.61142758934262	8.85148386143162	8.82650902603078	8.93231991543706
8.97192595455316	8.92835728981037	8.90119117345417	9.00526730731035	8.90880663318454	9.06806640977532	9.03439394964939
9.17405334788861	8.98361000629002	9.00330614157225	9.1162037086737	9.1016441602756	9.15853046311788	9.17840425234091
8.84773236950299	8.76477950357854	8.72669987476985	9.0531515381384	9.1276754501661	9.16367927315422	9.1901600940906
8.93917951755985	8.96398119954109	8.84658751508224	8.93301895998037	9.00556818872056	9.14505692012311	9.1391855243144
9.43666125435125	9.33993212146218	9.29992686040391	9.08138041487202	9.23657374036171	9.33776707666988	9.39704453881625
9.5684753082472	9.46509151003532	9.48885282377628	9.61395051923225	9.70401293760038	9.8784778072459	9.82163076506735
7.42472923710555	7.37225454357136	7.49274270180048	7.04320187773079	6.99690332759343	6.98499032991593	7.17577878293409
9.46382577103831	9.2439473402771	9.3118317555958	9.20812619811474	9.62280284521612	9.67789262679246	9.93037427112209
9.26951385027464	9.03407210133718	9.14997159560772	8.94107872977432	9.23657374036171	9.32633338993589	9.34248837519416
8.6869441626328	8.69911394228382	8.54670344036732	9.13973922313449	8.79011814470431	9.06696763208254	9.02640115889586
8.63158968023674	8.45209108733514	8.44535729992548	8.56001971440139	8.72951689721993	8.94488011654177	8.83083859757117
9.45633123449139	9.31897975052901	9.28205618356523	9.13271879545672	9.55555455119874	9.67392868138632	9.65207310863498
9.09517739237625	9.09079690418867	9.0693139322625	9.07651055356991	9.03619678254876	9.03866226286239	9.0870425102357
6.52900873897805	6.3852714292382	6.37706625838549	6.6298274276746	6.54865404929273	6.52264711585873	6.3834554740683
7.82090366678724	7.62361895622052	7.68598529271099	8.17888897688964	8.368937943887	8.54806971273864	8.59769797518372
5.41733710287552	5.18478896081991	4.99699972744661	6.2258281998482	5.54469603572405	5.73677192121157	5.71897263370362
9.13064122080783	8.88217104085239	8.98897182394489	8.37408774914971	8.4141119259139	8.46875410786352	8.42605562547532
7.40866480086107	7.32048648177917	7.40146488686597	7.04320187773079	7.07582038481765	7.07737238614938	7.12224035604291
9.31032688166778	9.14622537959603	9.16842207727542	9.16862875555834	9.31825191050639	9.4144983120031	9.43431692906252
9.33440258908772	9.20980149510393	9.28101839785385	9.18342575748642	9.67080480487387	9.77529152527725	9.80303689849209
7.88839981429807	7.74752151415761	7.83012626838307	7.66269206158022	8.09218383102654	8.00807394302897	8.19923775575808
9.30031507853971	9.0563975293223	9.15828468589562	9.81005743750865	9.9561371815537	9.88223075549073	10.1232626981484
8.6432543122856	8.45483777077477	8.5316571463197	8.53893244434856	8.79011814470431	8.83039944198172	8.9669001471472
8.52786510432373	8.46781357695775	8.42106788242338	8.00782754762891	8.57120427797998	8.55435597558606	8.65913938418643
9.31065941481225	9.16227896004512	9.26745880735227	9.012934438062	9.28897543832153	9.30645296422791	9.37203265080818
7.20192713380103	7.18644247967243	7.1699178732009	6.36812208231332	6.21681048554028	6.45705877423115	6.41496644681352
8.58835962817517	8.47120895400366	8.47772387950179	8.03318312190581	8.13229841831791	8.16932182095133	8.45232697431744
8.34190559886281	8.28696935562639	8.20170798176902	8.02309430428222	7.96467935760769	7.78835070846851	7.9127443771003
8.88929064176749	8.70719952412556	8.75587671031586	8.88090073409518	8.83294100435512	8.86431665595383	8.99918662951424
9.44456145755184	9.34030351933806	9.39316433928089	9.32051743566094	9.41139754121687	9.60633326636358	9.57943889222078
9.58588902432374	9.4776382377241	9.48254693469459	9.50671210922059	9.77921083160935	9.99657830419114	9.91668079165946
8.79404232661968	8.62666711928322	8.71547658942039	8.79160368064931	8.78257571952748	8.80096233963248	8.9615751396326
9.60743236164204	9.49708909311055	9.49005082678545	9.54335111561556	9.5237364170884	9.63256480793676	9.70128176383339
8.6864317509631	8.60086013144834	8.60702415036548	8.59449435456232	8.53275642241252	8.65064716692022	8.73422040740255
9.38549099394094	9.18106159966288	9.21190889829513	9.33282194556406	9.72689936694479	9.8206536604427	9.99286145737211
4.30432814104634	4.40528932281516	4.20972905143233	5.13506273592502	5.55260123380939	5.57305206929597	5.79621563263608
8.3816977532608	8.20939493034405	8.23710002294847	8.35410550393202	8.54172038315819	8.61725854541544	8.79621563263607
9.2674597041646	9.149196072008	9.10102279198983	9.22912327940978	9.48036300775274	9.61875900841173	9.80940267602524
9.09864772823855	9.0372826781784	9.03319902192621	9.10548615598514	9.4206056879994	9.48324119744376	9.47812846750389
8.54662011982049	8.49074609879549	8.4933402147686	8.62816437845195	8.79762134299097	8.75257678798885	8.84743101785054
8.69918775838755	8.53619425678411	8.62839780115805	8.67240721641343	8.6218638962465	8.56139543404589	8.65819921143182
8.61121683646956	8.4799997173315	8.54382208322643	8.26059361800888	8.37786415977705	8.60746731204563	8.66570349384393
7.1744188184519	7.02947313333403	7.18034524465124	6.91812474468068	6.84425631758296	6.93045304590649	6.89210006718427
6.38990387275241	6.34141713964877	6.32967420379796	6.02814753200851	6.19677273230374	6.12249385366586	6.06946988078775
9.14712078259876	8.97119348772063	9.03196577349019	9.09589213864434	9.21867483433416	9.28487779884847	9.40827179423951
8.52500204515648	8.47188707154418	8.44473957564249	8.79457219001123	8.79678957874718	9.0470451745418	9.00215361264918
7.56066789430612	7.38383089487898	7.41918241706128	7.8253782367924	7.81826110905001	7.62175526087165	7.76336675306207
8.81809959391054	8.63637818693586	8.71854615449515	9.10548615598514	9.25606991598751	9.23683156577565	9.4913861884521
9.01378217164397	9.00859440365811	8.93633177561844	8.98851407257208	8.63960026054331	9.03810166637549	8.9477913241995
9.64140487236815	9.4452014131101	9.481342681669	8.9754932708215	9.72689936694479	9.9532297597622	10.1542678493508
9.54746685468245	9.43689013688764	9.41666462402976	9.1042903871302	9.50144714585929	9.54531083598306	9.63640438909372
8.15232504760129	7.96253440512846	7.96375447108381	7.62316369739359	8.06342483804512	8.14869680862308	8.37661263891144
6.46113222075521	5.98265867421408	6.25553274104546	5.93436538568789	6.57217677214615	6.62474530347746	7.0751164439289
8.52614795072975	8.50074864665813	8.51704005024751	8.22802575555245	8.35657351647234	8.37597746671672	8.29911811812699
8.25265210627401	8.15638524581625	8.15941458678164	8.24765456230138	8.55850183524907	8.66306223502857	8.80303689849209
8.7729597256736	8.606429194923	8.63436945425607	8.92355863073131	8.74426052760623	8.90669692265389	8.84907981236245
9.51954652949505	9.40173500950989	9.38867495344606	8.89064400825857	9.0502240689508	9.11453925692356	9.15926045454403
8.89728343252102	8.84757980863106	8.77958465976328	8.62649940995684	8.69332625880313	8.89869048352171	8.95623040460399
8.73382012509581	8.59277778515048	8.64785016382422	8.69005017720068	8.94454319919087	9.08336207033321	9.21210755600912
9.39775059633215	9.29733607118465	9.34067320274722	9.7401814328893	9.74469189105417	9.85861304414637	9.8581146528493
12.4806952436056	12.426651880007	12.3685423059918	13.0661839629665	12.5662709413179	12.9695282311854	12.9204104632076
7.0901499015543	6.995920573623	6.95250026727975	6.98721726795362	7.25364725372065	7.27301541462743	7.39704453881626
7.54831309287714	7.37080094642986	7.47832764391357	7.17661522536952	7.33610941391262	7.43167345581124	7.44143865817471
9.27019791621486	9.16143847354253	9.20718172695008	9.54423322817187	9.60960162201264	9.85447970015508	9.78506182416139
9.30165400674801	9.09123829781025	9.17551333609442	9.50127139237307	9.51970935225202	9.40757059141204	9.63974230672426
7.7676405825776	7.65858778573731	7.70468138642089	7.012934438062	7.17132771574628	6.96389449446043	6.95775949329073
9.57153098387683	9.45586643038404	9.50167951568132	9.37507963302576	9.4808809381266	9.5815408049123	9.63926593391462
7.5729177907133	7.44865036297379	7.48074017798896	7.63314778596621	7.45896616169816	7.38305819278737	7.23246337929173
8.15232504760129	8.12913163648281	8.11506752742811	7.59279004835007	7.94078324126153	8.0172049547811	8.07793145953594
8.86186984513348	8.76200988276078	8.68755258785795	8.78415557406589	8.79595733468552	8.88129343328717	8.91037736255638
7.52786510432372	7.46645318549355	7.41161581733414	7.28612871011601	7.25122051632611	7.36350195316966	7.37889719210599
9.67562884940497	9.53392306205299	9.59371199094557	9.57044888059566	9.75157622283335	9.72845665299957	10.0390962317442
9.89639752826175	9.80381421676263	9.79420669412813	9.82900219006917	9.95352731773658	10.0636662689923	10.103713220996
9.77537105005392	9.6959250239856	9.7221190787647	9.53361211241529	9.71153505729262	9.77965773406475	9.8658721940472
8.76812495224504	8.64000305075462	8.73581806198183	8.96367321802267	9.05301323374586	9.19116970696487	9.27417526758191
9.47929080103137	9.44243630437501	9.42827275809483	9.1467256534506	9.27052107228505	9.3567739989235	9.44253119517572
5.94175806166163	6.12396376812387	6.00372559063492	6.00782754762891	5.75800058423253	5.87377285131738	5.66757348119697
8.75107450005252	8.63758748712477	8.63599380613443	8.64635332476547	8.88865043694141	9.09526734828247	9.05739704848717
8.67872365582783	8.56635175554767	8.57520486199245	8.52112116823209	8.72515170465853	8.8426503338216	8.96385969282715
9.49400630030769	9.30648880634582	9.39795894336444	9.32463061033841	9.55358634483496	9.81215373305371	9.81489705370215
9.7935665821666	9.72863669478785	9.71419567391328	9.84269078503564	9.87334630686672	10.0578706426694	10.0088070988811
7.75205425903135	7.51595244644618	7.66280050529019	7.04320187773079	7.22919420999611	7.30319052856654	7.56295647775194
8.72286793623149	8.63031643414866	8.56898268200852	8.89203054852953	8.83131726187545	9.04927241549498	9.01028149353258
9.21938864299892	9.19632399118639	9.08009377101574	9.32360341553468	9.08402530763938	9.42268200487619	9.3823172530697
8.118536734145	8.01372606483256	8.10102279198983	8.7401814328893	8.53973319959209	8.64623974483384	8.6898262880441
8.88080548937832	8.86523720377354	8.80435464950421	9.23350504448166	8.93852255387146	9.25961271002493	9.26679259028132
8.69358900539176	8.61934067929316	8.61253483331044	9.30914536284099	8.99182468755567	9.240247385158	9.26740925839966
7.64114047301968	7.51726697504819	7.6020464742111	7.27341765836646	7.49017202953597	7.42482791489684	7.55084987489529
8.88035751699749	8.82864515059464	8.7712325793295	8.86545567616774	8.66625801560496	8.73815315160994	8.88086031608051
8.75009407525034	8.62483899438278	8.66916067006963	8.54951460700792	8.55161544966384	8.81608300023307	8.85483579907229
8.20836615037524	8.19139169564416	8.10884229644913	7.92084424603427	7.98964264271184	7.95441863089738	8.16257928517923
8.80494137203126	8.61136149046524	8.63382759695735	8.70116620939486	8.90880663318454	9.03922264159963	9.20375525678149
7.74419749330511	7.64902556321907	7.46620408483108	7.78713943250471	7.7614152486453	8.00578213152098	8.03945731172131
8.67614511172606	8.42433275067524	8.54324512059491	8.48114469252116	9.10769320494841	9.19670595846474	9.41663526717413
9.2190343900712	9.10135325646461	9.13435002565969	8.65780984020047	8.86344988281626	9.05094059264083	9.21658499932197
9.51464773008221	9.35471396226223	9.4138268446495	9.36213164447094	9.57363428536076	9.69896988849919	9.85934230435514
4.59383475824132	4.80892205882175	4.56841569632981	4.59619664979331	5.38562954975643	5.10974536092388	5.50138119863099
9.38958911436982	9.30496737721363	9.37674245745474	9.40257907768475	9.5029778569216	9.53382466517021	9.65866937439537
9.35292601447882	9.27303016466852	9.17774545883091	9.41806086317798	9.43404120176095	9.41276949808636	9.54983639045537
8.68438028237585	8.47594909686741	8.6059194833583	8.51032788815809	8.80425824965103	8.9697854583046	8.94007635907149
8.99941462469322	8.83392975372291	8.91195760432324	8.76309395853806	8.86186013605387	8.94008710535288	8.92373938435823
8.56290289868943	8.44243630437501	8.50049113419659	8.27341765836646	8.41194082687227	8.78968345225002	8.78247557600977
7.87227013651176	7.60024001751621	7.78007445608131	7.28190412425429	7.36781827363996	7.24414130126249	7.33955904415549
9.62839198027769	9.54169517534624	9.5641561861766	9.5247010585079	9.60438219666839	9.97448097112614	9.7044730640085
9.75865028544022	9.67458169460697	9.70106496007377	9.72547966673828	9.74641605623206	9.83395646394495	9.85031517282687
9.42103790449672	9.38778890844766	9.37285116705546	9.49763281530973	9.60390676577238	9.8278069973652	9.70036866567576
8.97444668036781	8.88268109743924	8.8484568966731	9.31639250063958	9.37173332364335	9.44526785595998	9.38799939921325
9.27736109344607	9.19796434956765	9.15148663385763	9.21589756379825	9.40649874180403	9.61161786949185	9.47172122511075
9.85116545204843	9.75422653803549	9.75587671031586	10.0456957332193	10.0942162733081	10.1401023367128	10.2229573376012
7.20907982589852	7.16814869513208	7.18627007860834	6.38397603351416	6.5247414293484	6.42654234770809	6.34190298462379
3.7353071841942	4.11704435418408	3.85544558323258	3.91267031458857	3.94379199113387	3.68614584814161	4.02931275431577
7.97570539358497	7.82811562405506	7.94028136146709	7.65617875462155	7.92259776886474	8.00807394302897	8.04234270276488
8.81435233195733	8.59277778515048	8.66120607332732	8.32360341553468	8.35205095778165	8.43167345581124	8.46313372927403
9.56401910380576	9.34475285221203	9.36601605086168	8.79457219001123	9.53824101358675	9.691859499336	9.87480280526014
8.91838355328782	8.8035448813673	8.78983562350009	8.23021996896536	8.69956977104289	8.69399629810859	8.90166493121981
8.75743107211583	8.63516787223326	8.68650791363353	8.42094529274439	8.6067570038563	8.57459919549345	8.63544927814133
9.53043700861346	9.4493391646297	9.41855338062625	8.72470172385565	9.04742950141183	9.26824301516838	9.2680256630409
8.45452673764464	8.28542719081799	8.39380454121768	8.30081809561838	8.41736246061432	8.40757059141204	8.43156841415064
8.680268573028	8.58840692472597	8.55359530876448	8.45886324514515	8.65528689778396	8.62698377567346	8.75107347687064
8.75009407525034	8.63031643414866	8.68807464143372	8.43242568521585	8.7137400019995	8.79034936273537	8.77555616206998
7.45392473678429	7.32048648177917	7.26955321136039	6.76914300321086	6.6479261928327	6.6067113806472	6.5947526967721
8.55506518807675	8.4264332534111	8.49930177300731	8.64635332476547	8.82724989227726	8.78367638580215	8.72347402593855
8.61121683646956	8.49141509720344	8.43108229168165	8.43433023340121	8.3867354869826	8.26153502215596	8.33838564430155
7.37471746893773	7.21588625756491	7.28343873761534	7.1303710406003	7.2776927276873	7.34730183863216	7.29911811812699
8.70678757424571	8.61750324108143	8.58644961916008	8.74325754288389	8.76567224506801	9.01264667281879	8.90879719258363
7.22892073838832	7.12741106974234	7.19511195536015	6.67563111728772	6.62561603110761	6.35272211441641	6.35588721405949
7.12384494790545	6.97311069071492	7.13358365377399	6.92897212691768	7.49428227459788	7.36529078791947	7.32066915018457
8.82043669962314	8.69272904131723	8.72109914585486	9.12684222912005	9.19929272428225	9.24559881447711	9.29246834919922
9.66967851622483	9.58151156271867	9.54035684127008	9.84125598129641	9.65299070910746	9.78568152169252	9.78549241513336
9.61445278931982	9.46747359933372	9.50671924456979	9.88925613413433	9.93247667790603	9.82520988587916	9.86342694762981
8.37789451281335	8.31369376435575	8.28688933730117	8.24114125534271	8.77245741943688	8.75257678798885	8.94702168158808
9.08665903942146	8.98456071145845	9.05359946140852	9.15714226939594	9.02842324160104	8.99888477157431	9.05597005030863
9.87789117939321	9.75339011224674	9.80218608870041	9.93369232990666	10.1493409023069	10.2183935320648	10.2630870359131
8.91226116441713	8.68221968252745	8.8568392671673	8.26059361800888	8.66078288553881	8.68829111997317	8.63926593391462
9.83507404034971	9.74443793279331	9.76555509985922	9.99304373105259	10.0091632442586	10.1338194959027	10.1109465167639
8.39179098229667	8.31217991842367	8.30333829505305	7.78116553146008	8.19929272428226	8.27491996281278	8.21210755600912
8.92621721076585	8.78729204285021	8.85032385913472	8.53716117949636	8.68615757304267	8.81804362799697	8.94625162817194
8.94989317915931	8.85123286367971	8.8568392671673	8.42669690849878	8.50042576879653	8.57768847941669	8.48874437295306
9.1508400294147	9.05504055003346	9.03648253979513	9.04942845209568	9.18410632046758	9.22948460519797	9.25378129493536
7.65796509566104	7.54974684844359	7.61528230136779	7.0531515381384	7.07582038481765	7.14765777721995	7.12224035604291
9.43909669707503	9.34881938801137	9.27268912742857	9.35309908949226	9.52875449185502	9.66596796620398	9.70901985327741
7.12081407485607	6.81320941722485	7.11817009860425	6.75701944412837	7.08674994497591	7.07080969837693	7.37432446231617
9.73555487842451	9.63698296373822	9.62294749229229	9.95905024987087	10.0806122588725	10.1729010768316	10.1317541590421
9.04649408342795	8.8423450603592	8.90344081532727	9.08623389309423	9.21929574892988	9.38526381168646	9.36513529086151
7.54039549927986	7.46099875540144	7.48555317675109	7.51932788640905	7.6479261928327	7.85352416747357	7.83666767637337
8.32883169841879	8.23198793185653	8.22059549779009	8.5652437214644	8.78005278963785	8.81542886508658	8.903252928123
8.46651430176109	8.34215907591654	8.3790075392896	8.49215768524358	8.86344988281626	8.88566240278929	8.91432023202583
7.58286364042032	7.42082510236118	7.40273766598768	7.89064400825857	8.07719111655107	7.99773199880751	8.24378856206112
8.68129759949166	8.53684251338495	8.64247298636977	8.65780984020047	8.81826110905001	8.86873726142008	8.9669001471472
8.97486637347357	8.75366897472773	8.85544558323259	8.46818903741725	8.90880663318454	8.878790926084	9.08634369935215
8.61875613342295	8.48336656842989	8.50108544730114	8.58080319566994	8.68885000624879	8.72009318006494	8.82833319310784
5.38738388077389	5.45552362533529	5.45520508588182	4.48298603934533	4.57606020663338	4.42311144230782	4.67502928611602
8.66422408613272	8.48605440347077	8.48495242927588	8.37408774914971	8.69064217423192	8.71799471418095	8.72616813510782
9.15009694670917	9.04322628840136	9.05400454214708	8.7417203077455	9.21307454463284	9.39449076436805	9.46313372927402
8.51983417679754	8.31897975052902	8.44720888739789	7.67884782997126	7.97059205047758	7.96507461316908	8.15460122775571
5.6951180940785	5.75199499073691	5.55931348922256	5.46818903741725	5.44629233166305	5.57305206929597	5.45882073640294
7.47781096190184	7.31747144402373	7.49751589073978	6.98201836127931	7.3246137750748	7.54806971273864	7.53249732300143
9.82440111102347	9.73458245845011	9.66651400808926	9.62149294440907	9.798037045354	9.99686681434926	10.0077003132182
6.49663922314492	6.45002763758044	6.48435143154134	5.36012929155979	5.37675139840997	5.34549054518534	5.41496644681352
9.71610587783091	9.6297088556849	9.64489519668934	9.973529974931	9.84425631758295	9.99079595159714	10.0445029652712
8.83391775669329	8.79760674559391	8.72720795543751	9.05810075411013	8.97941590086459	9.0514962233201	9.09401206505054
9.18787655287334	9.11444099400537	9.11351373617303	9.46166731802185	9.41194082687228	9.53779575229318	9.58291108412759
8.23734116136361	8.15300656736128	8.12743797870464	7.87109121083717	7.92564464442361	7.86494900093038	7.93465123031154
8.98448577016095	8.82546507206775	8.86563480404513	8.5652437214644	9.15064356157454	9.31156478965966	9.50295304738741
9.37408121973629	9.20328266993364	9.23781334560374	9.40549459576871	9.49838084281151	9.71764467292219	9.74975010569616
8.90655273038857	8.8105313116834	8.80676034464375	8.70274724521434	8.69421984510664	8.69896988849919	8.87763280905011
7.44789087169073	7.28696935562639	7.36405719782363	7.54775629473556	7.42276379616681	6.74503953719517	6.71897263370362
9.41269771081583	9.3144500920485	9.35718019107622	9.40840423381222	9.6067570038563	9.63812433327866	9.79621563263608
9.80682848157552	9.65858778573732	9.71368298910302	9.72936310122551	9.77921083160935	9.92288141605253	10.0354804528067
10.1775215858817	10.122668903378	10.0110462770833	9.87179410733872	9.82969168982641	9.90516066966996	10.0325812907341
9.3670638963943	9.20980149510393	9.2968496568749	9.36113081540486	9.63309115166976	9.6067113806472	9.78678341749324
9.41857175852716	9.23078652023327	9.27581824189011	9.14090598020649	9.59675643703897	9.74778491393399	9.83832881074329
8.79451791424254	8.6609684711635	8.75886159767212	8.88925613413433	8.82643504049571	8.94488011654177	8.87763280905011
8.67356195071206	8.58527675417522	8.66492367718316	9.08138041487202	9.30075741512143	9.28629475267744	9.23372613214337
7.11015559335734	6.91046008528382	7.01542092426729	6.79901353279301	6.59914381974642	5.78568152169252	6.13581237561644
8.66838171160638	8.46645318549355	8.49154693294555	8.55827416664956	9.18981997166197	9.19570094620474	9.3834554740683
9.52242042494916	9.4613402620999	9.4509049484482	9.68445987666246	9.6260843625647	9.7913476525048	9.78850295886592
8.83945948581549	8.69214719212971	8.79275114158406	8.8767048173007	9.09218383102654	9.10921172117638	9.19535432127085
8.98531921619274	8.91943644010973	8.86054918895682	9.36213164447094	9.24757273931097	9.48076800533941	9.33309350249287
9.46143175258248	9.27613942242564	9.27616550270317	8.93301895998037	9.13295763470629	9.3185063990785	9.54932938112283
8.6833534531219	8.60581147064001	8.61088383747027	8.91267031458857	8.97280307779294	9.08281858001189	9.19923775575808
6.3542170168387	6.15807162244413	6.23567231868462	6.04818528524505	5.88239144646972	5.66886785670977	5.79621563263608
8.79309068077983	8.64181207298649	8.71291362011799	8.87950345065337	9.09894753324584	9.13145635853425	9.17380654060248
9.52815109798922	9.46441019005058	9.4419565385844	9.36612803218123	9.60960162201264	9.86779112844865	9.7257194661442
7.57845172554194	7.46372854815701	7.48915241780516	7.30706804780838	7.84264526767697	7.82130543142325	8.10302244049877
4.8857240267473	4.69272904131723	4.67338525593135	5.26059361800888	5.13493347848588	5.57305206929597	5.27478878876525
9.56597038712635	9.43062510635792	9.42733502972844	9.59534575325382	9.69511287827714	9.7816684591859	9.80303689849209
7.48136002898291	7.45002763758043	7.40527986055014	7.33588174531312	7.2895668279756	7.51460979679331	7.5927858320627
7.80965452565428	7.67987383641565	7.76530774537239	7.85126976992443	7.8776793191204	7.88503907374918	8.0205602803068
8.6818118376154	8.51989244445501	8.57181427279168	8.74479314179512	9.07719111655107	9.08824429171295	9.17577878293409
7.98490255336214	7.75979035149087	7.78300974710586	7.54070153720161	7.89953875308414	7.89745477034904	7.89529540634408
7.69715436123502	7.49342023309381	7.5785875013871	6.56176315272944	7.06480739209523	7.17850774188121	7.23498778070728
9.40212619123145	9.38599115738527	9.33468414646735	9.16633876294913	9.15519362855234	9.25044658463286	9.19535432127085
9.50538109017235	9.36898188801097	9.37350044476259	9.71141210634147	9.72908097183789	9.7409116515725	9.77512259481176
8.57789928630835	8.47459635880216	8.53919990853696	8.60467812654841	8.82806428408037	8.85416125957529	9.0205602803068
8.3561513568481	8.23837861801356	8.242796753118	8.22802575555245	8.47880810006759	8.72776154576334	8.59671688365262
8.92751869487837	8.84757980863106	8.81347502783291	8.76914300321086	8.75800058423253	8.9048532226702	8.8241478259691
8.10018742426611	7.91943644010973	7.99531335081872	7.95042523658399	8.04392866241932	8.07518813888751	7.92217379002023
7.74419749330511	7.53684251338494	7.54439881521128	6.8166434268148	7.25848851679016	6.85861304414637	7.32778187637914
7.7461656996689	7.56126287887487	7.54093495990771	7.52648767798191	8.15584246824886	8.35542463479624	8.49928273274699
9.36450365607574	9.22797932955293	9.28067230332397	9.38101665803362	9.44523113629274	9.58077116230088	9.56345872146141
8.65325296831172	8.5027408610703	8.56728105605042	8.27554395947485	8.65528689778396	8.60216745550225	8.49191397153495
4.81247504471666	4.74752151415761	4.59538274393008	5.66269206158022	5.84425631758295	5.509765824562	5.90800645809363
8.83576736597342	8.67517066993292	8.68807464143372	8.55477672241334	9.07170035810262	9.13513067934379	9.18102495250005
9.16782614114148	9.04732679814683	9.03196577349019	9.0994973759413	9.16360586836854	9.19771027109903	9.23876611994472
8.28143842552661	8.07749190634556	8.17737367811995	8.61814562262696	8.82398772007697	9.0719055548982	8.91510751446878
9.4058661675084	9.33248401487876	9.27685977366983	9.47560650897973	9.44044607372736	9.44780260631783	9.45286923895111
10.0490872449324	9.94163598116699	9.94901969854478	9.94776097905693	9.84304819884587	10.061461155776	10.024578423289
8.83067522352989	8.8291744828482	8.79177995673359	8.73400946608187	8.73299956648121	8.92136230983564	9.00733119589727
7.9798931905484	7.92142362367583	7.89034379121718	7.67884782997126	7.98672810628446	7.79632876589203	7.8824713659865
8.34839838678329	8.14197089393863	8.25834775665251	7.81372003160803	8.33496396324436	8.44526785595998	8.65631702585385
7.19761843460768	7.04413852051577	7.13051408869924	6.68205738644715	6.6479261928327	6.73677192121157	6.76161697111211
8.66214077163223	8.50207709522427	8.54324512059491	8.2498191464147	8.84666952423576	8.80492216382264	8.96462040734036
8.8311388889817	8.77250627437141	8.70158214776201	9.50399431556117	9.2895668279756	9.37686446031422	9.30032388087239
9.22927257232272	9.14111848916294	9.11117990707272	9.59704704477278	9.57993321578059	9.74056712738199	9.64781667041618
9.62411732517736	9.5577538344805	9.55502698005482	9.5345001980333	9.63541920613797	9.59875009494452	9.72527065760398
7.73034434806225	7.47188707154418	7.59982864896128	7.5652437214644	7.81826110905001	7.85734250681997	7.92373938435823
8.68438028237585	8.59899898944752	8.61473322617909	8.83406047989221	8.87846574325592	9.06256413368973	9.2076161735574
7.96729315376877	7.77854840977823	7.82633717876996	7.50127139237307	7.72165001594697	7.76821038546612	7.83832881074329
6.0885994499909	6.07124066457096	6.11971888569974	6.32770781386742	6.65895321498173	7.04202127495231	6.89529540634408
8.65325296831172	8.56888947834957	8.60757616684089	8.90993534686733	8.90340760775155	8.9201458721237	8.99695738100338
7.52442875087479	7.45140359862025	7.42670953869723	7.23459840947593	7.01989497021966	7.19670595846474	7.22740128623547
8.74764009432036	8.53943263085065	8.60923095009349	8.56001971440139	8.77921083160935	8.85734250681997	9.00511450653792
8.67252738986393	8.48940717058719	8.5275792654354	8.40549459576871	8.76056233993533	8.91649039286845	8.93930258858317
8.42841114903395	8.18064685334958	8.24634582019907	8.00782754762891	8.59723422973779	8.64181881683641	8.79707005673028
9.04409625178308	8.87038969153914	9.01542092426729	8.7401814328893	9.09556964586592	9.03529541176399	9.28456980955784
9.39084773607747	9.32799662388645	9.2968496568749	9.63976566473072	9.46526156822964	9.56529145326722	9.62922559650289
9.4323893115995	9.38994325684335	9.33934444829834	9.70037504126925	9.58427795902345	9.72149046350675	9.70992749410061
8.87362118550161	8.67458169460697	8.78300974710585	8.77666881600387	8.97574585299152	9.17799894447128	9.12360331792123
7.40493208198474	7.05684957226533	7.1503505043534	7.31948730706245	7.53674728260855	7.27301541462743	7.50974467156562
5.21050611868981	5.20450719543442	5.06931393226249	5.39183815128713	6.18155963835723	5.89869048352171	5.74045236111407
8.2753180980031	8.11183292753874	8.11195826967099	8.4607332324982	8.77245741943688	8.97799260379111	9.01028149353258
3.9279522621366	4.08902997801448	4.04994860739557	4.67563111728772	4.2463547611543	4.36707740739349	4.20439946087386
8.71685878471461	8.606429194923	8.57464031687044	8.8836912476168	8.77921083160935	8.80952826364689	8.86056891208743
9.38927428730018	9.22677457370765	9.28585502368949	9.2934920985295	9.55358634483496	9.65394391974951	9.70492838831112
9.37057682462692	9.35324257504556	8.97192353054314	9.59108372639966	9.04533001759593	9.53302913438585	9.46904311956931
8.85777966902227	8.7025847419712	8.75288563452251	8.98201836127931	9.16489571650174	9.13774947665188	9.1512639719514
9.14339192283128	9.03315347982198	9.08366922523957	9.10309362634744	9.0975973272129	9.19670595846474	9.27968758817809
6.42718488883187	6.29618788565577	6.2413746780488	6.35209197249437	6.18155963835723	5.96625376733434	6.06380113070106
6.46352673589559	6.4582637876802	6.35356482400599	5.87950345065337	5.70223731271052	5.92803444510385	5.83000394609236
9.37916337396893	9.30762882619248	9.2692043551041	9.37607083542881	9.39610188065898	9.6067113806472	9.57943889222078
7.64957731016832	7.44451063261288	7.53977849087513	7.15367841409236	7.63867218393306	7.80558107913023	7.76511441534834
9.69689998495985	9.60982195874205	9.59176033052885	9.66431580405989	9.60628235504764	9.66850568900588	9.86750005886408
9.11282760504488	8.96011985219515	8.97577699933302	9.36313177972131	9.67624210417758	9.75189320823624	9.87318316429195
8.59328817932178	8.39173609296433	8.51997534127206	8.85269465403125	9.0975973272129	9.31573376201584	9.29125600035402
9.19149233181085	9.05458793982084	9.12242526872206	8.92491391034332	9.39280303385377	9.45747810137867	9.5609457526308
9.27395449200282	9.00765941007977	9.15224355677157	8.72936310122551	9.18664851503003	9.34820663329392	9.59081628221293
9.5889080771614	9.42957828441753	9.45459156469848	9.24548672561867	9.49633301416265	9.66015063960866	9.83083859757117
8.43818388778113	8.27069381591356	8.32900489502192	8.51393462763883	8.77330332684364	8.90300716350483	8.96233705939728
8.9668712514289	8.85695475524355	8.90254137948711	8.55652650436329	8.57314861121348	8.67248454208566	8.77555616206998
8.78784537820795	8.51134214109108	8.62839780115805	8.55827416664956	8.67985561900568	8.72845665299957	8.80473718748193
9.69791722106114	9.48471111190176	9.5469912598278	9.79086059794378	10.0052081899561	10.1408857714542	10.124624694984
9.32784636312205	9.17940189854122	9.22491926238774	9.05191157670334	9.27769272768731	9.38702588218445	9.42384459815997
8.71685878471461	8.5491043656715	8.58364663587911	8.54423322817187	9.12237385470663	9.26201520024024	9.39760798152636
8.58451463626049	8.53813815338302	8.49214494126121	8.83406047989221	8.8987637355845	9.01036211962424	9.0870425102357
7.27463645610954	7.16647406343983	7.26536135841356	6.67563111728772	6.95874233259984	6.88379160714237	6.85647615745355
9.38391168886709	9.22275143936351	9.28792290991198	9.37706135729463	9.5852416832015	9.6993244897154	9.75986506435052
8.65482538813047	8.61382132915304	8.57576918628711	8.78266132738556	8.70401293760038	8.79234525197353	8.78333817396724
8.28211686195618	8.2036909605946	8.20024480208895	7.4607332324982	7.76991671721131	7.7505250762789	7.869532310279
8.89684054839141	8.7997688966781	8.8600859701245	9.23459840947593	9.28779193124869	9.48406465353968	9.43266844854698
4.48490038668816	4.63577315650515	4.69016096868219	4.70116620939486	4.66625801560496	4.68614584814161	4.53454806256619
9.11967585385747	9.01744675043029	9.05683692709448	9.21700434946119	9.22425346872584	9.50612214215148	9.42052169064669
8.3262026406691	8.16982138522194	8.20608863809297	7.90169919676757	7.97206644512904	8.01150484842924	8.08214371082286
9.38612223220998	9.18520251823736	9.25447569248854	9.81883209227763	10.0141813190253	10.0299484426517	10.2444151397217
8.6453650588814	8.63335049423829	8.53572353326237	8.83694298842533	8.18283354134586	8.73192717437703	8.65443238150891
8.77344231308098	8.69563477249264	8.70622851261837	8.7324623398844	8.69332625880313	8.88503907374918	8.86383477661935
5.95883157502057	5.79598300311425	5.92441772531171	6.10668093455519	6.00268568018744	5.94248560140139	5.74045236111407
7.75401178313207	7.64662507174862	7.63923703351951	6.99755921217508	7.2800753789983	7.33091774409807	7.46957913853921
8.76132893342887	8.65441210976612	8.69588286024602	9.05067054863465	8.91954444488719	8.7850134526642	8.85975128948641
8.82603035460813	8.62727597982861	8.6467763304729	8.94241765798262	9.0502240689508	9.05704079217725	9.20182091677208
9.62679046850447	9.51463671900352	9.42232349176364	9.29558903936508	9.31535085374583	9.61763380749088	9.50452318544287
13.4957072790832	13.4001327072081	13.3839701811131	13.4309360055501	13.3476916631962	13.5454587667744	13.6590218960931
13.0207094030565	12.9743076500808	12.9080136340367	13.3179407337063	12.9283528609751	13.3508047615411	13.2878028048992
8.85686916407511	8.79489949195488	8.75537862812866	8.76460859914006	8.65986834031586	8.65577219909809	8.77642290588751
8.6558727166998	8.56062550530988	8.60426089527654	8.90032192216093	8.99327755277502	9.23927226174076	9.1940575166524
6.33342105256666	6.30534788494125	6.03360987058082	6.28612871011602	6.78844545461445	7.16213655865232	7.229934552981
8.45271998093901	8.2589549794568	8.36078652074634	8.24548672561867	8.73038835302468	8.88191838241581	8.84495428755833
9.28313391877721	9.12999115098002	9.21589674992329	9.74632710795865	9.89099057539592	10.1455774667789	10.0383738005619
8.79831698172	8.65799200004193	8.72058890887664	8.68845515764531	8.69064217423192	8.99021643962273	8.86953231027899
9.23243522256455	9.00765941007977	9.09866865215681	9.02814753200851	9.38673548698259	9.47746380683606	9.63735886814996
7.92621721076585	7.76864806183842	7.84237252900729	7.66269206158022	7.91034550804073	7.97682300904453	7.96385969282715
9.51666689771886	9.33211059827492	9.35947617093702	8.91812474468068	9.30310230802431	9.38702588218445	9.41830215937677
8.937457924228	8.82440348626496	8.772709993735	8.64470922767485	8.70223731271052	8.82520988587916	8.6497099712665
7.3268603543987	7.27303016466852	7.25694093543827	6.31948730706245	5.77161101575119	6.14765777721995	6.21466779632769
9.58945631773075	9.54814010471933	9.57379308475787	9.38594558336393	9.53375517291339	9.53660557344865	9.57446407680549
8.76375975968364	8.63335049423829	8.66120607332732	8.4774549333721	8.76652213907839	9.00176268005086	8.8581146528493
8.75743107211583	8.75366897472773	8.72669987476985	9.23569094647694	8.89565949546077	9.20522041320631	9.05739704848717
8.73975918682468	8.58339538676117	8.64785016382422	8.76309395853806	8.91801535620045	8.91770991537631	8.96614063407839
9.24883957661988	9.15004371894242	9.11971888569974	8.93032233295061	9.11571934548733	9.24753987772436	9.30513687963452
9.72486543747256	9.52120338960736	9.57322798681062	9.59279004835007	9.92982361915594	10.1894037077435	10.1937331332804
8.98406886651959	8.85227489697954	8.89713295687982	8.85411813223346	9.18410632046758	9.29711207668651	9.35994054415351
5.53585157413491	5.65022431280269	5.43045842354614	6.6298274276746	6.51263482649175	6.81477443321285	6.58686909769627
8.67820831556842	8.65022431280269	8.60647192259189	8.58595261829652	8.61715996302514	8.82650902603078	8.65725842558767
8.4831312938351	8.33918903875665	8.41161581733414	8.53005429300211	8.65436886081954	8.80096233963248	8.8021860019526
8.2190343900712	8.17732458350861	8.18774749301384	8.1280194589209	8.42276379616681	8.3382225447213	8.26123068347053
9.07926158541156	8.98693473707379	8.95813834315571	8.71533354132145	8.80177298626144	8.94488011654177	8.99546929934397
7.80399689079236	7.75534101861691	7.77418589671885	7.30706804780838	7.73734111366644	7.49839956961205	7.6768872323366
6.67459577020515	6.64782581675417	6.5797132876642	6.39965765574643	6.08674994497591	6.28629475267744	6.21466779632769
7.75205425903135	7.73627675698998	7.73227894498493	6.53361211241529	6.40758880233257	6.70038777071738	6.58686909769627
9.01663859042074	8.92588480413085	8.91998002559343	8.98591929661921	8.85228469133889	8.97037323384375	8.98650843177235
9.4253435420077	9.29197003668476	9.29101919233761	9.50308724540183	9.59723422973779	9.69043320654471	9.67595855831619
6.57402627716114	6.33248401487876	6.44782555551623	6.25198048770417	6.73734111366644	6.45705877423115	6.80643547495396
8.80399689079236	8.68514663634311	8.69120300198201	8.85979804130581	8.99835108992355	8.92439892438735	9.04881381023424
9.118536734145	8.92191999217923	8.95900378711741	8.90169919676757	9.1590822967851	9.39229921747709	9.35588721405949
8.70678757424571	8.52578233939826	8.5146875099123	8.68365949104365	8.79512461025207	9.08716078055358	8.96385969282715
7.73233153162835	7.45415159000516	7.58644961916007	7.43813180356107	7.5663319496715	7.7018042608075	7.71716813685687
9.37662453470239	9.32649771981303	9.24528201650759	9.49215768524358	9.37786415977705	9.42654234770809	9.46367194791145
8.7268601768721	8.67517066993292	8.60923095009349	9.18229289913148	8.87846574325592	9.04369785275969	9.01469565824358
9.10824397913717	9.04459442035869	9.02825969028531	8.8836912476168	9.10635116295313	9.27824688416399	9.36571133201146
8.05723527908157	7.9479860965593	8.02784731496711	8.19020429011748	8.38894482132078	8.37420184182687	8.21849965791871
9.30165400674801	9.17107463131861	9.19731398332399	9.37904036314801	9.42438026136773	9.6451357822439	9.64734295672259
9.73605013934283	9.63547054611266	9.60923095009349	9.46353367667915	9.56535550629014	9.69007641291339	9.75898831255149
8.58671302912914	8.36788935100996	8.42232349176364	8.06303304965236	8.47673227950674	8.59150897400353	8.62970529560653
7.46113222075521	7.30077515515143	7.29445173033776	6.12566403792277	6.00844494947612	5.97096077001187	6.18885860997808
7.87497097045043	7.75756740029469	7.74136204974737	7.56176315272944	7.72165001594697	7.81084159559092	7.92530328157466
7.50247301613611	7.39531509514935	7.49274270180048	6.8166434268148	7.10567967351077	7.08173098475428	7.14657880648552
7.79166203398124	7.68923442101936	7.75138776793263	6.70116620939486	6.79845262796983	6.70038777071738	6.76860340142821
9.16046543619022	9.01930350106095	9.02081883976914	9.38594558336393	9.45633494623073	9.56840071102434	9.56897189316971
8.81575869604032	8.65620316529211	8.75438194757718	8.80196685018235	8.92336009122906	8.95560652313483	8.99621353203568
9.23418925930449	8.96975391164154	9.12820762131606	8.82682891066113	9.29664465921613	9.30458961874332	9.44852540415759
9.48372123252289	9.38491143047379	9.43357506991028	9.45135896273305	9.45000038044061	9.48406465353968	9.55489670795799
9.32751776841823	9.2036909605946	9.24208589080212	9.00270251545104	9.36389257042616	9.39886389606114	9.50190533852445
