LL20_1	LL20_2	LL20_3	LDZT8_1	LDZT8_2	LDZT16_1	LDZT16_2
8.71021257522544	8.74280349021763	8.75633593529723	8.26681764803094	8.38814495761889	8.40009090593505	8.35616442862323
8.57158390791962	8.48510979710899	8.60933367596725	8.07814231755207	8.35493882175713	8.39387741167045	8.50788560596274
9.35156528210086	9.399883401358	9.39434613118411	9.17127025573713	9.23720397000291	9.08149522912307	9.07187551251154
9.69901293317099	9.74512532443779	9.71996231954182	10.0081316916377	9.8522679112009	9.74738960301093	9.77817619619171
8.9173263819418	8.88787995918819	8.94299383809062	8.90698800176099	9.13487868974107	9.07106746760859	9.21111845379668
8.62671202870142	8.68727296859845	8.62456597692463	8.810494577285	8.42487347295995	8.49731413055204	8.46194776441546
8.68201008038653	8.66632250936553	8.68051717465855	8.65501288003477	8.70587754201539	8.74569029697612	8.73714265242242
6.9706365729243	6.77036770341952	6.88996935602713	6.39666545838566	6.84013314849877	6.13497681534163	6.43113534248683
9.56464016955073	9.54471846032115	9.5871073737951	9.48000042957332	9.70037458205073	9.63811428668115	9.71634878383419
6.86741184626313	6.93899484579201	6.97263896911195	6.51457861768576	6.33732412663668	6.2169463382139	6.07561046483003
9.35190374385611	9.44028069587986	9.33725918463466	9.31019646669756	9.13942609754904	9.29898419407452	9.1820449068761
7.26811994588853	7.46827891727947	7.30265139842431	7.46395007086917	7.19689351359518	7.16277766271651	7.16260176662037
5.08861627134398	4.9364149210984	4.87329970577593	5.46146242120762	5.36413581931183	5.54057308388828	5.18096901910278
7.99601482822853	8.06915000989624	7.98490256451373	7.62635527159961	7.4906480195939	7.52863598687464	7.46666711356669
8.57893867163849	8.47989682637442	8.5481134431205	8.58851643166447	8.69531385579581	8.51596053642687	8.66809676088838
7.81175970020321	7.85931103220943	7.83288173882426	7.9162902082662	7.75496339951915	7.59282383542951	7.70763212255818
8.66024000808506	8.6630225543932	8.66288213074152	8.75732511151774	8.88924928297779	8.76067747895303	8.73331081070563
9.05727120900504	9.05780915662602	9.1075357430632	9.55061529851636	9.4115922582109	9.30982610358612	9.3650496602084
9.36034074780016	9.47461740247411	9.39836935376374	9.39145352932318	9.23417113194817	9.33479642685311	9.22139365745864
7.95819631731968	8.03146262214836	7.97751148979327	7.30727215375919	7.6381266082042	7.6272305806375	7.70763212255818
8.09246866430673	8.11544752084154	8.19870450880775	8.10844117146121	8.22616208609472	8.17950430148373	8.16613592558351
8.83433029151421	8.86262442707834	8.84964006312986	9.25486859475476	9.32647319517197	9.35080680153488	9.1202546944637
9.27199034401354	9.25534627234411	9.32772501811336	9.69227469417738	9.53050244941518	9.5245448183524	9.35138771379485
8.9499076731973	8.92665289229928	8.97561772010006	8.76209621593018	8.80663276698967	8.79889671344943	8.81885812169564
8.19482261264275	8.08571004052661	8.21781438693487	7.98049898110182	8.11412515693043	7.92544025657579	8.09365213853708
8.01252401434925	7.96787649357966	8.05778909421901	8.23970084731656	8.65499348668804	8.58066142697829	8.57490724204846
8.60190277449291	8.67617927815467	8.66583548272216	8.86177267269082	8.59467945330595	8.68026564820741	8.6753189976959
8.97963824287991	8.9410082822076	9.04898149972422	9.24921720609557	9.5369105962857	9.43293995012303	9.53821232019781
9.02652697379717	9.05016130105282	9.04207846928827	8.54118471541312	8.63578291588305	8.5427661940931	8.6648747038132
8.26797492083633	8.29269026242634	8.27527472826946	8.26905452575018	8.52377908898379	8.699099944574	8.81379976713938
9.27910953269102	9.18642799895215	9.25806455556374	8.85583376665751	9.03589916623951	9.03050895325012	9.13065123409466
4.05231436446287	3.7856792211416	3.85658380248764	4.4621747270221	4.65987850692036	4.81501901273064	5.04339932394436
9.92888072199655	9.87747534567096	9.94208888459761	9.71704622116172	9.84275885374075	9.96792095922824	9.93034275379728
9.07403973155209	9.03629667985374	9.1066517037718	8.90267378188062	9.06829333219495	8.85514055325225	8.96387863893532
9.05644845397016	8.92776201647884	9.0150892494008	8.78415494530729	9.07441400118152	9.08809015249407	9.06283916511859
9.06465591894917	8.97308594452051	8.97658093541628	8.8196772032394	9.43975765343192	9.22102606017533	9.31813682013436
3.38201936784304	3.36286926569327	3.37539901238611	4.18673662042481	4.11355478486512	4.10183292482412	4.06452643037085
6.48482037320234	6.479981587641	6.3578857739975	6.26824225965989	6.63676997776003	6.5575701559845	6.39818224645682
9.27519812936006	9.34875998038787	9.26724641309146	8.95777605842341	8.84057107399367	8.82759007666401	8.83534906480143
7.67854494351075	7.64561967198222	7.68324823108506	7.61232433456404	7.59886619251616	7.59421675702079	7.71246521091605
9.78450534738338	9.74834635665948	9.76945582978174	9.67720486287477	9.83837941197256	9.84401544276157	9.87845287945352
8.91326043758089	8.89582793520849	8.90057643540887	8.28240339335142	8.61724517670541	8.59284014852972	8.63800168248066
9.55874890907373	9.58648518639635	9.47460160995009	9.66197584026824	9.61538877840029	9.51596394240293	9.47736233417818
9.10384183518912	9.13222783945029	9.06314964348901	9.07359748648322	8.97829726972231	8.8739380075376	8.78379399292299
9.64367819304598	9.71384834072956	9.63415007746399	9.49057622985734	9.33329007559181	9.29938727391736	9.2804560457153
9.60639263056373	9.61276227566787	9.59000983491564	9.71786465286171	9.78723883971352	9.71589586284734	9.72722114388813
4.5880056908454	4.60567355342145	4.58635428921147	5.16692910298833	5.35512854934946	5.32647040703056	5.47062309701767
5.93928253160006	5.68490485059189	5.81813869914335	5.99280415306261	6.09441979655283	5.70945208498777	6.13740490912438
6.11333913400026	5.90582651770829	5.98398588580692	6.10736505843743	6.44281405567894	6.17852177393587	6.38561907637327
9.54153323672963	9.45168277171967	9.51438661951243	9.67045626119707	9.82193740446506	9.77361803641325	9.75384991527546
6.6733284450135	6.76107085539971	6.73095168153734	6.22276002076396	5.99953820773942	6.13899290565111	5.82824176751263
8.90782210741319	8.87530504969684	8.79911067799008	8.66353843652365	8.71549315648304	8.6928504565231	8.77637545185209
8.83146778883705	8.79333498129981	8.90461926459511	8.61688964562877	9.13552920134511	9.20471717075962	9.25124083804208
8.12406167769344	8.15018987594117	8.20430296746425	7.44031564974029	7.69063779791013	7.63671222298393	7.6650206863739
7.36440350292097	7.30513195039916	7.47675320349538	7.08648924350795	6.98085432378909	6.91503739550087	6.65599674201501
9.06955908938646	9.01394947384206	9.0762857639771	8.7966100327182	9.11522510207782	8.90703213281616	8.98897327663475
5.73884945085997	5.7727084017519	5.64064146964098	5.73212340068554	5.84110229430806	5.75260887838287	5.7703376639687
9.30411522209302	9.25490006355037	9.26206345241063	9.37701610994537	9.30061788091199	9.29130314865631	9.22516005371729
7.69686517947713	7.62340796715079	7.6629006310452	6.86763546350726	6.74719928672451	6.74272216403681	6.62804955244528
9.33557147188128	9.3267945240719	9.36102456566067	9.5020256671432	9.52555358178303	9.52932682946476	9.52616870607329
7.88675080939521	7.91131120482109	7.85712316579498	7.73069878905658	7.7153171384596	7.58303368766725	7.44145490252078
8.58175792438983	8.63971848965459	8.67054899829488	8.63953866276918	8.34030766271893	8.38685351579261	8.44502846818426
9.56434615127108	9.65271095797536	9.54256289381879	9.13862733513312	9.10063964834466	9.051902964581	9.0998121677449
9.7645475027878	9.68426097127134	9.72144114006334	9.50107501270663	9.6274459912552	9.46903517146079	9.67431202843572
8.68148281683269	8.77443007514051	8.75966917306988	9.06975474568965	8.81559915262377	8.85402677994941	8.68965104557361
9.12128737051502	9.05679168015153	9.08483132561554	8.89110567647535	9.44448608837392	9.49829119453621	9.51750130750275
8.55562026387861	8.46791337652571	8.52564037660656	8.1405619109664	8.28378002754016	8.3268828167993	8.28793345743555
10.1578323045944	10.2155431284857	10.2001791059135	10.2485049002811	10.159039423371	10.169755764922	10.0444291819504
9.50833419710249	9.55609165619374	9.56924923880187	9.71786465286171	9.67379371552274	9.8152351669444	9.65477268586033
9.6470226184455	9.63095717464491	9.64786080507076	9.31236601925271	9.65851000911337	9.84699596387108	9.82592647351634
3.50028981349684	3.1229346779611	3.0856070379924	4.33102367998801	4.15581238579212	4.15374512162596	4.97496321705193
8.85233465380718	8.87300739682876	8.91768503157861	8.69215390698929	8.89848330418135	8.99224957279143	9.1363934201404
9.40510416657474	9.36170419083971	9.40274626958488	9.05557640932105	9.10263731474253	8.99023269566491	9.10802555696855
9.70116324612379	9.55243224436439	9.65095978712693	9.18198902184841	9.52753517499787	9.65688859934681	9.81335376406767
9.21008379509791	9.27088100095975	9.25886517305691	8.67875852698615	8.80171832142324	8.67583362150675	8.74933352412587
8.73535613493392	8.80360246834107	8.73674569996101	8.85136347656158	8.56209215557518	8.59553194968984	8.46381494374702
8.59354169308289	8.60510331503032	8.6450410652972	8.37461578252304	8.29666491079579	8.10472991710002	8.16960432786751
8.9861184627332	9.06693569159126	9.02398318375855	9.10021364063121	8.98697799010878	9.01869770397137	9.00922825047027
8.35748085123798	8.31947736045288	8.37555021106826	8.10844117146121	8.08469544370002	8.01851562789314	7.95920766860813
8.66611160670376	8.71752583431548	8.57715531885072	8.98795478439415	8.59846510728296	8.78021377829684	8.7394366601253
8.8266848704096	8.73652367758267	8.75188027106222	8.20507146258374	8.54158908797478	8.60957812525027	8.64210714613249
5.84238609104374	5.99364230127634	5.863169317718	6.2592598791952	6.01103150786122	5.84998542605979	6.10169527405164
9.45586374089578	9.46998089631467	9.48740458055658	9.47322975506507	9.32761159051917	9.35197100808246	9.35823559542021
4.10768322858389	4.29321690928152	4.12120053434415	4.66638765978156	4.98631073551596	5.31921176246134	5.4949025266341
9.25981022767978	9.23015305513289	9.22732582840505	9.36661442412384	9.55012918707921	9.57030964469715	9.60467841894128
7.81456986704022	7.83090324690797	7.83389951815766	7.95848836423789	7.88025205247174	7.97804127198589	7.96725343668381
8.93660300135145	8.95250410454874	8.90663667285841	9.25374008792545	9.0435465123308	9.09324978667433	9.07007297102011
9.40575746287268	9.39744917466042	9.41688522766823	9.54877643678641	9.62143003365175	9.82819226602742	9.69854408111785
8.38339491875392	8.41043593208236	8.40523252858729	9.06718721624731	8.8540832801016	8.99878407417265	8.91564355862973
6.94257042908962	7.07558674052196	7.08964221708864	6.83174147497391	6.83045866848524	6.87335208561525	6.87018215101411
8.3271198109987	8.32610046139525	8.28059988675726	8.66693459215974	8.6766384136704	8.4085888883098	8.35717271899726
7.85337324549902	7.99589727735177	7.85109878783191	8.03672712056854	7.50082988257333	7.53446442760309	7.57029667666871
9.64952608982967	9.67955349455108	9.68887365649784	9.71704622116172	9.68803135304479	9.6506589240523	9.5678693328862
7.84605852602248	7.79138950848936	7.75882856626543	7.42835153625648	7.33769097238919	7.11233017689734	7.12126410188246
8.07366405517826	8.01022419877943	8.04277768502523	8.29562979255147	8.45547543111122	8.38841748407235	8.54620472879212
5.28045946638807	5.50842900922491	5.34931637645044	6.02496163652163	5.73413906186479	5.9033628799417	5.54994639011999
8.48942549234365	8.61468489145247	8.61970815069503	7.89905891866111	7.85192716197564	7.82325145388312	7.91687361614485
8.38403711165152	8.33926005470757	8.49162901488569	8.3641915331953	8.74139508741447	8.62084471159056	8.71399034222329
8.04179358675566	7.94145885134369	7.99775149227046	6.87940424233852	7.77354473247788	7.96746850698914	8.02358147459042
5.13340179874481	5.04931613945281	5.03420394978698	6.42906384207096	6.45126499094728	6.63240714393661	6.67318059193552
7.44419552819863	7.31969043268328	7.34246834588823	7.39185167782524	7.66733533683867	7.74067178136923	7.93478499006186
10.0047989415905	10.0555668873456	9.99291563861548	10.1026374409062	9.97990350147806	9.92384243856257	9.87342367215312
9.151340749107	9.10388631527708	9.09511238015147	8.75093897748362	9.12246267331934	9.08291109126954	9.28097216515856
8.48942549234365	8.45507577719834	8.4883184178094	9.23098243460702	9.04215911014379	9.16885128630791	9.14723817544394
9.54511122450066	9.52768248116672	9.60858341556953	9.66367591994735	9.61259191537615	9.72183759974887	9.64687881241205
8.79424285457199	8.85624391497726	8.79152085418028	8.58133501008585	8.27196536512486	8.45105563349298	8.38609717104222
8.83671157601777	8.93495151298988	8.79802872411327	9.05168526687564	9.00987337272332	8.9129161042587	9.0123664035524
3.62501216806398	3.66354477337301	3.60271275542734	4.58238327445768	4.38616943216437	4.23613561158762	4.64644256392925
8.74297026167592	8.755285223136	8.72883869647464	8.62214801279878	8.76262891842229	8.60624678442636	8.68885871404713
8.17283288001205	8.10017236431741	8.22806658749886	7.17984955897778	7.22421188793807	7.28832434734956	7.17215090726037
8.74094357553683	8.7308494057519	8.74517230493379	9.19027108960383	9.23538503557172	9.12380764284016	9.11153066973089
8.25334497475625	8.18051529020594	8.25533138927037	8.79970706377137	8.66945961121045	8.57042946841258	8.69044292239045
8.59410053981203	8.61058595192952	8.53723925134826	7.81580550709696	7.90955681752543	8.04485167451587	8.04396737174846
9.98667429051046	10.0018659763087	10.0404267969624	9.8364031064708	9.81425365857495	9.78866659760576	9.76697403835037
8.26658767800213	8.19500192079662	8.23903098827024	7.85207578237606	8.05188743714294	8.00928053942806	8.0002814691122
8.7338286957319	8.86146633963854	8.63543991566532	8.83183042505965	8.47620674110782	8.67392980119751	8.56367135841711
9.26483746288367	9.36295098150133	9.29992930542741	10.0128070127637	9.70344389009164	9.93302614447607	9.69434363551351
7.05493432738405	7.12217502723347	7.17343247839249	7.14127421678087	6.92135700779679	6.56935189785526	6.41886997003375
8.74448849481389	8.79090891110857	8.74461197550787	8.03409873807054	7.67454566491199	7.52131553343951	7.56672657036802
7.75443041430303	7.81475804427936	7.77159946577367	8.02088446222933	7.6727464726255	7.71030050254868	7.56493804734968
8.67884373643149	8.78665387636531	8.73336199584432	8.62214801279878	8.50069576904903	8.60357589047291	8.49972886113374
8.80205372963979	8.85275222634348	8.84229784786624	9.12634730006047	8.90918184720825	8.98111997217335	8.92368932670541
8.66717672370468	8.68075715364488	8.65160701489376	9.09013200933108	8.78438415427541	8.86069593218436	8.85094070318538
9.13853383418409	9.13561263385461	9.13425601391679	8.86473297640207	9.10063964834466	9.20773600554305	9.19583520070539
7.71396607162999	7.72765291095893	7.67310831888062	7.85207578237606	7.88025205247174	7.79346445286206	7.76454102568719
8.18386773770697	8.20398591886246	8.1622159121666	8.15756576740263	8.51979114789985	8.76484479210681	8.69123434501923
8.13014990732274	8.15482400805378	8.09253866700557	7.56575711544694	7.75496339951915	7.66079764299938	7.86025663565202
8.97008337739135	8.83340211028639	8.87814751936499	8.3952408467567	8.63578291588305	8.62874239809383	8.70853177776748
7.14792680680825	7.1313224707688	7.13050013374009	6.01432197641608	6.20358531857173	6.4110013543951	6.43925210304139
9.20710713049861	9.16194641960327	9.19052458179823	8.92127619999217	9.26243016320085	9.25972797581159	9.32664977414165
8.71124707284404	8.7478085842042	8.78771175018074	8.66353843652365	8.57079039518137	8.54066884687021	8.49335122204269
8.69304033618855	8.67748866088988	8.76133306773228	8.1956947309865	8.40986350960137	8.30131038097381	8.38806978798356
9.42619306995706	9.55353100037964	9.42803124838175	9.48096507825489	8.95783591882887	9.05479471747615	9.05981385078355
9.81694494621888	9.87481475128276	9.86037122318927	9.8947422952282	9.93177170528244	9.85992682247356	9.86297152571183
6.87614324525338	6.88198730830147	6.88618921094552	6.51457861768576	6.59163574697876	6.58393856640507	6.57773711850898
6.16717166272107	6.13776148991552	6.00434855858955	6.37187973498471	7.2068876746159	7.30216607375199	7.44926168609181
10.8689158325552	10.8510380093486	10.8783124977073	10.6998669470454	10.7576239171675	10.6904513174084	10.7143092139714
9.06301798764635	9.03784350154073	9.06814562003841	8.92695206323227	9.11324487453758	9.29777424534923	9.23959203634187
9.00539406572085	8.9827380779498	8.97417175707593	9.08760054704619	9.00133030580696	9.13747628748513	8.93235295772706
9.83524419972669	9.81967252541939	9.85089486547817	9.85214280812883	10.0039110124083	9.97311670405715	10.0116992959354
9.63078889649385	9.57136497141873	9.61049199048976	9.57972250605242	9.65896185841825	9.52898580802906	9.60018180750522
5.4684531399509	5.47051368553731	5.43976781195182	5.06746432927643	4.87714521349706	4.56213227666454	4.78736546928094
8.79961716460821	8.87300739682876	8.78825648991657	8.54303419276853	8.43867225882464	8.59620407770412	8.52851416192228
8.83718738302996	8.82214748610939	8.80397000699681	8.65501288003477	8.75840718499055	8.73964940033717	8.79411339701185
9.28548825665182	9.13464632452224	9.21089556951614	8.96469054362442	9.55402256304738	9.28480146468666	9.66652946231402
8.68779787182124	8.82452386913929	8.73618226965274	9.0108495633692	8.74395977988909	8.77018428105649	8.6753189976959
8.83480684865571	8.78482660925362	8.83015847509548	8.68043977195899	8.61257312428547	8.70965934130119	8.68011290633537
9.16901366125733	9.206376491782	9.25926532446316	9.16767955051648	9.20658356849608	9.20730514885861	9.25492674643808
8.85327633667985	8.91103890931262	8.90360956020577	9.08379499956372	8.84376186898212	8.74327712099954	8.83677378905342
3.39949240593872	3.73454182170974	3.84276309428718	4.49317952200456	4.40379732023308	4.37303956068977	4.53846663661249
8.61628664037874	8.75279712555539	8.63061661016924	8.37253695389922	8.27077853742168	8.04384801890487	8.23169373245518
8.76807716727805	8.79333498129981	8.77677595097574	8.79505901868928	8.74481366095612	8.85680952407846	8.78008970797223
9.10503772154592	9.09795547349658	9.14118789683414	9.2683422199357	9.60745014857879	9.62290812588078	9.70463108438502
9.52924413790341	9.54619079700831	9.54322746207699	9.85139718235538	9.6008793537394	9.53171161512143	9.55650558907454
9.0002778939692	9.09845060194883	8.9365822957064	8.87504643050989	8.49562819817574	8.60357589047291	8.50607715837037
9.03656676246717	9.05577351688895	9.04023237920764	9.03075324905678	9.24746799033709	9.36740033367521	9.31511966445236
8.13394263443663	8.25679442105505	8.21702289801679	8.35158211694393	8.23227291986348	8.18947509274928	8.19590967675181
9.38966984554839	9.43870121006408	9.39909971142148	9.52278301710395	9.49802582201173	9.47649630535083	9.44933043646341
9.09944880512332	9.03887383547166	9.03375343322798	8.92411692485381	9.03938027977454	9.26428333433074	9.20676905597812
9.44381053188533	9.43791084650592	9.46133992751387	8.9838765146283	9.52356925156011	9.66309018764199	9.59567049468299
8.9972854430603	9.12932052955654	8.97368946500395	8.810494577285	8.55529025989949	8.53224733105052	8.52226848866062
9.39757089231154	9.45403109935989	9.42623899628867	9.48961799293218	9.32133922358696	9.3162108435851	9.35725940484857
9.7161303806129	9.72499992440875	9.69008115040003	9.39555208901562	9.3167602400995	9.46832247198689	9.3650496602084
8.40381094500434	8.40181866794053	8.41151865705984	8.27796749015685	8.22738633401967	8.42314468502664	8.447862797114
9.52984593005222	9.50441221458627	9.53723591101812	9.6214357069843	9.75210491770996	9.77047401229277	9.74687263866724
9.09864869871937	9.01447295426246	9.09020398844171	8.69048627533911	8.92733886428137	8.97041159222177	8.96971034887864
8.89597149633699	8.90711002831424	8.89500001222851	8.73322983084363	8.5474770259416	8.55943082947094	8.7279282922013
8.82859985446275	8.77443007514051	8.81952348898889	8.79039593947294	9.17466354601123	9.10768730150126	9.23852816172058
8.00015906159487	7.91457028167317	7.93239772568853	7.44031564974029	8.09278170249442	8.31704012754641	8.34705650568372
13.3570699878184	13.3656744518195	13.3907461080426	13.0990117236666	12.9478808010684	12.8610655262088	12.9353036995844
12.3076762375813	12.3741549766288	12.3273114413149	12.6900336664323	12.1592525075406	12.3223630882426	12.2501071624453
9.77481521185412	9.81813724913801	9.86145050085485	10.3208380599638	10.5456987611831	10.5590286674434	10.5951763406506
8.25474442019119	8.24201876279085	8.282117956299	8.53562200471417	8.55431592628942	8.69034268927633	8.54971578746887
9.62712625838809	9.63060933449204	9.67339383212163	9.53212027384213	9.39594403186776	9.32889209690952	9.4885063562719
8.63543586799687	8.70086524471123	8.61849127586313	9.31777565937427	9.18726586237316	9.41490142377953	9.1692349491806
9.36202251158974	9.40716260012038	9.34824476026087	9.25374008792545	9.15619155988476	9.30662258550615	9.24965814394908
6.7433672753144	6.54054628117522	6.57678277764505	7.13146691772963	7.33085517113558	7.37426902421216	7.2574818115298
9.32251541511996	9.3567066970926	9.30925086742924	9.43789781216724	9.38778274394967	9.49829119453621	9.38433502397027
9.04405307862946	9.08152438482178	9.02351637102888	8.91414980188836	9.12835732197054	9.28927467173088	9.17147132781514
8.88909209910827	8.90879508767723	8.88531978671262	8.7966100327182	9.01766013895669	9.13656925813882	9.16362809337387
8.80205372963979	8.70279703854997	8.77512880593031	8.36628242174284	8.68110701712689	8.60624678442636	8.78231347205621
9.40281540318824	9.40796923587021	9.4016532160968	9.54047240959864	9.47099051073712	9.48567817739132	9.4840595418675
6.66934057736549	6.80472929898946	6.72675613540064	6.55916982389014	6.38222324493022	6.33315345023421	6.0913204483674
9.89642142366849	9.87806595210617	9.83971868152281	10.0843523260645	10.0552193350035	9.97212855031217	10.0150377553821
8.79912937988176	8.90373425185959	8.87248844057495	8.86177267269082	8.92432858585576	8.94353117362338	8.87953594332432
9.15943446223886	9.11224862264744	9.17622820913247	9.38837194482072	9.41480865101627	9.36663296408552	9.27528420564463
9.49853776199966	9.45089918270659	9.49153395080542	9.31561423857837	9.3167602400995	9.3492529917635	9.36941242788265
8.73229971132052	8.60921715980634	8.70141389065899	8.38702619546653	8.74651990207472	8.8506800387513	8.9403021605981
9.68278732417978	9.71187182747505	9.67705028518494	10.2681885916717	10.1218810924702	10.2168870549979	10.0503512739397
7.00620058934065	7.05654092162996	7.08964221708864	6.76985783732651	7.11963539218357	7.13000292476405	7.2840607132174
7.31051083219916	7.42085941109318	7.44295895334759	7.10665275262295	6.98667074814274	7.12805046176222	7.01348907763315
7.37570609706159	7.33251438933897	7.35086714524134	7.2808994536859	7.62329649093789	7.53300963111227	7.65499755284299
9.59404521861078	9.58182129527179	9.63696457616151	10.0300409432423	9.95769143919372	10.0940770347109	9.93965847167406
7.9124058754133	7.7411045582558	7.93811036763611	7.99137954143366	8.23105283074302	8.16118831908586	8.31105402650003
8.34961919001819	8.33022518044408	8.3719778636306	8.19804463762059	8.6283964993396	8.63005428179255	8.63140742708466
9.61039104813845	9.55718775081596	9.58419938592837	9.44779941290876	9.4115922582109	9.39999867828721	9.35969858758638
9.06547421943573	9.11518899164136	9.05996185499513	9.17961395145814	8.95267472058052	8.98871809471851	8.99279380140721
9.02148195894843	8.95957690907122	9.00330722958915	8.81815082151839	9.35745499448676	9.40299217229535	9.50921654221499
9.01726487763624	9.09746018246726	9.04989955074871	8.96192872783568	8.6200411325402	8.47841147641676	8.57232245456368
9.287255357241	9.25266703750786	9.29290060445024	9.66876416311453	9.60275979229712	9.50386006835275	9.51619648914031
9.30446447708285	9.27792965311417	9.31967006172836	8.94524579450505	9.20534507285646	9.224435008522	9.26069906840241
8.5149575241178	8.48808056875608	8.50742074025605	8.77316776985696	8.82773655108694	8.90703213281616	8.83819704375976
9.59462175913341	9.61768253245994	9.61746976219928	9.36557011592836	9.30755825601841	9.28968060649961	9.25440079052721
6.00576323826968	6.03570458806264	5.83329691622656	6.48406599934562	6.95735024366965	6.8157306783183	6.98925702495103
5.01884691702652	4.94421033284747	4.97583336080854	5.82028773896182	6.06715797563184	6.02621727426487	6.23930269103009
7.33641379631476	7.27889809236278	7.31270338096085	7.2941461079934	7.44285899803485	7.53736941274587	7.60549872138779
9.5713868517134	9.42998434998831	9.52820427775222	9.18317509135243	9.49194902118702	9.48215393781584	9.59854303615409
7.12003226245967	7.09999214485792	7.2823467406661	7.14615296052594	7.37582456555559	7.4145150184227	7.53417300853058
8.42832578376419	8.47840409115488	8.38692588998458	7.47949380527942	7.58935818393389	7.47199810705557	7.48005449121693
7.68263534103244	7.85931103220943	7.68100072834942	7.71765193620471	7.42799325716161	7.5095211636093	7.38145217451837
8.50491495586238	8.72070880408959	8.53788105754945	8.79350633420875	8.03799318133169	8.56356563204494	8.43744167070431
8.44568414803874	8.53195401004502	8.38763406427654	8.62039735393056	8.494612535459	8.5173844599017	8.47496526959858
8.84383300098079	8.92554295198706	8.80773882429212	9.11644739917793	8.79018547970733	8.90327463987393	8.8324951954998
8.93035384493999	8.90486035031894	8.89652287540928	8.62738727017316	9.24023041909557	9.26097184322462	9.36018590714485
9.64284092908121	9.67415547021278	9.66666751247307	9.77795951861771	9.65353026460247	9.68274944078702	9.73874936207782
9.64088550754751	9.68325346228393	9.63915005028132	9.53769373723027	9.55596530148135	9.55131380861053	9.5283270755349
9.61920722325638	9.65510879241097	9.6870606236376	9.50676955888937	9.46944488944442	9.46832247198689	9.46883227252665
9.42651522725589	9.46027549147543	9.46344154871697	9.4148626918756	9.41961977874118	9.2646967107287	9.36553509392157
8.96397140676737	9.08352559084167	8.99047971553646	9.50012373098236	9.11192320484639	9.21889116923947	9.09922362206933
8.94681370904263	9.01080477051494	8.86266400214592	9.43988358025093	9.28135713735813	9.26428333433074	9.29227822354867
9.24208204186682	9.29236429739352	9.24479340727064	9.23212888985695	9.17971774595751	9.28764973361651	9.25334827688696
8.61903714334303	8.63029511075721	8.60319795926369	8.67370299614506	8.51479060385726	8.60491198572497	8.61227149045516
8.71898331714523	8.7213445928519	8.76631390218879	8.64471521196043	8.51278550255063	8.67519930747484	8.70069617854317
8.79619936094457	8.75962954282837	8.86421943718098	8.98931164793038	9.06283075963279	8.93462816549448	8.92569345968731
9.89689344146176	9.91164268228493	9.86414536273859	9.84915798842738	9.80530504335582	9.7781783719749	9.76334095221921
8.71383022329638	8.83103968409285	8.80720099092391	8.4710305807904	8.25885602208392	8.29044333605851	8.23389972063961
7.83317195985275	7.80894976287765	7.84201742608705	7.70448593236299	7.65097855841106	7.52278274419606	7.40174438310254
5.79328754289527	6.00523064623295	5.88883677625137	6.32959906835906	6.02243359035395	6.11063087086253	5.89586464596515
9.35359491664279	9.27396883994234	9.32887226581968	8.90985699256021	9.165138727567	9.06247646842255	9.31562298209991
7.77185867744465	7.78193977474118	7.83796386608746	7.80350976176779	7.88957092743544	7.9885333896301	7.88176115373816
7.62327541789442	7.57526317344012	7.68437074332467	7.62984177245443	7.7361385877353	7.61357098522746	7.73321515555201
9.51533636938525	9.42281471444317	9.50283248199455	9.09392088772957	9.2642151974164	9.23967158226529	9.26696872848316
9.42522618584577	9.36502667856239	9.40602074385881	9.00549517503859	9.20348532521424	9.26055734572146	9.35969858758638
9.35088813112101	9.45363996521631	9.41832800324388	9.51903111543965	9.55935878508072	9.4961970404339	9.58660337814417
7.36314242569991	7.24882914686153	7.37441593216178	6.72490242737881	6.87191884444682	7.01191332052904	7.10637354030305
8.92362952288081	8.91103890931262	8.98330648565864	9.42090742777871	9.33894620436615	9.49689544611219	9.43325081849698
9.02316550238261	8.94922851408403	8.98857014625579	8.82880171091876	9.16895623606564	9.26138621586034	9.34991587865214
9.20300462074239	9.12980547050791	9.12117331397906	8.79970706377137	8.92131198663092	8.8689871565281	9.01299317863266
8.90418565221711	8.90429740617498	8.87763392331736	8.99066723561918	8.94897676524923	8.96219650275561	8.91564355862973
8.67302148773989	8.63837589159867	8.64802908783766	8.58851643166447	8.64770543122082	8.54834353555647	8.45351404862616
8.81803728886855	8.76828082562861	8.74852997099848	8.3952408467567	8.64038021533566	8.64634812256608	8.66406801257978
4.45577706854214	4.46287969111539	4.44335606880183	5.42977614788543	5.64095671697024	5.87935686131478	5.750483432
8.97486836068846	9.06744110584167	8.98474382960779	8.96882337225736	8.91753230843663	8.88650981328726	8.87538810859135
5.33935266870518	5.18116907704504	5.29664985280144	5.59601603626162	5.25213199241256	5.28978796771742	5.1910043019935
8.49480521273809	8.54772648928235	8.56396554552114	8.3043804561452	8.0197273968093	8.3129181287954	8.19590967675181
9.73068737133208	9.8236569460255	9.75968461723654	9.7685110911283	9.57477058400044	9.74564255372377	9.63814307188437
8.89597149633699	8.90035090356357	8.90411449584709	9.02414917245645	8.94080760217674	8.87338879213648	8.89190515746691
9.81295905048727	9.80858349908766	9.80708898032029	9.76376355423369	9.78599874049712	9.83503493238148	9.89970723475146
8.85562798016309	8.90486035031894	8.92467441601297	9.42090742777871	9.27369810216312	9.18427443312085	9.17815879800763
7.67238851560234	7.62209115448206	7.58947007851584	7.71108396402083	7.90802927367818	7.97909409251479	7.87891317477982
9.57722915107057	9.55718775081596	9.50385548828483	9.41385276721025	9.54133032073437	9.68091827572334	9.7778162521919
8.81417798013449	8.75155153604097	8.78225363917703	8.71037165820635	8.62654394608098	8.73540493160584	8.6648747038132
8.56704004591243	8.61604873315138	8.64802908783766	9.0108495633692	8.97393716060031	9.15504485387603	9.09332431716443
8.58457192811047	8.68206257027006	8.70141389065899	9.03338643225607	8.71810446562911	8.87338879213648	8.78231347205621
10.0330950049504	10.0352201693066	10.0377856586317	10.4181830247767	10.2938198325557	10.3231307235226	10.1653813586204
9.31871488492459	9.29584290099054	9.37258426261326	8.66862967454294	9.06146186495753	9.09605599632601	9.18259917292712
9.31247514732087	9.26335554151317	9.28623255143612	9.31236601925271	9.43395724056711	9.39060179822535	9.3881599614589
7.24100888781901	7.09252475922994	7.28672052265302	6.49940303123482	7.53094953612626	7.4145150184227	7.63643054674531
7.9742797053115	7.90258574988369	8.04011322753068	8.29562979255147	8.47414702053567	8.36556402875043	8.45163286862727
6.93923400177059	6.99592268924919	7.03397965768375	7.27200024394135	7.63996965509327	7.95681384524322	7.80272401860697
9.78247047536714	9.77292057600891	9.71016602421557	9.58601212139201	9.60463777276453	9.66895591061993	9.7640683351119
9.87956856459849	9.87865632738425	9.86952086224581	9.545091661871	9.8573924914977	9.76760955904217	9.97099476190686
8.65756354030265	8.73211220098366	8.71861202098287	8.60808285342332	8.5494343216844	8.5209378329805	8.57059656901601
8.9696476267867	8.97416145887355	8.99951770448532	9.31019646669756	9.25167312985243	9.50802197759101	9.28869087994657
6.85862971253737	6.77730292858467	6.83813056208872	7.14615296052594	7.44285899803485	7.3644322007359	7.68156579245905
8.553325916627	8.53986086492771	8.60933367596725	8.63607727478988	8.50069576904903	8.40163990379452	8.65759744824676
9.07322605672126	9.15814450501022	9.0295738349071	9.29820521313523	9.06351471815701	9.00827900347251	9.04642309860743
9.49915190299217	9.525073099146	9.58872053316474	10.0088005236613	9.74105367203956	9.93200875541058	9.75677719362703
8.95299531668535	8.9992177743082	8.88583080489816	9.38425289230201	9.14976643802622	9.31780240864997	9.16531254361211
9.21749990890651	9.16289540284705	9.24560101058573	9.63102651429948	9.34063870978828	9.2111780091004	9.25492674643808
5.4417019821002	5.25887254656534	5.68283138567558	5.31304568995546	5.32776286760406	5.21335108432021	5.33338258699225
9.40379672621487	9.33612666687444	9.37221273169469	9.39350426565877	9.18914671123834	9.16885128630791	9.09745647734694
7.02525211422394	6.90547327034142	7.0595325879008	6.92554153648276	7.45338398908634	7.24414874748761	7.445363815377
8.92677126320505	8.86551576171144	8.88020017805202	8.83937448937458	9.00489609282736	9.08667961404828	9.02049235641438
7.35174512941587	7.18154761809167	7.32694954614504	7.05570514005301	7.11963539218357	7.17604939858795	7.2840607132174
9.66115443815779	9.63824334985645	9.71877823122258	9.83338548652903	10.008523070472	10.0285365983827	9.987173516906
8.50728392337207	8.59269403174694	8.57277137291113	8.53747862750886	8.60976258243118	8.71027796508218	8.74705592473867
7.78145490626458	7.58474579264769	7.63881396239187	8.50178731852111	8.53271168679494	8.50523386428226	8.58605237197872
7.7199557794498	7.59282657348916	7.73404841753557	7.73717820401197	7.9708275161588	7.81497590706727	7.85591522048554
8.45183556459599	8.37326749095531	8.42539587960928	8.53562200471417	8.79925478005994	8.87008888662613	8.82174030617011
10.0190131912637	9.97773969392672	10.0052396066663	10.151303341164	10.1679430233347	10.202331258281	10.1989493591688
8.7302586563692	8.79757123753	8.77017668467552	9.43491402206973	9.08725041021182	9.18864946846904	9.22085476062873
6.50943292387981	6.6548349833979	6.56981465376954	7.41628730350455	7.00110961192088	7.28832434734956	7.26194733424746
9.46593978462627	9.55279858530517	9.48084348989241	9.73332722311324	9.47099051073712	9.65128316275321	9.53521125727542
9.06301798764635	9.01499625307646	9.12641985048722	8.90123283483331	9.07237667417548	8.85291210407492	9.04213500760557
8.17135545959944	8.31864742435698	8.11555545852756	8.05239757269011	7.41081332325225	8.04885898967023	7.87605930547819
5.33935266870518	5.23341356556604	5.32846720849519	5.42977614788543	4.95083597380492	5.36923581901632	5.40370839542848
9.92448475743205	10.0234690496921	9.88606567296226	9.80285671419301	9.52257605770584	9.52043267790906	9.46973266101893
9.73961661236896	9.71318979070109	9.74345330888348	9.61617733981429	9.68093017156563	9.61524153871084	9.64964680795505
9.61949076156727	9.69929340588896	9.4956521856603	9.66961046040964	8.93034284834081	9.35545772719621	9.14894274059643
9.0711899511166	9.13319569884585	9.09332933519325	8.72510773949704	8.65680973832437	8.74206894353597	8.78008970797223
5.87650494308377	5.98196423920791	5.69938632104825	4.66638765978156	4.36832255852205	4.896554579719	4.74657889447726
9.151340749107	9.22788306401037	9.19177962460265	7.76598050850465	7.6381266082042	7.68185849392631	7.62448375942825
9.29886668934407	9.42361302555799	8.98570130790451	8.35579752170407	7.66552708631298	8.14822045242817	7.90992223965235
7.87330807955272	7.93718875984029	7.47932204822764	6.73789050982644	6.20358531857173	6.52464016220782	6.1474401920151
9.12875886179987	9.27132250800702	8.96304032127346	8.58133501008585	7.89266383466444	8.43905547054328	8.22172290798602
6.63501202569568	6.68210359284941	6.56047408744546	5.86834776932173	5.39961058102286	5.56513641437397	5.42918318635166
8.971825124587	9.03526458346299	8.85694714804255	9.11644739917793	8.4782635129022	8.86069593218436	8.74705592473867
8.95563685705206	9.01237794168091	8.92367788884336	8.78883822197853	8.43338070642255	8.44656783194642	8.58605237197872
9.14514488714083	9.26557281196422	9.15538629985125	9.29272149636446	8.80171832142324	8.95496783020536	8.96062811843221
10.3583606207256	10.4989936782142	10.2347872184543	10.2985871520798	9.8004003847555	10.1244960554731	9.99242184415577
9.93211169184273	10.0589751297987	9.93542221456416	10.3564759992895	10.0138263428395	10.0689716265114	9.99211367099638
5.74254029753358	6.09486545756233	5.74000514715135	5.63821419223331	4.88969249720865	5.48364730711419	5.22067953852102
7.83686506116922	7.96052607060178	7.74702734409497	6.73789050982644	5.9164027520986	6.2169463382139	6.02191321001865
9.63444268023571	9.75668899209758	9.55941969725191	10.0094690455377	9.48431669482649	9.70243236266237	9.65201496411207
6.91567048054763	7.03141629899327	6.87288452837364	5.99280415306261	5.56492549208882	5.85984575469167	5.54221614404514
9.05067659385551	9.10388631527708	8.92716289274614	8.3641915331953	7.88025205247174	8.20742068263036	8.12023491946369
9.43902609939444	9.53325886022094	9.35464803099706	9.5515338505709	9.19477452852293	9.44893866021324	9.35138771379485
7.69078307484388	7.73378217098212	7.59423878756852	7.00289090449033	6.60305293172637	6.74530528208018	6.73659455854913
7.10813140599708	7.31161974025557	7.03741151942737	6.32959906835906	5.71316562582853	5.97296507740202	5.80920911658366
8.85233465380718	9.02490459207739	8.7557796876738	8.98659664260663	8.48850343403671	8.66947727953998	8.55234323094532
9.33488711553644	9.48384787788428	9.20385882494433	9.38734328448395	8.85724423814904	9.28520872152275	9.08739968240555
8.87616617214739	8.99339072685853	8.64563913768912	7.81274138819466	7.16648698488345	7.70773903075847	7.57029667666871
9.66995446861807	9.72859020998964	9.64320050901235	9.62841716082547	9.21399220469773	9.28113071689376	9.30399997169614
8.313053934961	8.45659176608598	8.0595454806498	7.70448593236299	7.01824685114374	7.17604939858795	7.08119318249992
9.47563730931919	9.55023232834551	9.41760678583579	9.99738796310167	9.29306111127829	9.52522898148704	9.49028107717953
9.71133566081601	9.8236569460255	9.62378564313364	10.1848320011917	9.57333273081654	9.83148099432174	9.76515869100859
7.84789052741255	7.78075438464776	7.91223350034002	6.6305540782689	6.86245675852203	6.912754390904	7.04515039745304
8.08387891730118	8.29606478020116	7.99683728821249	7.00826024924744	6.40415733285985	6.98399412723484	6.83418414469545
10.0326636690566	10.1238160698666	9.97072985267901	10.2147030829902	9.78392952675472	9.82544563980759	9.83009204744361
8.37824752863853	8.4821331630572	8.09768357192738	6.9702479838863	6.1681105568607	6.86628003942572	6.58503790440585
8.71846879766392	8.81857587714101	8.78115967220099	8.89400641669104	8.69707987304707	8.68720153706895	8.66406801257978
6.5893970119088	6.50781279812304	6.57678277764505	7.0136096706016	6.95141364492057	7.26906163981584	7.10637354030305
8.7205258254898	8.79333498129981	8.72486978953218	8.32172403254261	8.44394439264213	8.45254831942769	8.46661098384348
7.97764398263106	7.84005207747887	7.97658508525577	7.65743433530944	7.64731828928972	7.59142950185461	7.78605352647158
7.82203820076251	7.63520783553537	7.7821609036702	7.87281955609975	8.0752035885298	8.08343377110485	8.12382048748074
8.56533256959252	8.5940778931433	8.58215018130242	8.67875852698615	8.84216735732788	8.70904043917429	8.77637545185209
8.95343589414417	9.03423178039885	8.99191032719446	9.0723177106328	8.89925013358466	8.93934869999771	8.87400272161206
9.16518926407063	9.09200122043785	9.10000504668247	9.18317509135243	9.09128030023986	9.02559991893953	9.01173934363911
8.82332779883035	8.8632031375463	8.80720099092391	9.12016783324481	9.11720260390827	9.03050895325012	9.02298305260592
8.91912996325577	9.0714783349262	8.93410913268292	9.00012082622072	8.99560657372208	9.01275382743881	8.97422914459355
9.44030342967267	9.46455356498344	9.41399558095323	9.1483766023854	9.2256449653624	9.19648963509367	9.22085476062873
9.57839490582312	9.59541387836109	9.61398486157586	9.68056735396368	9.69112711658559	9.71201992457231	9.62694426582411
7.33255653953356	7.40724961516031	7.50098450835991	7.11164987166712	6.99535146852921	6.9532797101851	7.09635647042706
9.46876161070389	9.36419674246649	9.42659761501364	9.27503210386976	9.61025702967939	9.52077582620917	9.73095045782164
9.265195912064	9.14476182950479	9.25525908440799	9.00817485499378	9.2256449653624	9.18558840547408	9.16867528771867
8.65488232448195	8.79454655471133	8.61666414364131	9.20669384132942	8.78105856285295	8.93830109145214	8.86635812967395
8.59689167811544	8.53627197716227	8.5093832736166	8.62738727017316	8.7207110369876	8.82189908818246	8.67931507727847
9.46091015947968	9.44264682784149	9.39507841498296	9.1996784143431	9.54329028673139	9.51699647838574	9.46477323778424
9.08255697405642	9.20407040844606	9.16987818820305	9.14351020991381	9.02610693361555	8.91131387932059	8.92435769451478
6.39417886167013	6.37531009298367	6.31997515769485	6.69856987063525	6.54897889305791	6.51246742830662	6.33855002132714
7.74759810900834	7.67006350540264	7.70554319395292	8.24652801430181	8.36164173369697	8.4435678090476	8.45633101860513
5.22956573669056	5.12014646672651	4.85909329790599	6.29485841380788	5.54922418987004	5.76318977635594	5.70301478449887
9.11970970757244	8.9859417792948	9.08483132561554	8.44158774534142	8.40662658404204	8.36794586476349	8.29216611509638
7.31572706157609	7.35312355345363	7.40436155500977	7.11164987166712	7.07393812061559	7.04135961224647	7.04515039745304
9.30795259532102	9.26202361311207	9.27479000800366	9.23556279557134	9.30698117030951	9.2696475617382	9.25650341236715
9.33317486774738	9.32849557732941	9.39397985756844	9.25034925750891	9.65805801765047	9.61363894042418	9.60916042449726
7.81830864683609	7.79960974036578	7.85812492236303	7.73069878905658	8.08604631813241	7.92871918531287	8.07522936400057
9.2974639969355	9.16810416551113	9.26405898102755	9.87653458414193	9.94219578208091	9.71559810119365	9.91543587219947
8.60911181861465	8.53914377015963	8.60073675352029	8.60631502070539	8.78105856285295	8.71274968174701	8.80944922654494
8.48822739401555	8.55271061546617	8.48367149188858	8.07558843309177	8.5630612313981	8.44956132595455	8.51509578730882
9.30830096479629	9.27880842320383	9.37962623088028	9.07997938004264	9.27782727107869	9.16663379436571	9.1969324932606
7.09914386140567	7.21297393845426	7.15925537761305	6.43705093951316	6.21852467176549	6.44993348023855	6.36868824659016
8.55160286765252	8.55626064962125	8.54364520802804	8.10092594644569	8.12599295610826	8.08245788603104	8.31729297600826
8.2934118803862	8.36362906316912	8.25146609276696	8.09084431514555	7.9590756726919	7.71922827582515	7.80121681439871
8.86686521379976	8.80300042929247	8.83808639305464	8.94803972445086	8.82370213435817	8.74508739976995	8.84032917704332
9.44857986674151	9.46494187977931	9.51269295422491	9.38734328448395	9.39973682455564	9.45254892463186	9.3953032663621
9.59663792079156	9.6085321009406	9.60730970587665	9.573405330495	9.76601017662319	9.82462058132808	9.71785352260432
8.76708085810436	8.71879982832384	8.79532048110305	8.85880627781538	8.77354771584336	8.68468344034035	8.80435619824333
9.61920722325638	9.62886892952655	9.61525301845441	9.61001823871269	9.51160536685073	9.4775588855148	9.5118381617157
8.65434551006972	8.69181734979063	8.68051717465855	8.66183735384744	8.52477434697509	8.54136831800344	8.58690597257227
9.38669627181497	9.29844659924848	9.32082337418083	9.39963902981312	9.7139177264189	9.65688859934681	9.79071544541763
4.06355159809954	4.30514115174402	4.0257208310362	5.20486990846688	5.5570962909526	5.60709421938126	5.77689276093077
8.33509906910102	8.28252117571244	8.28893065681577	8.42161973359319	8.53370077795483	8.50953457634398	8.64620043099558
9.26304394070601	9.26512961853772	9.20344388734275	9.2960142288217	9.46841355066861	9.46439601038924	9.61524888259785
9.08619257881781	9.14811864593186	9.13164842449573	9.17246517283896	9.40890641922898	9.33518914918379	9.29840634012953
8.50787558552946	8.57668769803615	8.56017602041731	8.69548339438329	8.78853034720515	8.6385511628861	8.69518466353598
8.66770900085818	8.62420598863049	8.70314244526712	8.73969471791404	8.61350875105445	8.45627296279168	8.5141965723435
8.57554861198523	8.56545182622433	8.61361405708074	8.32817445673011	8.37053057784895	8.50019931242548	8.52137393737129
7.07032550888029	7.04885474542606	7.17029336560535	6.98666183178614	6.84334355174087	6.90128218133485	6.8250359654487
6.24844936053535	6.32945827040727	6.26980787134095	6.0973185550573	6.1985708113761	6.13094896486805	6.0382429309639
9.13697408073115	9.07901913791432	9.13034295825305	9.1628779893725	9.20782099738653	9.14606336617805	9.23159291066197
8.48522798647876	8.55696965495333	8.50872937601156	8.86177267269082	8.78770206534133	8.91930640589789	8.84316690619867
7.47496904627244	7.41935326137619	7.42311660622095	7.89326908196022	7.81327043915655	7.56039103722635	7.6583466936024
8.79228381222156	8.72895322848618	8.79856979686764	9.17246517283896	9.24505951558526	9.10025460551594	9.31108650026429
8.9972854430603	9.11812364006943	9.02910872820844	9.05557640932105	8.63117085781941	8.91077938933763	8.79117286246168
9.65479761757357	9.57461780108379	9.60603493298691	9.04256488236327	9.7139177264189	9.78329074192556	9.94509031158493
9.55638596004952	9.56592795189678	9.53756939236746	9.17127025573713	9.48940941498744	9.39436825718838	9.44978711206429
8.09480287475023	8.02441632190511	7.99957826023138	7.6911985811536	8.05740773155455	8.06279336307113	8.24487706823683
6.323069838616	5.95435860150601	6.19132475797999	6.0036032103048	6.57240313240524	6.60981098973781	7.00007939662897
8.48642846387448	8.5871458551333	8.58526369478296	8.29562979255147	8.34932907291538	8.27948975327424	8.17075852727856
8.19990784057494	8.22709693620119	8.20669603846827	8.31524461758723	8.55041197048224	8.55320522689736	8.65272453447565
8.74499423380531	8.69764008030907	8.70946379245458	8.99066723561918	8.73539293963847	8.78549405331794	8.69676162978244
9.52713597641142	9.52917153243892	9.50794067440313	8.95777605842341	9.04007549142759	8.98365734598612	8.99342952835486
8.87523864774776	8.94977494003322	8.86318265653475	8.69381961185492	8.68467191933571	8.77786046727997	8.79924430183932
8.70399067568705	8.68336685813017	8.72373391901999	8.75732511151774	8.93483707990886	8.95393205458876	9.04397439287968
9.39953971711677	9.42001729366161	9.45712798873765	9.80670835260697	9.73163575786993	9.69308024667797	9.66183876550629
12.629304409493	12.6918713037251	12.6623061070243	13.130341751743	12.5414015924892	12.659122746351	12.5907283843958
6.98204342678018	7.01377388949936	6.92910601208003	7.05570514005301	7.25102047479393	7.22789171046896	7.30798298058552
7.46202586823909	7.40572980766021	7.48572531896382	7.2449681882026	7.33313738742646	7.37916118095362	7.35044310964585
9.26591255549219	9.27792965311417	9.31581938436493	9.61089972293509	9.59711107655472	9.68913938901813	9.59196841828157
9.29886668934407	9.20453190724612	9.28229652391394	9.56796848910173	9.50759516228459	9.26304245923184	9.45297961628408
7.69179846014357	7.70662514125901	7.72533411238866	7.0814039916716	7.16904558725696	6.93316628993249	6.88783499709513
9.58159610285683	9.58576860262219	9.62756267185174	9.44186661687834	9.46892931260307	9.42891102712749	9.45252399623191
7.48780232335907	7.48712521204294	7.48827912864462	7.70117555800187	7.45547976604881	7.33280988958369	7.1505716527949
8.09480287475023	8.19860194354659	8.15975205925266	7.6608465674369	7.93527960315302	7.93742497357565	7.95920766860813
8.83813854792086	8.86030736238887	8.76576127767281	8.85136347656158	8.78687330566851	8.76127358295103	8.75538880675831
7.44060407867879	7.5057389409889	7.41510691390986	7.35440366585714	7.24860389751599	7.31416436749373	7.29062620688316
9.69065145386089	9.66738066063759	9.72498447769289	9.63709670179723	9.73849126674732	9.56898512851021	9.83493604299417
9.92193386912736	9.94956517340804	9.93721995206809	9.89546584224505	9.93959684508298	9.88858431638772	9.89673805061971
9.79514370878374	9.83676170146862	9.86091095736461	9.60028617266102	9.69861774312437	9.61780181856375	9.66925835632628
8.73992921243718	8.73274320238012	8.81685313014584	9.03075324905678	9.04285297871704	9.05671918082449	9.1033381798394
9.484963136697	9.57172674353133	9.54985728726345	9.21367529517059	9.25945016866009	9.21461142106427	9.264359831288
5.77896136016614	6.10210004608879	5.92477203030126	6.07701304472073	5.76163568786158	5.8938106890962	5.65385479032482
8.72206676118326	8.73021761147408	8.71118326476973	8.71365938460459	8.87917832607867	8.96528291381984	8.89600371092223
8.64627032988918	8.65573714089861	8.64683458028107	8.58851643166447	8.71636412034906	8.72443005992233	8.80654122691127
9.50037943683569	9.4295869296682	9.51776832557368	9.39145352932318	9.54133032073437	9.64878450638249	9.62050390260139
9.81420577245993	9.87096336657014	9.85252356577463	9.90914468674574	9.85975153119523	9.88305858747765	9.80596642924627
7.67546986419614	7.55749285952485	7.68100072834942	7.11164987166712	7.22666980958636	7.25666159489036	7.46666711356669
8.69251690727882	8.72261536699297	8.64024803560146	8.95916161105368	8.82208519006481	8.92142992612488	8.85094070318538
9.21268357623586	9.31440418229861	9.18128928363433	9.39042706619628	9.0737352131448	9.27745014696037	9.20676905597812
8.05940544978752	8.07793972680163	8.14488487802093	8.80742065842144	8.53172191420808	8.53716614583344	8.54444584351194
8.85797597032268	8.96823661748403	8.88940315233582	9.30039287273685	8.92884164146128	9.12197485115815	9.09627712230467
8.66184361668298	8.71113967398807	8.68635055773746	9.37597931205759	8.9819206130124	9.1035113530806	9.09686692582528
7.55927399597804	7.55886726400831	7.61668900139802	7.34170166826366	7.48655498305616	7.37263443108594	7.45508792408834
8.85750666401189	8.9299778212346	8.854341486545	8.93260566812799	8.65771700381269	8.62479922304604	8.72715764414136
8.72103964530156	8.71688843358077	8.74629234739928	8.61688964562877	8.54355441639755	8.699099944574	8.70226686205422
8.15351284063341	8.2636979059482	8.15316228491476	7.98866709020863	7.98393444303148	7.87756255565656	8.04016788706565
8.77849895219244	8.70279703854997	8.70889020452925	8.76843322569755	8.89925013358466	8.91184816169431	9.03598595413417
7.66723893323819	7.69662736602545	7.472891816272	7.85505751539516	7.75666257754453	7.92653410152715	7.92240961280021
8.64356898696854	8.50724926719566	8.61300330808911	8.54856843142963	9.09730401914015	9.06199761377756	9.23959203634187
9.21231245260926	9.21510759536989	9.23872273079974	8.72510773949704	8.8540832801016	8.92302041767289	9.04825678035963
9.52200387992936	9.48000870855233	9.53456543543801	9.42892785125106	9.56129432576149	9.54087153767676	9.66301293546691
4.36684548021728	4.72715908364239	4.40541181051584	4.66638765978156	5.39082367379626	5.16536331230269	5.4949025266341
9.39098955832532	9.4279962004765	9.49530942326783	9.46934647352301	9.49093371736173	9.38341698762908	9.4710821430976
9.35258044006699	9.39460426967764	9.28465935754656	9.48481723125041	9.42228568199826	9.26799925722239	9.36699037123924
8.65219634374703	8.56121670276019	8.6793478194458	8.57773083970662	8.79513946686786	8.8456446092578	8.78379399292299
8.9822336658905	8.93550313443184	9.00330722958915	8.83031686334496	8.85250018919431	8.81732928346811	8.76816872397285
8.52493380431103	8.52617742542181	8.56774569060275	8.34098936244918	8.4044645748259	8.67392980119751	8.63305894770726
7.80141082031829	7.64561967198222	7.80514212551812	7.35018208919249	7.36471349042747	7.20036224012609	7.25300179033633
9.64116500841965	9.67550678839162	9.69369791427694	9.59138146614914	9.59191350358321	9.80355230236205	9.514890435739
9.77762664592417	9.81444619799061	9.838623930341	9.79201705860946	9.73335270441787	9.66957190254865	9.65437906288933
9.4239360441014	9.51459019598303	9.49119026275778	9.56433250381798	9.59144006319238	9.66370881142298	9.51096484186663
8.95607666527916	8.98647506861138	8.93608798340779	9.3832212876778	9.36023867071708	9.29898419407452	9.21220366448216
9.2734168669715	9.31611925788559	9.25686284179689	9.28279793396431	9.39485853513838	9.45758742826502	9.29227822354867
9.87454769148519	9.89771880972825	9.89664540237646	10.1120050333245	10.0796967726877	9.96146082112541	10.0107874034149
7.10663718841442	7.19384688450246	7.17656515196938	6.45289359785238	6.52516638901712	6.42083817787137	6.29880772910267
3.46743197678601	4.0037668213433	3.65069087391957	3.98334820435973	3.95502271301514	3.80805962398035	4.08696343392276
7.90977200725602	7.88387485701271	7.9747305885698	7.72419012156433	7.91717026858657	7.92871918531287	7.92516930435103
8.78835809323071	8.68336685813017	8.73787193735219	8.39113937201077	8.34482544899849	8.33259202729442	8.32762894430341
9.57372648215236	9.46959387673173	9.48395488893109	8.86177267269082	9.52604923638619	9.53409227331909	9.67779991341017
8.89734362621948	8.90373425185959	8.87403390655258	8.29782244301341	8.69088929161797	8.5826987168405	8.74705592473867
8.7287260542824	8.72768778477418	8.76465542836074	8.48841191203534	8.59846510728296	8.46886183624351	8.49243771964887
9.53854509625104	9.57894402436362	9.53956875267909	8.79195197567454	9.03729262401412	9.13020325029524	9.09745647734694
8.41139641117382	8.36201665380528	8.45481163643107	8.36837028221032	8.40986350960137	8.30961161289104	8.29743874403957
8.64788882116834	8.67879690799378	8.62395959302418	8.52630285525814	8.64679181920084	8.51880691085975	8.60302485306857
8.72103964530156	8.72261536699297	8.76631390218879	8.4998841269565	8.70500019551301	8.67456470079514	8.62644097187733
7.36314242569991	7.35312355345363	7.2647252624686	6.83778621087702	6.64783541002205	6.59261689143091	6.54064226858295
8.51672283593432	8.50944544639882	8.5664866816005	8.71365938460459	8.8180348494824	8.66820247875009	8.57662774765224
8.57554861198523	8.5773871688654	8.49427233503195	8.50178731852111	8.37936476312104	8.17037679649937	8.20831539862427
7.28016304515973	7.24375886035231	7.27942391138495	7.19875694343507	7.27496527663189	7.29871867857943	7.21432263725696
8.67567074514346	8.70921854171873	8.6587378192885	8.810494577285	8.75671501182319	8.88650981328726	8.75387747548404
7.12742299093629	7.15125368805482	7.18592480026432	6.74434093401395	6.62561865512584	6.35045569036701	6.31218274802928
7.017343142949	6.98992503197866	7.12079346229202	6.99750148736969	7.4906480195939	7.31586989772321	7.23493481778383
8.79473221865649	8.78787082585951	8.80127228887218	9.19380603391881	9.18852003517476	9.10861357086545	9.1208343396373
9.68441774608736	9.71713678505844	9.66850490331019	9.90771090502555	9.64031850485731	9.62354508349987	9.59238025094108
9.62656198697525	9.59790447020271	9.63289752227117	9.9556768670755	9.9186343387916	9.6612326452208	9.66691963489274
8.33111470573444	8.39157075049298	8.34163558409176	8.30873595009497	8.76347177843649	8.6385511628861	8.79043674864563
9.07363294889272	9.09299522957843	9.15324349350385	9.22408449129983	9.01836593845652	8.87338879213648	8.89463887864927
9.90254618657091	9.89684428531517	9.94566661208152	10.0000814106872	10.1345906092409	10.036106061771	10.0491688871361
8.89092966889299	8.77688277294308	8.9449612172139	8.32817445673011	8.65226479668826	8.57725922402232	8.49608810621031
9.85768995341293	9.88748434019204	9.90689054882331	10.059390535485	9.99499983848996	9.95547056689449	9.90365623429528
8.34567297116603	8.38998794991098	8.35904777651398	7.84908786959498	8.19270677438497	8.18313841179802	8.08753850285807
8.90555034843783	8.8867411076307	8.9380642733416	8.60454501753545	8.677533246993	8.70096926756229	8.7897002419212
8.93035384493999	8.95359438924836	8.9449612172139	8.49415943088039	8.49257905337429	8.47180725482903	8.3521238830846
9.14087045041102	9.16668537674099	9.13512422191814	9.11644739917793	9.17339721287239	9.09324978667433	9.08383265246013
7.57689986292886	7.59282657348916	7.63069990548056	7.12159244487377	7.07393812061559	7.10837187214027	7.04515039745304
9.44285485625327	9.47384564046381	9.38516283331868	9.41990173021381	9.51660243224696	9.50940648697196	9.51923914818015
7.01416792967664	6.82274036451627	7.10447730460141	6.82567128747615	7.08482192155578	7.03510254328931	7.2862526839968
9.75343135905731	9.77513487056901	9.7559319810355	10.0254212680576	10.0661497147128	9.99273215167583	9.92355741015686
9.03155520453443	8.9443017525471	8.99429170586697	9.15322662344685	9.20843931237477	9.24177448735894	9.19033561066121
7.45373121258521	7.50003606532542	7.49337397184613	7.58743673302097	7.64364867081183	7.7813666620033	7.72845432742905
8.27971535745865	8.30614327303785	8.27145964301478	8.63260755614556	8.77103534880321	8.69847627194766	8.74857474197012
8.42395486283631	8.42133263758515	8.43914813672915	8.55957357953329	8.8540832801016	8.76543909324107	8.75915990862857
7.49822182740297	7.45803252978321	7.40570886681594	7.95848836423789	8.0711163742425	7.91885885668099	8.1178393540782
8.64896685328377	8.62488377287745	8.71804185938086	8.72510773949704	8.80908369994634	8.74930214138098	8.80944922654494
8.95651634556204	8.8515865316825	8.94348592052866	8.53562200471417	8.89925013358466	8.75888761539033	8.92368932670541
8.58344695525484	8.56897203509443	8.56837480609393	8.64815594724715	8.68021440768345	8.607580289091	8.67691881853072
5.19818604284743	5.40321291059916	5.34413070819712	4.55325768990965	4.58464378638545	4.51070535415028	4.70454989971679
8.63108024261423	8.57178229918861	8.55129705451573	8.44158774534142	8.68199907232662	8.60557954698721	8.57920449035336
9.14009197964349	9.15433298354758	9.15367229536916	8.80895843712813	9.20224415463769	9.2505717486633	9.28406483432501
8.47981400709534	8.39709750973198	8.51134328821707	7.74684304959986	7.96496361065872	7.88772229785246	8.03253738661314
5.52057557963215	5.71318834453383	5.45433559649956	5.5377589221576	5.45123247645527	5.60709421938126	5.45419617306329
7.38816619204844	7.34997118278437	7.5060372105148	7.05050993659015	7.3216898778305	7.49013696270681	7.43753488478357
9.84650874380782	9.87717995571286	9.80204970883714	9.68810440662719	9.78475756992058	9.82489565581232	9.80490785971566
6.36026780217718	6.44301590245926	6.43354284430562	5.42977614788543	5.38198269295416	5.39013004285386	5.41225235656856
9.73305613257546	9.767529431854	9.77916492125893	10.0398906791254	9.83078333411023	9.81910750800054	9.84010723698713
8.80885528835856	8.89752563805089	8.80773882429212	9.12511352386123	8.96956377867511	8.92355017310168	8.93102362687717
9.17967077590531	9.22879147043122	9.21666628884281	9.52839262496295	9.40027783561569	9.38720314458562	9.39862419531881
8.18386773770697	8.22356436124648	8.17284691190081	7.93894949438778	7.92020438767207	7.79225945063533	7.82216931504739
8.96659384981122	8.92665289229928	8.95427181201774	8.63260755614556	9.14007455382409	9.17150756641344	9.32214945928484
9.37474312633545	9.32167982411774	9.34824476026087	9.47225991486649	9.48635594975085	9.55867665319441	9.55819502340308
8.8849493803106	8.91103890931262	8.89194972259946	8.77001313533602	8.6855617644264	8.58744069133597	8.72407074058219
7.3568212079463	7.31807974505961	7.36476330875609	7.61584489162694	7.41942897038073	6.7245032228012	6.65945067452047
9.41519866274688	9.43791084650592	9.47460160995009	9.47516748035789	9.59427836807275	9.48285950846678	9.60263632101719
9.82809924748637	9.79772377747804	9.85198085864979	9.79589772690372	9.76601017662319	9.75435569489741	9.83147778224796
10.2164459863921	10.2829434735747	10.1667574461829	9.93822727858312	9.8162796846518	9.73746018867607	9.82870491959071
9.36739161479112	9.32849557732941	9.41073817943408	9.42792773508134	9.62050226167699	9.4529094304533	9.59361501193217
9.42135245208466	9.3504364560439	9.38847518562314	9.20785976731357	9.58431967102064	9.58741328869121	9.6429148760018
8.76757909478656	8.75466358339251	8.84124607245742	8.95638917288998	8.81722340927275	8.82189908818246	8.72407074058219
8.640862807263	8.67552416030887	8.74180724040687	9.1483766023854	9.28955991981435	9.14741433366643	9.06465117498564
7.00300185595249	6.92442073419102	6.99571124040664	6.86763546350726	6.59925727600993	5.80982169813668	6.10169527405164
8.63543586799687	8.55128825909841	8.55827772578726	8.62564296578514	9.1790869424993	9.06103940408793	9.20785769139196
9.53014673629498	9.59149176364015	9.5738147962627	9.75102648716861	9.61352480817062	9.62894734739569	9.59525964301538
8.81466093299425	8.78726247383826	8.87712015448721	8.94384679643231	9.0818595789222	8.97857790906978	9.02795099790204
8.96746698730619	9.02490459207739	8.94888838834808	9.42892785125106	9.23659791437148	9.33283113154257	9.15968969428497
9.46625358115221	9.39785515200542	9.38884278168539	9.00012082622072	9.12246267331934	9.17812591095662	9.36650544931702
8.65112061347973	8.69699421910621	8.68460288121649	8.97978667528734	8.9629786417691	8.95341387415172	9.03166525402217
6.21106297822907	6.13776148991552	6.17030132896098	6.11734203528571	5.88550575799845	5.69844794666801	5.77689276093077
8.7660838917346	8.7346346243411	8.79260742685738	8.94664343630217	9.08859496328421	8.99978663249244	9.0073419271205
9.53615032298432	9.59470152471563	9.56434237638227	9.43292139231115	9.59711107655472	9.70183091536208	9.53521125727542
7.4935998025111	7.50289019827959	7.49718398089064	7.37532808833752	7.83755250767048	7.75064832522281	7.98320558331683
4.67263548340074	4.60567355342145	4.5165282835366	5.33031137417354	5.14117720159714	5.60709421938126	5.27818141343203
9.57577069205384	9.5593775534985	9.54886464645291	9.66197584026824	9.6822643194897	9.61971890591776	9.60916042449726
7.39188427747026	7.48856522056877	7.40839992977348	7.40412126167799	7.28678966315892	7.45823524672856	7.49519697860566
7.73581324647993	7.72888075703099	7.78951069085915	7.91914217240265	7.87243988067704	7.81141394576601	7.90433581374051
8.64950558113184	8.60716163986585	8.64324544153569	8.81202908238019	9.06692963503229	8.95858691505087	9.00922825047027
7.91940716627347	7.81243741487358	7.80824930427714	7.6087951592378	7.89420779489149	7.82325145388312	7.78452799252353
7.6179554512551	7.53393431921878	7.59185629436575	6.6305540782689	7.06297123642162	7.13778518005683	7.15298608090955
9.40412369235174	9.51271055858561	9.45078821925526	9.23327443413719	9.14460557085807	9.11323558446792	9.02795099790204
9.51229593190496	9.49492652858977	9.49187756152421	9.77795951861771	9.71609019750124	9.58086010834077	9.58246218261242
8.54064436962644	8.55980234839848	8.60872121242055	8.67201387187353	8.81884583163941	8.73540493160584	8.86077170376212
8.30833606859624	8.31282505059158	8.29496098186039	8.29562979255147	8.47105189218664	8.61489154548888	8.45539266745339
8.90691381353865	8.94977494003322	8.89905761098409	8.83636159924807	8.74907547023094	8.7837362128821	8.6729157831863
8.04018228493806	7.97935527396788	8.03298519669887	8.01822701004678	8.03799318133169	7.99270792987175	7.81023544333717
7.66723893323819	7.57933445476793	7.55566555259746	6.88525279965303	7.25584146875751	6.83278770765558	7.24173768439221
7.66930087211428	7.60486715125391	7.55199885735887	7.59459142463266	8.1494384332422	8.25989404934159	8.36220314861347
9.36470944734053	9.34750139974227	9.39361349608576	9.44779941290876	9.43342876719238	9.4281772261211	9.38001925751917
8.61958664378964	8.58922881355346	8.63844676411301	8.34311414898092	8.64679181920084	8.49514626571585	8.35515540092528
4.59589814200075	4.66296178603724	4.43395802170792	5.73212340068554	5.84753029095107	5.54675516150281	5.88381351857352
8.81079298216468	8.76951268263153	8.76631390218879	8.62214801279878	9.06146186495753	9.0032898432916	9.01424587532829
9.15866549709291	9.15862026871586	9.13034295825305	9.16648065863797	9.15298259081999	9.06295515642246	9.06947160020412
8.23006505978669	8.14461005891422	8.22570679640367	8.68547177497633	8.81478633514636	8.94300905938145	8.75991289381258
9.40804177869827	9.45676620222394	9.38957770847207	9.54232188695406	9.42866373843607	9.30140090325347	9.2742475073874
10.0818951763237	10.0936646252017	10.1010986526535	10.0141400386569	9.82958027345123	9.88648189342763	9.82105068994318
8.80545833501582	8.93053126421136	8.87609209801403	8.80125308794186	8.72417912522093	8.79947648583055	8.84811893264072
7.91415924099481	7.98143297239037	7.92186872367812	7.74684304959986	7.98103210900805	7.72683480186662	7.77226262007045
8.30021387639324	8.21202602042455	8.31142263675585	7.88161918098319	8.32780999325122	8.34555334773373	8.51239638250504
7.09462996767194	7.06418813099374	7.11754414652744	6.75076262570449	6.64783541002205	6.71662062269674	6.70023724932415
8.62889771377034	8.58853481362576	8.61300330808911	8.3174076598547	8.83737317650633	8.68845885886933	8.80726880157377
8.80594408175366	8.87128185747997	8.78061239470607	9.57068947273581	9.2784161847385	9.2337662866714	9.12834765206471
9.22303821104262	9.25668410730209	9.21419579302246	9.66367591994735	9.56756688420234	9.58053162835023	9.46070222750812
9.63668678007152	9.69229690849919	9.68403411088878	9.60117362569048	9.62282056918828	9.44531889508783	9.53478200067981
7.65272605529102	7.51142033684382	7.61434130249873	7.63331986196004	7.81327043915655	7.78500718451795	7.81173283395125
8.65219634374703	8.68987143404076	8.68867768631459	8.90123283483331	8.86903627304958	8.93410266025262	9.03967867350704
7.90095914869037	7.83204988992498	7.85411394741594	7.56939310073068	7.71706383150515	7.7000258706194	7.73004309595859
5.9327958222363	6.04697544112043	6.04755777781304	6.39666545838566	6.65881626490507	7.00765477237875	6.82809210250193
8.61958664378964	8.65839045524369	8.68110151667189	8.97705365569951	8.89387371246315	8.79831669659334	8.83819704375976
7.43700407468595	7.49000385569569	7.43108450864294	7.30291007054983	7.01824685114374	7.15513592109597	7.14573008531726
8.71846879766392	8.62759186842755	8.6828532023924	8.62738727017316	8.7701969158334	8.73843803085875	8.8459988113804
8.63977897719737	8.57528778256097	8.59642007597128	8.47297222068096	8.75162650053069	8.79483144991323	8.78305393105732
8.38403711165152	8.2524636434139	8.29871787879374	8.07558843309177	8.58898220253624	8.53295109671123	8.64701763286458
9.02904318019701	8.97362379755393	9.11282925905028	8.80742065842144	9.08523121823783	8.90810381962834	9.11327989284552
9.39230811977144	9.45207441363183	9.41073817943408	9.7063641111839	9.4533753369345	9.41341839403603	9.44292105718341
9.43582804284415	9.5168426734791	9.45572142374461	9.76693031531112	9.57189343713831	9.5623433485663	9.52010724843871
8.85044952607697	8.7688968798811	8.86680831359895	8.84388205136086	8.96590909633538	9.04416176959327	8.9593257631534
7.31181657825165	7.07747816248294	7.13854216303081	7.38773850128101	7.53293523769047	7.22789171046896	7.41577343235721
5.01288477532356	5.14076285348203	4.93564215091579	5.46146242120762	6.18342141068653	5.91756792825758	5.7235587667021
8.22365326197556	8.18051529020594	8.15646072644156	8.52817151060832	8.76347177843649	8.85346955492505	8.85094070318538
3.66925145202334	3.97447640944191	3.85658380248764	4.7457655456429	4.25631873162278	4.45728077681802	4.25442264394059
8.68622158004434	8.69764008030907	8.646236975956	8.95082825027348	8.7701969158334	8.6928504565231	8.70775021710345
9.39065973814687	9.34624176808974	9.39909971142148	9.36033719765729	9.54133032073437	9.49794239018444	9.51532592424363
9.37107184031272	9.47847030065127	9.06678470104156	9.65771684928058	9.03520193018942	9.38265850404005	9.28971678729157
8.83385358406293	8.79817544695776	8.83492016282602	9.0490853249612	9.15426703869544	9.00578668542545	8.98578140540932
9.13306764029912	9.14380136540596	9.18507411291538	9.17007434741404	9.08725041021182	9.06199761377756	9.1086103610949
6.28750582219963	6.28216885473628	6.17633761284033	6.42103224803464	6.18342141068653	5.98198484712462	6.03282113492943
6.32557838850599	6.45162720357991	6.29509750260044	5.9487803537456	5.70610588261494	5.94554536638384	5.80920911658366
9.3800673096017	9.43077887664152	9.38147399617918	9.44285711324216	9.38450520293955	9.4529094304533	9.3953032663621
7.56811262328265	7.48279691978693	7.55077466664544	7.22204771494948	7.6344334060341	7.73565624270792	7.66001822053663
9.71293559141188	9.7467367003161	9.72291852997563	9.73089676330608	9.59380570649487	9.51182603017076	9.67081530466125
9.10104774836873	9.06744110584167	9.07086382514623	9.42992727409928	9.66347255239999	9.59133026320482	9.67625083065924
8.55676613274453	8.47316785395336	8.58837087354198	8.91985373574177	9.08725041021182	9.17548239325538	9.11967480569052
9.18345875022335	9.16621215044182	9.22609967190945	8.99202154985765	9.38122016754561	9.31062581869809	9.37761576393906
9.26984803187349	9.11714605817116	9.25766408936681	8.7966100327182	9.17592876392919	9.20644303040115	9.40618501048537
9.59980075093452	9.55828304953254	9.57771729710834	9.31236601925271	9.48431669482649	9.50386006835275	9.63575096730007
8.39427526061776	8.34661218372051	8.38621738714968	8.58133501008585	8.76431414424953	8.78197612312966	8.80508492565159
8.94814046929909	8.95957690907122	8.99333959995507	8.62389654836888	8.56499742421541	8.56218874508929	8.62644097187733
8.7605887904643	8.59822187601406	8.70314244526712	8.62564296578514	8.67125767759408	8.61555428216942	8.65435075188894
9.7140012716688	9.61592713971413	9.67552782684608	9.8573514185975	9.99106134296839	9.96220777197398	9.91673853485508
9.32630641256512	9.29671129987246	9.33459561230563	9.11892875504149	9.26659179821147	9.24345449972516	9.24648729923976
8.68622158004434	8.63770414417441	8.65577069608346	8.61161202874956	9.11192320484639	9.12426545943745	9.22139365745864
8.54757476447542	8.62623842839395	8.55891075287746	8.90123283483331	8.88924928297779	8.88433164980147	8.92435769451478
7.17531584269839	7.19209597447854	7.26028793876599	6.74434093401395	6.95735024366965	6.85679372628249	6.79096397963934
9.38504175499758	9.34203538271957	9.40128869101255	9.44384692955349	9.57285312645455	9.54120962541445	9.5678693328862
8.62123394745326	8.70536892121266	8.64743195084736	8.84987029424185	8.69531385579581	8.67646764316068	8.63388396735244
8.23077580560827	8.27655739403038	8.24991723073437	7.5288838164228	7.76512845267876	7.68316415131324	7.75988724280881
8.87477467200759	8.89978627364261	8.94839804387983	9.30148545892087	9.27664871904131	9.33597425762624	9.25492674643808
4.25272329273663	4.54612336689386	4.53428636540679	4.77128244895545	4.67446396065353	4.76149047032114	4.57018861563958
9.10822213349402	9.12737920520075	9.1566705419731	9.28390393125738	9.21337627549087	9.35700454766154	9.24330915123484
8.27696109526271	8.24114508259484	8.25610327598543	7.96953567807183	7.96643183240428	7.93199031635236	7.96323641691672
9.38735757174316	9.30277613384038	9.36588283767222	9.8853029886733	9.9999969038862	9.85643670068307	10.0313104154839
8.61132308596118	8.72578762645079	8.60504126405384	8.90411329013884	8.17631650175515	8.61886318430356	8.51059384101361
8.74549980362497	8.79090891110857	8.78553084608538	8.79970706377137	8.68467191933571	8.76484479210681	8.71087380715372
5.79684797083568	5.75917998087995	5.84081997495329	6.17579601780472	6.00529635113109	5.9593235445632	5.7235587667021
7.67752061208439	7.6941175338054	7.65605740301566	7.06603971764747	7.27733795240322	7.28309757746126	7.37735767502891
8.7328095446739	8.7478085842042	8.77457936255931	9.11768861096431	8.90994298887003	8.66947727953998	8.70696821350334
8.80059226203671	8.7194364220519	8.72259720305144	9.00951282947573	9.04007549142759	8.92883653607975	9.03413588192567
9.63948722734624	9.64721583781338	9.54355963778971	9.36243264482972	9.30409225951704	9.46332320912297	9.32365119567337
13.6926546832069	13.7096935187979	13.7371964325505	13.4948339793259	13.3195507095915	13.2082326843311	13.2971628675878
13.1950358335458	13.2644724206845	13.2333683415971	13.3819191946712	12.9019675695761	13.0226435513779	12.9421156057087
8.83289971785155	8.89469507085465	8.837559143668	8.83183042505965	8.65135408042766	8.5462546817703	8.62726995677187
8.62233115328131	8.64975006386717	8.67759210608909	8.96744707869142	8.98336739546397	9.10258164033561	9.02671068742261
6.18927664119278	6.2917460857431	5.95640630407508	6.35511597167162	6.7877663543007	7.12217638897531	7.14815299255168
8.40950361072386	8.33433865126774	8.41986011339116	8.31307832506719	8.72157884423416	8.76186942872766	8.69281582979461
9.27946461338377	9.24504992645257	9.32504475044967	9.81284965007623	9.87732192777355	9.9666809790182	9.83424508388336
8.77155908645249	8.75155153604097	8.80073217292199	8.75573122810406	8.68199907232662	8.86512413706752	8.71632313283041
9.22635147717421	9.11714605817116	9.2009518914133	9.09518163761387	9.37517802391083	9.32968080676705	9.45070001008996
7.85792703310107	7.82169858788747	7.8710883118773	7.73069878905658	7.90496930478336	7.89892358087514	7.85010533688966
9.52411920702309	9.45637577674842	9.47703204011695	8.98523722015718	9.29189499526217	9.24345449972516	9.24118631186927
8.9173263819418	8.92554295198706	8.85590541687444	8.71201645861388	8.6935456649843	8.70780179888001	8.50607715837037
7.2300268161639	7.3035056334586	7.25137442416319	6.38845080709548	5.77518913605292	6.15494102579947	6.17711542854262
9.60037510053738	9.68224527990292	9.70389914009207	9.45272482733691	9.52158217675787	9.38606839136258	9.39054517435268
8.73535613493392	8.72578762645079	8.73787193735219	8.54488130051746	8.75756134754899	8.87613267885097	8.70540287548469
8.7287260542824	8.8515865316825	8.80720099092391	9.30257721770143	8.8861580394979	9.07011555756794	8.89600371092223
8.71021257522544	8.673557097892	8.72373391901999	8.83031686334496	8.90842030207884	8.79599418029002	8.80872280098698
9.24353706095561	9.266015875212	9.22323480577849	8.99742612001407	9.10529655632176	9.11046424044008	9.13295097681945
9.74223285148813	9.65408161578548	9.70330095056886	9.65942195580794	9.91599238770661	10.008466269033	9.98283632554511
8.96615709183629	8.95468388645444	8.9876144654779	8.92127619999217	9.17339721287239	9.15772790405154	9.18536716847011
5.3537242599867	5.60678208161616	5.31793490583103	6.69856987063525	6.51311047334935	6.79099062373083	6.53310211148428
8.64573044741809	8.7434300359447	8.67993260897362	8.65330170191005	8.60882451197474	8.70904043917429	8.51329677099732
8.44136321116381	8.41822731725786	8.47366592323167	8.59744319331777	8.64587762581779	8.68468344034035	8.65191070648659
8.1646891372725	8.2489900464471	8.23668809162064	8.1956947309865	8.41524223117052	8.24349304604261	8.13452162499227
9.06588320359781	9.09547739044171	9.0521922667374	8.78259046615123	8.79266460862795	8.82189908818246	8.83677378905342
7.72988617628892	7.80778541792116	7.79890873795306	7.37532808833752	7.73268923469054	7.44277991610776	7.57563457622869
6.5466992299943	6.64982365381765	6.53448899625013	6.46856404997395	6.089008660766	6.28712179464403	6.17711542854262
7.67546986419614	7.78785279217687	7.7545477566419	6.60242309010445	6.4085042494984	6.68193085129767	6.53310211148428
9.0002778939692	9.03164667468259	9.01179943590129	9.05298348164218	8.84296483436917	8.84620501258755	8.82820329370219
9.42844673034529	9.4144068399493	9.40456628866961	9.56978304868782	9.58479546332603	9.53273240177595	9.48761813910865
6.4413402842698	6.3201182478954	6.39487804916587	6.32099207323715	6.73687597390075	6.44993348023855	6.74310327493556
8.77750949162568	8.77994304750919	8.76962545643159	8.92695206323227	8.98841969103558	8.8023716878126	8.88779439380452
9.10702876512428	9.02750126825014	9.05310839024012	8.96882337225736	9.14847795825106	9.24848226025626	9.18149041809409
8.67567074514346	8.6133198155075	8.58277339201632	8.75093897748362	8.78604406763511	8.95755386208917	8.80654122691127
7.65480787512672	7.49287701621436	7.60017880996668	7.50629848661491	7.5623960414678	7.63671222298393	7.61416067899441
9.37740756239219	9.45050723549996	9.3561507891338	9.55886127371882	9.36634383863874	9.28113071689376	9.28457960594653
8.69669927165436	8.76951268263153	8.6828532023924	9.24921720609557	8.86903627304958	8.91611496605819	8.85516256873944
9.09624583499903	9.15576343298266	9.12641985048722	8.95082825027348	9.09596759592471	9.1397412475784	9.19088655709115
7.995184616199	8.00920534780098	8.06742431755711	8.25783526756624	8.38156484755253	8.27779681773272	8.09365213853708
9.29886668934407	9.28800473130615	9.30537379544785	9.44582452574949	9.41266518944298	9.48954444018778	9.46024915072997
9.75395020594252	9.77355356335191	9.74141221171422	9.53025765420213	9.55305020777981	9.53239222372208	9.56703077599897
8.54987785210088	8.44823490916384	8.4850006284679	8.13075461191515	8.46898476254514	8.48498414067981	8.48694396860093
7.37069315395276	7.33251438933897	7.29108181405087	6.19476559939739	6.01103150786122	5.98647264867119	6.1524305964256
7.80424027692328	7.81011320976622	7.7641627590208	7.62984177245443	7.71706383150515	7.74067178136923	7.81322860137735
7.41400273506836	7.43136055913791	7.50098450835991	6.88525279965303	7.10367239625395	7.04551523460319	7.06842856496386
7.71696389270225	7.73866770988051	7.77477557333073	6.76985783732651	6.79773163023101	6.68193085129767	6.7069193220216
9.15095425096866	9.12932052955654	9.11854327113632	9.45272482733691	9.44448608837392	9.4163828562909	9.38529225280884
8.7898314330339	8.7496812210881	8.83650409849081	8.8691620656025	8.91374266009574	8.83212597509868	8.8374855999103
9.22818904695893	9.07751399012647	9.2322206333429	8.89400641669104	9.28546438294546	9.16485722330331	9.27009290789055
9.48960456002452	9.51158165084956	9.55547009720593	9.51809161237556	9.43817804375878	9.33597425762624	9.37183024051365
9.3259621690921	9.3221067121399	9.35276750147334	9.06975474568965	9.35243074468882	9.2547412273146	9.32114739292602
