LL20_1	LL20_2	LL20_3	LDZT8_1	LDZT8_2	LDZT16_1	LDZT16_2
427.493651990019	401.602673302315	409.763778493579	293.902347750369	336.7543091343	362.658847128978	360.278552206943
390.027587317152	338.534201965267	372.159819214489	257.849109439377	329.059998948444	361.024328381354	402.153033055557
653.460854548249	620.840692712054	622.255992832566	550.382346874139	608.106981688824	595.16913897843	605.204760944119
822.350849206407	780.514044747915	770.135054918195	983.477576711251	933.063348538145	965.796265002073	1009.72804763262
490.278580680097	442.146690590418	463.036054138957	458.195585623246	566.301229679006	590.674212422465	669.464970548282
404.516417014862	387.086914026328	375.890370730272	428.531528785088	345.474527344937	389.219776777861	388.984957316999
419.590653973086	381.747784177689	389.917244429615	384.719998685654	420.109336147741	466.246472759621	474.840811132397
135.22907717863	108.61792285825	120.72064705073	80.3211385156289	114.645221769255	69.8756764609073	89.2795535074223
752.394681575038	683.408620625793	705.969568846731	681.81693717244	839.449241276896	892.038606515559	965.483313151063
126.301616455798	121.465204056537	127.435639779139	87.1666900936654	80.7902569514887	74.1662881734192	69.0007168700432
653.607206363377	637.692321296821	599.425017555975	606.059499708836	568.096568722373	697.12224586145	655.50681026541
164.645792019436	172.520633234148	158.175384269189	168.400568819699	146.961324549851	147.515316973027	151.696232508187
38.929582824151	32.201626899604	32.2319650963631	41.9860496786242	41.0363209912323	45.3578952465539	36.0805275236485
266.506655348793	256.945623965752	247.260954466082	188.480853448606	180.303335355227	192.464582532675	189.093567605691
391.930160913821	337.366267310877	357.536057272621	367.377934687961	417.031612073399	394.531962707637	451.664997832535
235.91912598696	223.576062411758	223.833090946966	230.466903127231	216.723070234946	201.658750488057	225.174095129339
413.590229552822	380.913545138839	385.440582610676	413.014945208205	477.303708529271	471.354343845945	473.524003558541
537.842920596823	494.870597845728	515.71144154181	716.044695062623	686.588945584556	702.638746634679	748.473424979629
657.266001741587	652.374928380579	623.89743549951	641.199997809424	606.824596657848	715.510581772215	674.468839328934
259.920823668016	250.605407270493	246.067177981031	151.058504822007	199.795587826062	206.766621574381	225.174095129339
284.068873164199	264.954318738711	284.417247563278	263.325550701806	300.847528266972	308.924043300853	313.926925607219
464.081605772116	434.805387048539	435.579194982796	583.240994448714	647.091486630495	723.887490353785	626.800405155354
619.946288883848	564.112438070265	595.694466040193	789.976652105418	745.835134015648	821.34567068084	741.099302566037
500.962263184469	453.659189326546	473.033932201255	414.384055523812	450.63009988497	484.634808670386	503.810577757224
303.97272002166	259.782036697842	287.99857701843	240.963415546887	278.277551721794	256.823758220352	297.861873206179
269.433691651361	240.260843188755	259.347941377218	288.42590648794	405.490146794614	413.533243148761	422.168508178165
397.930585334085	384.250501294238	386.186692913832	444.048112361971	388.819141391926	444.589099353609	454.035251465475
510.914186613199	457.997232328565	496.31257365974	580.959143922702	749.169335096185	768.428126226528	848.550800592669
527.012886277322	492.367880729178	494.07424275027	355.512311952698	400.104129664515	402.295926758849	450.61155177345
319.046956979884	297.990184677165	299.041009505147	294.358717855572	370.096319939677	450.718544657197	501.967047153826
622.873325186416	538.918419097	569.132939247819	442.222631941161	528.599109768311	573.511765572418	631.540912421235
19.6111432272039	15.0163026992972	16.5636487300755	20.9930248393121	25.1347466071298	26.7652444923358	32.6568278316235
957.433574569909	852.091754281231	890.706479908294	803.667755261491	926.90790038946	1133.74306632039	1127.45064473532
543.843345017087	487.862989919389	515.412997420547	456.826475307639	540.653529059486	504.861978172228	559.643218888709
537.550216966566	453.992884942085	485.419363233654	420.773236996647	542.961822115243	598.029546786771	601.254338222552
540.477253269134	467.841252986993	473.332376322518	431.269749416303	700.182226912902	658.711055292296	723.454081076369
12.5862561010413	11.3456509283579	12.0869869111362	17.3420639976926	17.1839594150785	15.9365577893297	16.0650524010406
98.0557161360194	89.5972727724733	85.2057966204785	73.4755869375923	99.5130784037384	95.0064022056196	87.1726613892531
621.263455220003	600.151564548578	572.565046642339	474.624909410534	461.402134145169	494.850550843034	509.86789259696
216.015279129499	194.044000436474	202.942002458583	186.655373027797	194.409570695963	201.86306533151	225.964179673653
870.20789275339	782.182522825614	795.502805225518	781.761990211774	924.086653321313	1036.08057114989	1085.83952540148
488.961414343941	444.482559899197	450.352178985296	297.096938486786	394.974589540611	417.210910330914	441.920621786002
749.467645272471	702.596118519339	655.830956474611	773.54732831813	791.231564112198	816.237799594517	811.943550039478
554.673379336587	519.897769011223	500.93845753931	514.329108563146	507.8244722665	511.808682849628	491.169225048208
792.787782550473	764.496655201998	728.054433820165	686.837008329667	650.169210704837	697.326560704902	703.965328983303
773.469342953526	714.942856294317	707.312567392413	804.124125366693	891.770550540718	943.934576752608	973.120797079426
27.9531966895219	25.8614102043452	26.7107488530046	34.2277578901828	40.7798439850371	38.8198202560596	44.5080959963256
68.3462976649568	52.8907550630801	59.8380463131556	60.6972239919241	68.2228836479238	51.2830257066893	72.1610550472971
76.6883511272749	61.2331454515786	66.7022611021959	65.7172951491509	86.9457051001735	72.1231397388897	86.3825768449396
740.979239995024	642.53090772215	673.140715507843	778.111029370154	913.57109606731	984.388915756291	992.082826142949
111.081027682446	107.95053162717	108.782882200226	71.1937364115801	63.8627745426053	70.0799913043603	57.6761717348834
487.205192562401	438.476038819478	421.403099222822	387.001849211666	422.930583215888	448.675396222668	488.535609900497
463.203494881345	415.284193539453	451.545955470346	374.679856371201	566.557706685201	650.947091241084	689.217084156119
290.069297584463	271.1276876262	285.461801987698	165.662348188485	207.233421005723	208.196825478551	218.326695745289
175.475826338936	154.834765610531	177.275808029997	129.609109877492	126.443164054235	123.201850602126	105.081244393692
542.233475050674	480.688534185281	505.265897297618	424.424197838266	558.60691949315	524.271888300258	569.914317964784
59.8578923875103	56.0608634107096	53.272275645378	50.6570816774705	57.1943723815301	52.9175444543128	55.305918101943
633.264304060531	563.945590262495	570.625159854132	634.810816336589	635.550021351711	693.240263835844	676.312369932332
218.64961180181	191.207587704384	200.256005367219	111.354305669395	107.46386559579	108.695496716967	102.974352275522
646.582319237214	591.47547854454	608.826007375748	692.313449592096	743.270363953696	824.206078489182	841.176678179076
247.919974827488	231.417909376947	227.414420402118	202.628326709882	210.824099092456	200.228546583886	185.669867913666
392.661919989463	375.07387186689	387.380469398883	380.612667738832	325.725797867907	359.185494790278	384.244450051118
752.24832975991	734.130354187863	685.675368600873	538.060354033673	552.964425356856	582.501618684347	617.582752138364
858.792451173376	749.64720031047	770.881165221352	691.857079486894	797.899966273274	788.859610571822	936.513546526235
419.444302157958	410.111911498584	410.659110857367	512.959998247539	453.451346953117	504.453348485322	458.775758731356
561.112859202236	494.536902230188	508.101116449613	453.17551446602	702.490519968659	805.817742578417	835.909447883653
385.929736493557	334.696702386558	352.313285150525	269.258362069438	313.158424564342	343.861881531307	342.896692232047
1114.03001675728	1066.1574916501	1054.7015245421	1161.9182878454	1155.17243590319	1312.92718402863	1224.63104368588
724.880540330901	688.580902666662	697.762355512009	804.124125366693	824.060620905184	1014.62751258733	923.345470787677
794.544004332014	723.618942298355	734.620204487943	606.972239919241	815.340402694547	1038.32803442787	1045.28185212672
13.61071880694	9.6771728506582	9.99787806229782	19.1675444185023	17.6969134274689	16.5495023196886	31.0766587429966
469.642974746994	437.808647588398	455.425729046761	394.760141000108	480.381432603613	557.779522626541	634.174527568947
677.023496783919	605.323846589447	625.688100227086	507.939927090312	553.733856375441	556.962263252729	621.26981334516
823.521663727434	686.912424588962	736.112425094256	554.489677820961	744.296271978476	904.297497122736	1035.80083759496
595.066480312022	569.952111342214	569.431383369082	391.109180158488	449.091237847799	443.158895449438	479.054595368735
434.66489093131	418.120606271542	404.541006371484	440.853521625554	380.098923181289	418.028169704726	389.511680346542
395.735308107159	366.564633670622	380.963920791736	316.720853010491	315.979671632489	292.578855824618	314.717010151533
513.109463840125	497.873858385587	488.254582385649	523.912880772397	510.902196340843	568.608209329547	578.341886437461
338.511748391959	303.329314525804	319.335209751005	263.325550701806	272.6350575855	274.803464444211	270.208914155207
415.200099519234	394.928760991516	364.400272061661	484.665051724988	389.845049416707	478.096733679892	475.63089567671
461.739976730061	399.934195224616	408.570002008529	281.580354909903	374.71290605119	422.318781417238	443.237429359858
64.1020950262336	64.9037972225179	61.6287110407314	73.0192168323899	64.3757285549957	56.7995264799188	70.317524443899
700.147083574204	650.372754687339	661.352172717969	678.622346436023	647.604440642885	724.500434884144	744.786363772833
20.3429023028458	21.0228237790161	19.697312003333	24.1876155757291	31.5466717620099	38.6155054126067	45.2981805406391
614.970327169483	554.768960835147	557.79206263984	630.247115284565	756.094214263456	849.132489390441	890.425281441283
236.358181432345	219.404867217509	223.982313007597	237.312454705267	236.471799711976	266.835185549547	271.789083243834
496.571708730618	461.501036291734	452.142843712872	582.784624343512	531.420356836459	600.277010064753	604.414676399806
677.316200414176	619.839605865435	631.507760591707	715.131954852218	794.565765192736	1024.23031022962	953.105321956818
344.365820997095	322.18311680381	325.60253629752	512.047258037134	465.762243250487	560.435615591429	540.417828310415
132.741096321447	132.977702792665	137.582739902069	108.61608503818	113.87579075067	119.524183419973	122.726465883359
331.779564896054	304.664096987963	300.085563929566	387.914589422071	411.645594943299	364.90631040696	360.541913721714
242.504957667738	244.765733998544	226.51908803833	250.547187756138	181.585720386203	193.281841906486	203.841812432876
795.861170668169	747.311331001691	754.615960612539	803.667755261491	832.267885103431	900.211200253677	866.98610662665
241.33414314671	213.73204175333	213.238324642143	164.293237872877	162.093467915368	142.20313104325	147.219086757077
280.556429601118	247.101603307324	256.811166346486	299.835159118001	352.912360524598	359.594124477184	413.477578190717
44.1982481687729	47.0510817911312	44.0205078862367	62.0663343075314	53.0907402824068	59.0469897579012	47.1417111440372
369.391981384049	368.900502979401	374.696594245221	227.728682496016	231.855213600463	238.435422309587	262.044707197301
344.512172812223	307.333661912283	344.553737997697	314.439002484479	430.624893401744	425.792133755938	466.939965689262
274.702356995983	236.089647994506	249.35006331492	112.267045879799	219.544317303093	264.792037115017	283.113628378994
40.1003973451781	34.7043440161535	35.8132945515146	82.1466189364386	87.4586591125639	100.318588135396	106.398051967548
184.988694322281	156.336395880461	162.353601966866	160.185906926055	203.899219925186	224.542012954787	265.468406889327
1006.75413626818	958.874351254011	920.849336155819	1050.10761207081	1019.75257663212	1097.98796871613	1081.88910267991
572.381948967122	510.220596160565	511.533223844133	411.189464787395	561.428166561297	595.782083508789	704.228690498075
369.391981384049	331.860289654468	343.80762769454	573.657222239463	530.907402824068	634.193274077942	639.178396349599
742.735461776565	675.733621468374	715.967446909029	774.460068528535	789.692702075027	948.020873621667	918.078240492254
451.934405116459	432.970061163069	419.313990373983	365.552454267152	310.59365450239	376.347941640325	368.179397650078
464.813364847758	456.161906443095	421.104655101559	506.570816774705	519.109460539089	526.51935157824	579.658694011317
14.7815333279671	13.8483680449074	14.0268736993432	22.8185052601218	20.7746375018114	17.5710765369533	24.4926208737176
436.860168158236	404.939629457715	402.451897522645	376.048966686808	437.036818556624	421.297207199973	458.512397216585
299.582165567808	262.284753814391	289.938463806637	138.280141876338	149.782571617998	161.61304117128	152.749678567271
436.274760897722	398.432564954686	406.779337280953	557.684268557378	607.337550670239	613.761789732648	622.849982433787
315.973568862188	276.633665282608	295.161235928733	425.336938048671	409.593778893738	410.468520496967	459.039120246127
395.881659922287	367.899416132781	354.999282241888	214.950319550348	241.344862829685	280.115650373988	287.327412615333
994.753287427647	925.337941892248	949.947637978924	873.036011252261	908.698032949601	995.217602459297	1001.56384067471
318.754253349627	279.303230206928	292.027572655475	220.426760812777	266.479609436815	272.964630853135	278.373121113113
434.225835485925	434.471691432999	378.576367821635	434.920710257922	358.041900648502	442.54595091908	418.74480848614
617.01925258128	605.824390012757	584.950477674738	986.672167447668	841.244580320263	1105.34330308043	950.208345294335
142.985723380434	137.148897986914	145.342287054897	134.629181034719	121.313623930331	95.8236615794314	88.4894689631088
437.299223603621	414.616802308373	406.630115220322	250.090817650935	204.925127949966	191.44300831541	203.315089403333
227.138017079257	217.06899790873	215.028989369719	247.808967124923	204.668650943771	219.638456711916	203.051727888562
418.712543082316	413.448867653983	403.645674007696	376.048966686808	364.197348797187	420.479947826162	399.782779422617
454.276034158514	431.96897431645	433.490086133958	533.496652981648	483.972110690346	553.284596070576	543.578166487669
415.492803149491	385.418435948628	382.605363458681	520.261919930778	443.7052207177	506.905126606757	515.661845921926
567.552339067885	521.065703665613	524.81398724032	444.960852572376	552.964425356856	652.377295145255	662.090848134689
221.137592658993	204.889107941522	201.599003912901	220.426760812777	236.471799711976	233.327551223264	234.655109661101
301.777442794734	280.971708284628	277.702254834869	272.452952805855	369.070411914896	472.784547750116	459.302481760898
291.24011210549	271.961926665049	265.316823802471	180.722561660165	216.723070234946	211.874492660704	251.510246606455
507.694446680375	426.462996660041	443.786408317518	321.284554062515	400.104129664515	428.243911877373	465.096435085864
152.059535918394	137.983137025764	141.313291417851	61.609964202329	73.608900778023	85.4036045633312	89.8062765369646
593.895665790995	530.242333092961	544.511299243653	462.759286675271	618.879015949023	677.508020889967	727.931226827479
427.786355620276	402.937455764475	418.269435949564	387.001849211666	382.407216237046	401.682982228491	397.939248819219
422.664042090782	384.584196909778	411.106777039261	279.754874489094	341.883849258204	337.528121384266	368.70612067962
686.536364767264	687.412968012272	636.133644471278	682.273307277643	500.643116093034	583.727507745065	599.937530648696
889.087276904952	850.590124011302	844.298419051956	909.089249563254	986.154088820552	1048.13514691361	1073.72489572201
127.03337553144	116.960313246748	120.422202929468	87.1666900936654	96.435354329396	96.8452357966961	99.2872910687263
79.4690356147142	71.4108617255467	67.5975934659838	78.9520282000215	147.987232574632	163.247559918903	186.723313972751
1783.2968673394	1624.76395206396	1644.27788609641	1589.08070631488	1752.25090632562	1917.08617611899	1989.95960561086
539.89184600862	488.363533342699	502.579900206255	464.58476709608	557.837488474565	696.509301331091	683.423130831153
519.695295520903	470.844513526852	472.586266019361	519.349179720373	516.031736464747	619.891235036236	547.001866179694
899.917311224453	820.056975189397	839.075646929861	882.619783461512	1036.9365360472	1138.03367803291	1195.92463857583
786.055599054567	695.588510593	716.862779272817	730.648538429101	815.596879700743	824.001763645729	887.5283047788
50.0523207739084	45.8831471367415	46.7065049776003	31.9459073641706	29.238378706253	22.270317936371	27.1262360214292
453.544275082872	437.808647588398	418.418658010195	355.968682057901	348.808728425475	418.232484548179	408.210347895294
464.959716662886	423.292888312411	422.746097768503	384.719998685654	435.754433525648	464.203324325092	494.856286255005
625.507657858727	520.732008050073	551.823180214587	476.906759936546	758.146030313017	689.971226340596	931.246316230812
421.200523939498	423.960279543491	404.391784310852	492.423343513429	431.39432442033	474.623381341192	454.035251465475
464.227957587244	412.948324230673	430.057978739438	391.565550263691	393.692204509635	454.191896995898	455.615420554102
579.114132463028	546.092874831108	569.580605429713	549.013236558531	595.283131379064	652.172980301802	691.060614759517
469.935678377251	448.987450708986	451.247511349084	517.980069404766	462.428042169949	465.42921338581	510.394615626503
12.7326079161697	14.5157592759873	16.4144266694442	21.4493949445145	21.0311145080066	19.4099101280298	22.6490902703195
401.735732527423	404.272238226635	377.382591336585	316.264482905289	310.337177496194	279.911335530535	329.201893463947
444.177758914655	415.284193539453	415.284994736938	423.967827733064	431.650801426525	505.474922702587	489.852417474353
555.112434781972	508.218422467325	527.201540210421	588.717435711143	786.87145500688	882.231494029818	957.319106193157
734.97881557476	684.076011856873	685.973812722136	882.16341335631	783.280776920147	825.636282393352	859.875345727829
517.939073739362	508.385270275095	461.09616735075	448.155443308793	362.914963766211	420.479947826162	401.626310026015
530.525329840403	494.203206614648	493.477354507745	499.268895091466	612.467090794143	732.673028622262	721.873911987742
291.971871181132	290.982576750826	287.849354957798	311.700781853264	302.129913297948	311.171506578836	320.77432499127
670.144961472885	637.024930065741	624.195879620773	702.35359190655	729.16412861296	793.150222284334	795.615136123666
553.063509370175	488.697228958239	491.388245658906	463.672026885676	529.881494799287	679.755484167949	667.358078430113
694.585714599325	636.691234450201	650.160518170621	483.29594140938	742.244455928915	908.383793991795	884.631328116317
516.914611033463	518.896682164603	472.43704395873	428.531528785088	378.303584137923	399.231204107055	406.366817291896
673.657405035966	643.53199456877	635.387534168121	686.380638224465	644.783193574738	705.907784129926	744.25964074329
831.717365374624	770.169480666177	755.212848855064	643.025478230233	642.731377525176	788.450980884916	748.473424979629
349.049079081203	320.34779091834	326.945534843202	296.184198276381	301.104005273167	368.788292432566	385.034534595432
735.271519205017	665.389057386636	683.287815630772	752.097933373616	870.226482020321	982.141452478308	987.078957362298
552.770805739918	480.85538199305	509.891781177189	394.303770894905	490.127558839031	548.993984358064	562.01347252165
483.400045369063	447.819516054597	448.710736318352	406.169393630169	376.251768088361	407.19948300172	471.680472955143
462.325383990575	410.111911498584	427.073537526811	422.598717417456	582.202804063109	606.610770211795	682.896407801611
267.238414424435	231.918452800257	238.904519070729	165.662348188485	274.173919622671	341.410103409872	357.908298574003
9250.89823426535	8605.84307696723	8520.28121792658	8392.18986456761	8048.24845440544	9289.17435758816	9951.37819714295
4620.03409997293	4459.84190169127	4246.56140144584	6319.35684673814	4648.38926028184	6279.00376899592	6056.5247551923
864.646523778511	819.222736150547	844.895307294482	1221.70277162692	1511.93195152072	1742.39698496672	1825.35865887889
316.266272492445	288.146164018736	300.384008050829	354.143201637091	378.047107131728	447.858136848856	414.531024249802
784.153025457898	723.452094490585	747.005635520342	706.917292958574	679.151112404895	712.44585912042	818.527587908757
406.858046056916	390.590717989497	374.398150123959	609.254090445253	587.332344187013	758.416698897333	649.449495425674
657.997760817229	623.843953251914	603.752457314283	582.784624343512	574.764970883448	701.004227887056	688.426999611805
116.349693027068	93.2679245434126	98.3373379560338	133.716440824314	161.324036896782	172.03309818738	162.494054613804
641.020950262336	603.321672896208	588.53180712989	662.193022648736	675.303957311967	805.817742578417	759.007885570475
533.159662512714	502.712444810916	488.105360325018	460.477436149259	563.736459617054	692.218689618579	650.502941484758
481.204768142137	448.320059477907	445.875517166357	424.424197838266	521.930707607236	619.48260534933	646.815880277962
454.276034158514	391.091261412807	414.837328555044	314.895372589681	412.927979974275	421.297207199973	490.642502018666
675.99903407802	624.177648867454	625.240434045192	711.024623905396	715.570847284614	798.46240821411	815.893972761045
110.788324052189	111.120639974799	108.484438078963	89.90491072488	83.3550270134407	80.7043631639134	69.7908014143567
937.090672267063	852.425449896771	832.957542443977	1036.87287901994	1074.6386559579	1137.21641865909	1198.82161523831
453.397923267743	446.818429207977	442.144965650574	444.048112361971	489.10165081425	538.369612498511	526.459668027543
575.455337084818	513.057008892654	539.437749182189	639.830887493816	688.127807621727	732.264398935356	701.331713835592
720.197282246793	642.19721210661	663.142837445545	608.341350234848	642.731377525176	723.070230979974	750.843678612569
433.786780040539	367.565720517242	395.289238612342	319.459073641706	432.163755438915	503.227459424604	550.162204356948
813.569740298704	763.495568355378	748.796300247918	1177.89124152749	1125.67758019074	1358.69370896209	1229.8982739813
138.448817111454	131.309224714966	137.582739902069	104.052383986156	139.267014363995	144.041964634326	165.654392791058
169.329050103544	167.181503385509	173.396034453583	131.434590298302	126.956118066625	143.837649790874	136.157903136688
176.792992675092	157.671178342621	163.248934330654	148.320284190792	197.743771776501	193.077527063033	216.746526656662
767.176214903005	700.42709701833	729.397432365847	998.537790182931	1004.10747925422	1242.64287788081	1135.08812866369
252.164177466211	206.724433826992	239.799851434516	242.788895967696	301.873436291753	304.837746431794	348.690645557012
336.755526610419	305.498336026813	318.589099447849	280.211244594296	398.052313614954	428.652541564279	439.813729667833
775.518268365323	689.081446089972	704.62657030105	666.75672370076	686.588945584556	750.244105159215	745.576448317146
540.76995689939	514.058095739274	499.893903114891	553.576937610556	498.847777049668	556.34931872237	571.494487053411
525.256664495781	463.670057792744	481.688811717871	430.8133793111	661.197721971231	751.878623906839	830.905579103001
523.793146344498	508.051574659555	496.611017781002	475.994019726141	395.744020559197	383.907590848084	421.378423633852
626.239416934369	563.111351223645	582.264480583375	777.19828915975	784.306684944928	809.086780073664	835.11936333934
633.41065587566	572.621676266533	592.560802766935	470.517578463712	594.770177366674	660.345574039919	693.957591421999
375.68510943457	339.201593196347	348.135067452848	417.57864626023	457.298502046045	524.271888300258	510.921338656045
767.468918533262	717.278725603096	720.145664606706	629.790745179363	638.627745426053	692.423004462032	690.797253244746
71.4196857826529	66.7391231079876	60.4349345556809	85.3412096728557	124.391348004673	114.620627177102	133.787649503748
37.1733610426103	32.368474707374	34.4702960058328	53.8516724138875	66.9404986169477	64.5634905311307	77.6916468574914
172.256086406112	152.165200686212	159.219938693609	149.689394506399	174.404364212737	193.690471593392	209.109042728299
755.760773322991	633.354278294802	679.258819993727	554.946047926163	726.086404538617	796.419259779581	886.474858719715
149.278851430955	135.146724293675	156.086275420351	135.085551139921	166.453577020686	177.140969273704	198.574582137453
354.75679987121	337.032571695337	321.722762721106	170.226049240509	193.127185664987	184.700618481463	190.937098209089
216.600686390013	223.576062411758	202.64355833732	200.802846289072	172.609025169371	189.808489567786	177.769022470531
373.197128577387	395.763000030366	355.14850430252	423.511457627861	263.914839374863	408.425372062438	382.137557932949
358.854650694805	349.212461662545	321.871984781737	375.592596581605	362.658486760016	394.940592394543	392.672018523795
467.008642074683	453.325493711006	423.790652192923	529.845692140029	445.500559761066	522.841684396087	508.814446537876
494.52278331882	447.152124823517	449.158402500245	377.418077002415	609.3893667198	678.120965420326	745.839809831917
792.348727105088	744.641766077371	743.722750186453	838.351883256876	812.5191556264	921.459943972784	981.285004037332
791.324264399189	749.14665688716	730.441986790266	709.655513589789	759.171938337798	837.486543313623	842.493485752932
780.055174634303	735.298288842253	753.720628248751	694.595300118109	714.801416266028	788.450980884916	806.939681258826
686.682716582392	646.20155949309	651.055850534409	651.69651022908	690.436100677484	679.959799011402	748.7367864944
505.645521268578	503.379836041996	477.659816080826	691.400709381692	557.324534462174	657.689481075031	617.319390623593
499.93780047857	479.687447338661	439.309746498579	663.10576285914	627.086280147269	679.755484167949	710.02264382304
607.799088228192	578.127653922942	564.208611246986	574.113592344665	584.25462011267	691.401430244767	690.270530215203
402.467491603065	372.738002558111	370.667598608176	389.740069842881	367.78802688392	420.888577513067	433.756414828096
429.981632847201	395.929847838136	412.449775584943	381.981778054439	367.275072871529	442.954580605986	462.462819938152
452.519812376973	406.107564112104	439.757412680473	485.12142183019	538.601713009924	534.896260159811	544.368251031982
937.38337589732	871.612947790318	846.387527900795	880.794303040703	903.055538813306	987.657953251538	998.930225527
428.518114695918	425.795605428961	423.641430132291	338.626618060208	307.772407434242	334.872028419377	329.728616493489
239.285217734913	216.23475886988	225.176089492648	198.977365868262	201.590926869429	191.647323158863	180.402637618243
62.0531696144361	65.4043406458278	62.6732654651505	76.6701776740094	64.8886825673861	68.6497874001896	60.5731483973662
654.338965439019	571.120045996604	596.142132222087	459.108325833651	578.355648970181	586.996545240312	722.137273502513
229.772349751568	212.39725929117	224.579201250123	213.124839129538	238.010661749148	268.878333984076	255.460669328023
208.258632927695	185.201066624666	203.091224519214	188.937223553809	213.901823166799	204.723473139851	229.387879365678
728.246632078854	630.351017754943	668.067165446378	521.631030246385	619.648446967608	667.700908404225	697.117929599253
686.097309321879	606.658629051607	627.031098772768	490.597863092619	594.000746348088	677.916650576873	745.576448317146
653.168150917992	643.365146761	632.104648834233	700.52811148574	760.967277381165	804.591853517699	878.837374791352
175.329474523808	149.161940146352	165.785709361386	100.857793249739	117.209991831207	132.191703714056	145.63891766845
492.327506091894	448.987450708986	475.421485171356	654.434730860294	652.733980766789	805.000483204605	786.397483106676
525.842071756295	460.499949445114	477.062927838301	434.007970047517	579.894511007352	678.325280263779	740.309218021723
592.285795824583	519.063529972373	520.337325421381	425.336938048671	488.07574278947	509.969849258552	579.922055526088
486.034378041374	446.985277015747	443.637186256887	485.577791935393	497.565392018692	545.724946862817	540.417828310415
417.102673115903	374.74017625135	381.710031094893	367.377934687961	403.438330745053	403.930445506473	386.614703684059
459.10564405775	408.443433420884	407.674669644741	321.284554062515	401.386514695491	433.760412650603	450.348190258679
25.6115676474677	23.5255408955656	24.3231958829037	41.0733094682193	49.7565392018692	58.0254155406365	54.5158335576296
509.304316646787	498.040706193357	475.86915135325	478.275870252154	486.793357758494	516.507924249046	524.879498938916
45.9544699503136	37.874452363783	42.5282872799236	46.0933806254461	37.9585969168899	37.7982460387949	36.3438890384197
370.709147720205	352.883113433484	361.266608788403	301.660639538811	260.580638294325	340.388529192607	320.77432499127
839.766715206685	822.225996690407	790.429255164053	832.875441994447	769.174541579411	964.570375941355	912.284287167289
483.400045369063	445.817342361357	451.396733409715	496.987044565454	494.744144950545	511.604368006175	531.200175293424
886.745647862898	814.050454109678	815.349339289482	830.137221363232	891.001119522132	1029.33818131594	1102.69466234684
470.667437452893	447.152124823517	457.514837895599	654.434730860294	623.752079066731	641.344293598796	653.663279662012
215.137168238729	191.040739896614	190.855015547446	199.890106078667	241.08838582349	267.039500393	254.93394629848
758.687809625559	689.081446089972	668.514831628272	651.240140123877	751.477628151942	920.234054912066	1009.46468611785
457.934829536723	403.938542611095	416.777215343251	399.780212157335	397.539359602563	462.773120420921	450.61155177345
388.856772796125	369.234198594941	381.710031094893	492.423343513429	506.285610229329	627.859513930901	614.685775475881
393.393679065105	385.752131564168	395.289238612342	500.181635301871	423.700014234474	511.604368006175	490.642502018666
1025.77987223487	946.027070055724	948.30619531198	1307.04398129978	1268.79174964766	1467.79783536596	1336.82304897839
639.411080295923	579.462436385102	613.451891255319	388.370959527274	538.088758997534	601.502899125471	655.770171780182
636.776747623612	567.115698610124	579.727705552642	606.972239919241	697.360979844754	745.136234072892	761.114777688644
161.718755716868	134.479333062595	156.533941602245	86.2539498832605	185.432875479131	177.140969273704	213.84954999418
262.701508155455	230.083126914787	256.363500164592	299.835159118001	357.528946636112	353.668994017048	386.087980654517
132.44839269119	126.136942674097	132.658411901235	147.407543980387	200.052064832258	262.748888680488	241.23914753038
869.037078232363	795.029804023902	765.210726917362	733.843129165518	785.332592969709	912.265776017401	999.456948556542
926.699693392947	852.759145512311	849.371969113421	713.306474431409	936.397549618683	980.098304043779	1161.16091862603
412.85847047718	398.766260570226	399.765900431282	372.398005845188	376.764722100752	395.962166611808	420.851700604309
507.548094865247	468.174948602533	480.495035232821	606.059499708836	614.262429837509	811.538558195099	708.179113219642
125.569857380156	109.11846628156	116.691651413685	135.085551139921	174.404364212737	170.807209126662	220.960310893001
385.344329233043	351.047787548015	372.159819214489	379.699927528427	364.197348797187	363.067476815884	448.24129814051
543.55064138683	528.907550630802	490.045247113225	601.039428551609	538.85819001612	564.317597617035	594.143577323731
720.48998587705	674.565686813984	706.715679149888	983.933946816453	863.558079859245	1104.52604370662	994.189718261119
501.986725890368	476.016795567721	446.024739226988	638.005407073006	572.200200821496	706.725043503738	647.605964822276
597.99351661459	530.576028708501	564.507055368249	757.118004530842	653.503411785375	654.011813892878	691.060614759517
49.1742098831381	39.8766260570226	54.7644962516911	37.8787187318022	40.0104129664515	35.7550976042654	40.2943117599871
676.438089523405	595.146130315479	613.302669194687	642.112738019828	588.101775205598	634.193274077942	616.529306079279
140.205038892995	118.795639132218	134.896742810705	115.918006721419	175.686749243713	156.505170084956	186.196590943208
493.351968797793	435.639626087389	444.383296560044	437.202560783934	517.314121495723	597.416602256412	583.082393703342
174.012308187652	142.654875643323	160.712159299922	126.870889246277	139.267014363995	148.945520877197	165.654392791058
802.007946903562	727.122746261525	769.53816667567	871.210530831452	1040.27073712774	1184.82177718363	1174.85571739413
373.782535837901	363.561373130762	363.355717637242	354.599571742293	392.92277349105	454.39621183935	478.264510824422
231.235867902852	186.369001279055	197.122342093962	345.928539743447	372.404612995433	391.467240055843	425.59220787019
222.015703549763	187.370088125675	209.806217247623	203.541066920287	251.860420083688	237.005218405417	250.720162062142
360.318168846089	314.341269838621	329.929976055828	354.143201637091	448.321806829213	510.378478945458	504.864023816309
1016.26700425152	910.65533480849	928.310439187384	1086.1608503818	1162.35379207666	1344.39166992038	1369.74323832479
433.201372780026	416.452128193842	413.494330009362	660.823912333128	547.834885232952	643.387442033325	674.205477814163
99.6655861024316	100.609228085291	97.8896717741399	162.92412755727	128.238503097601	161.61304117128	163.020777643346
704.830341658312	687.079272396732	658.516953565975	812.79515736554	715.570847284614	900.619829940583	846.707269989271
539.89184600862	481.02222980082	522.127990148956	456.370105202437	542.192391096657	504.044718798416	592.300046720333
299.289461937552	303.162466718034	269.345819439516	253.285408387352	170.557209119809	280.9329097478	254.407223268938
45.9544699503136	39.2092348259427	43.4236196437114	41.0733094682193	30.7772407434242	40.0457093167773	42.4012038781563
954.652890082469	938.685766513845	858.623736872562	852.955726623354	741.731501916524	818.893892559405	807.466404288368
844.742676921051	764.162959586458	782.0728197687	749.359712742401	828.164253004308	877.327937786947	919.921771095652
780.201526449432	757.155351660119	664.933502173121	777.654659264952	491.153466863812	726.339268475221	639.968480893912
542.818882311188	520.231464626763	510.936335601608	403.887543104156	406.003100807005	465.020583698904	489.852417474353
65.5656131775174	64.403253799208	55.3613844942163	24.1876155757291	20.5181604956162	28.3997632399594	26.3361514771157
572.381948967122	553.934721796297	544.958965425547	207.648397867109	199.795587826062	215.143530155951	212.006019390782
631.069026833605	630.684713370483	476.167595474513	312.613522063669	203.64274291899	301.977338623453	260.727899623446
245.724697600562	235.422256763426	177.57425215126	101.770533460143	73.608900778023	92.7589389276372	72.6877780768394
563.893543689676	570.118959149984	469.154158624841	365.552454267152	238.523615761538	373.078904145078	326.831639831006
108.300343195006	102.444553970761	97.2927835316146	55.6771528346973	42.0622290160131	46.1751546203657	43.1912884224698
508.279853940889	487.529294303849	437.668303831635	529.845692140029	358.554854660892	506.905126606757	478.264510824422
502.864836781138	480.187990761971	457.216393774336	422.142347312254	347.526343394499	375.122052579608	425.59220787019
570.040319925068	567.949937648974	532.125868211254	598.757578025597	449.091237847799	542.864539054476	558.326411314853
1272.08997709594	1286.56344571423	1078.87549836438	1202.99159731362	899.977814738964	1270.42969659041	1179.33286314524
959.482499981706	961.043372755021	886.82670633188	1252.27956867549	1044.11789222067	1220.16824510099	1179.06950163047
60.0042442026387	69.4086880323071	56.8536051005294	47.4624909410534	29.4948557124482	43.5190616554774	37.1339735827332
239.870624995427	239.092908534365	211.596881975199	101.770533460143	60.2720964558725	74.1662881734192	66.3671017223316
787.958172651236	786.520565827634	693.28569369307	984.390316921656	722.239249445689	934.740408797225	921.501940184279
130.399467279393	129.140203213956	119.377648505049	60.6972239919241	47.1917691399172	57.2081561668247	46.878349629266
535.501291554768	510.220596160565	458.260948198755	314.439002484479	236.471799711976	315.257803447895	303.655826531144
692.3904373724	678.236338584924	606.289232345016	716.501065167826	590.410068261355	777.417979338457	741.099302566037
217.77150091104	205.723346980372	191.451903789972	122.307188194253	97.2047853479816	108.89981156042	111.4019207482
148.108036909928	155.502156841611	132.956856022498	76.6701776740094	52.3213092638212	62.1117124096954	56.88608719057
469.642974746994	484.19233814845	409.614556432948	484.208681619785	361.119624722845	441.115747014909	415.321108794115
646.289615606958	656.379275767058	549.286405183855	639.374517388614	466.788151275268	690.175541184049	612.05216032817
477.106917318542	474.181469682252	381.113142852368	214.493949445145	143.883600475508	219.22982702501	203.841812432876
806.69120498767	772.004806551646	732.381873578473	755.748894215235	598.360855453406	688.13239274952	716.079958662777
328.706176778358	332.193985270008	259.646385498481	198.977365868262	129.777365134772	148.945520877197	143.005302520738
709.367247927293	685.911337742342	631.80620471297	976.175655028012	632.215820271173	821.754300367746	819.581033967841
829.083032702313	822.225996690407	723.130105819332	1111.71757627314	768.405110560825	1026.68208835105	1000.24703310086
241.626846776967	212.2304114834	235.770855797471	94.4686117769044	116.440560812622	122.997535758673	139.318241313942
282.459003197787	298.657575908244	249.200841254289	122.763558299455	84.6374120444167	129.535610749167	119.566127706105
1025.48716860461	1003.25586812082	907.568572759632	1134.99245163846	889.718734491156	1022.18716179509	1048.44219030398
343.195006476068	337.866810734187	266.212156166258	119.568967563038	71.8135617346566	118.911238889614	99.8140140982686
429.835281032073	422.291801465791	416.478771221988	454.088254676424	417.544566085789	446.836562631592	450.348190258679
105.080603262182	91.265750850173	98.3373379560338	123.219928404658	123.878393992283	159.365577893297	145.63891766845
430.420688292587	415.284193539453	401.407343098226	305.31160038043	350.091113456451	376.756571327231	390.301764890855
263.286915415968	220.739649679669	245.9179559204	192.588184395428	201.077972857038	201.454435644604	238.342170867897
237.528995953372	192.709217974314	216.521209976032	223.621351549194	270.839718542133	288.083929268653	304.445911075458
388.417717350739	363.895068746302	365.594048546711	391.109180158488	461.915088157559	453.987582152445	488.535609900497
502.133077705496	487.195598688309	478.10748226272	513.872738457944	480.637909609809	536.735093750887	524.352775909374
577.650614311744	506.216248774086	513.174666511078	554.946047926163	549.373747270123	571.468617137888	579.395332496546
460.715514024163	434.972234856309	423.641430132291	531.214802455636	559.376350511736	573.511765572418	584.135839762427
490.86398794061	499.375488655517	460.350057047594	488.77238267181	513.979920415185	566.156431208112	563.857003125048
692.975844632913	648.036885378559	630.313984106657	541.711314875292	603.233918571115	647.065109215478	674.205477814163
759.273216886072	706.767313713588	718.504221939761	783.587470632584	834.063224146797	941.278483787719	904.910164753696
171.817030960726	165.679873115579	180.111027181992	131.890960403504	127.725549085211	126.675202940826	144.585471609365
706.147507994468	606.324933436067	635.536756228753	591.455656342358	788.410317044051	819.098207402858	975.754412227138
617.165604396409	524.235812013242	568.0883848234	491.510603303024	603.233918571115	641.957238129154	649.186133910903
412.126711401538	415.617889154993	373.950483942065	564.073450030212	442.679312692919	536.326464063982	521.455799246891
396.613418997929	350.213548509165	348.582733634742	377.418077002415	424.469445253059	492.807402408504	455.352059039331
702.488712616258	638.693408143441	622.554436953829	561.335229398997	752.503536176723	816.850744124876	804.569427625886
546.916733134783	545.258635792258	537.199418272719	539.885834454483	525.008431681579	525.906407047881	543.84152800244
92.3479953460123	83.5907516927544	83.1166877716401	99.0323128289288	93.6141072612488	91.9416795538254	83.4856001824569
226.113554373358	197.214108784103	205.926443671209	289.795016803547	330.598860985615	374.304793205796	387.404788228372
42.734730017489	36.3728220938532	31.9335209751005	74.8446972531996	46.6788151275268	53.3261741412187	52.6723029542315
560.527451941723	471.845600373472	508.101116449613	331.781066482171	341.114418239619	354.281938547407	343.950138291131
169.914457364057	159.84019984363	169.068594695275	131.890960403504	134.906905258676	135.052111522397	139.318241313942
634.874174026943	566.615155186814	575.400265794334	575.482702660273	638.371268419858	682.411577132837	691.85069930383
645.557856531316	592.14286977562	622.106770771935	581.415514027904	815.083925688352	876.306363569683	893.322258103766
236.943588692859	214.89997640772	227.563642462749	202.628326709882	272.891534591695	257.436702750711	293.911450484612
630.483619573092	532.411354593971	571.371270157289	897.679996933193	993.335444994018	943.730261909155	1115.33601505585
399.833158930754	350.880939740245	370.070710365651	371.941635739986	442.679312692919	455.213471213162	500.386878065199
369.099277753792	354.051048087874	342.763073270121	257.392739334174	380.355400187485	375.939311953419	404.259925173726
635.020525842072	572.955371882073	616.287110407314	516.610959089158	625.547418110098	633.171699860678	662.617571164232
147.229926019157	145.658136183183	143.999288509215	82.602989041641	74.3783317966086	87.8553826847665	85.329130785855
384.905273787658	354.885287126724	356.491502848201	261.956440386199	280.585844777551	287.8796144252	350.270814645639
324.461974139634	312.339096145382	294.415125625576	260.130959965389	249.808604034127	221.068660616087	240.975786015609
474.179881015974	417.953758463772	432.296309648907	471.430318674117	456.016117015069	466.042157916168	511.711423200359
696.780991826251	648.203733186329	672.394605204686	639.374517388614	680.946451448262	779.461127772987	765.065200410212
768.493381239161	712.940682601077	715.370558666504	727.453947692684	878.690223224762	1021.57421726473	966.536759210147
443.885055284398	395.262456607056	420.358544798402	443.135372151566	440.371019637162	446.01930325778	498.543347461801
780.055174634303	722.617855451735	719.101110182287	746.165122005984	736.08900778023	793.763166814693	832.485748191628
411.98035958641	388.254848680718	389.917244429615	386.545479106464	370.352796945872	401.887297071944	425.855569384961
668.827795136729	580.463523231722	593.008468948829	644.850958651043	847.400028468948	904.297497122736	1018.94570064961
19.7574950423323	21.1896715867861	18.5035355182825	35.1404981005876	46.935292133722	47.6053585245363	55.5692796167142
333.535786677594	295.988010983925	301.72700659651	327.217365430147	372.661090001629	392.693129116561	444.554236933713
616.287493505638	567.783089841204	549.137183123224	600.126688341204	714.288462253638	786.203517606934	897.272680825333
548.233899470938	525.403746667632	523.918654876532	550.838716979341	685.30656055358	715.714896615668	713.182982000294
373.928887653029	359.723873552053	360.371276424616	395.672881210513	444.987605748676	431.308634529168	460.619289334754
415.639154964619	371.236372288181	395.736904794236	407.994874050978	393.94868151583	377.778145544496	403.996563658955
391.05205002305	357.054308627734	373.204373638908	306.680710696037	332.650677035177	390.037036151673	406.103455777125
144.449241531718	130.641833483886	145.043842933634	120.938077878646	114.901698775451	121.975961541408	118.776043161792
83.8595900685658	81.0880345762049	80.4306906802765	65.2609250439484	73.3524237718278	69.6713616174544	67.1571862666451
566.966931807372	501.878205772067	523.470988694638	547.187756137722	595.796085391454	623.773217061842	679.472708109586
368.36751867815	355.052134934494	348.433511574111	444.048112361971	444.73112874248	528.971129699676	512.764869259443
188.793841515619	167.014655577739	171.157703544113	226.815942285611	225.699765451778	196.959509088639	217.273249686205
451.348997855946	397.932021531376	421.25387716219	550.838716979341	611.441182769362	603.341732716548	719.767019869573
516.914611033463	515.059182585894	489.896025052593	507.939927090312	398.821744633539	525.702092204428	493.80284019592
798.641855155609	697.09014086293	714.773670423979	503.376226038288	847.400028468948	991.335620433691	1139.5652744148
748.296830751443	693.085793476451	683.437037691403	550.382346874139	724.804019507641	747.179382507421	795.878497638437
284.507928609585	249.437472616104	249.648507436183	197.151885447453	267.505517461596	283.793317556141	332.3622316412
88.1037927072891	63.2353191448182	76.4016950432311	61.1535940971265	95.15296929842	98.6840693877726	134.841095562833
368.660222308407	362.226590668603	366.340158849868	299.835159118001	327.777613917468	332.215935454489	314.980371666304
304.997182727559	285.309751286647	285.909468169591	303.942490064823	377.021199106947	405.360649410644	446.661129051883
437.445575418749	389.756478950647	397.378347461181	485.577791935393	428.829554358378	479.935567270969	461.146012364296
733.954352868862	676.401012699454	670.305496355848	474.624909410534	530.137971805483	554.306170287841	571.757848568182
476.814213688285	460.666797252884	439.45896855921	395.21651110531	413.953887999056	477.27947430608	496.699816858403
425.737430208478	386.085827179708	401.108898976963	413.014945208205	492.692328900983	542.45590936757	593.090131264646
674.535515926736	629.183083100553	648.369853443045	855.237577149366	857.915585722951	928.406648650184	928.085978053558
5715.62378802403	5505.47711298566	5288.13138465239	8576.56338706939	6064.91176549794	8020.78780943228	7752.30954880379
136.253539884528	127.638572944026	123.854310323988	126.870889246277	152.603818686145	154.66633649388	168.551369453541
187.183971549207	165.513025307809	178.320362454416	144.669323349172	161.580513902977	172.646042717739	173.818599748964
617.458308026665	572.621676266533	591.068582160622	746.621492111186	781.228960870586	925.750555685295	882.261074483377
631.069026833605	545.425483600028	578.235484946329	724.715727061469	734.037191730668	679.14253963759	797.722028241835
217.917852726168	202.052695209432	208.612440762572	129.15273977229	144.140077481704	124.83636934975	124.306634971986
760.883086852485	702.262422903799	724.920770546908	664.018503069545	714.544939259833	766.180662948545	797.458666727064
190.403711482032	174.689654735157	178.618806575679	198.52099576306	175.943226249909	166.925227101056	150.379424934331
284.507928609585	279.970621438008	277.254588652975	193.044554500631	245.704971935004	259.071221498335	270.208914155207
465.252420293143	434.137995817459	412.300553524312	440.853521625554	444.474651736285	471.558658689398	481.161487486904
184.549638876896	176.858676236167	170.262371180326	156.078575979233	152.34734167995	164.677763823074	166.444477335371
817.813942937427	741.304809921972	772.671829948927	760.312595267259	862.019217822074	848.315230016629	1052.12925151077
953.043020116057	893.803706223724	887.871260756299	909.545619668456	991.540105950651	1070.20115000653	1100.3244087139
876.354668988782	829.400452424516	844.596863173219	741.145050848757	838.423333252116	878.962456534571	933.08984683421
435.982057267465	398.933108377996	426.327427223655	499.268895091466	531.163879830263	584.544767118877	619.162921226991
713.757802381144	695.75535840077	688.958253934762	566.811670661426	617.596630918047	655.646332640502	695.801122025397
61.4677623539226	69.742383647847	64.1654860714636	64.3481848335436	54.1166483071876	58.6383600709953	50.8287723508334
430.859743737972	398.265717146916	397.826013643075	400.692952367739	473.969507448733	546.950835923535	532.780344382051
409.785082359484	379.078219253369	381.41158697363	367.377934687961	423.187060222083	459.095453238768	499.333432006114
721.075393137563	633.187430487032	674.632936114156	641.199997809424	751.477628151942	898.98531119296	900.696380517358
887.47740693854	848.421102510292	839.970979293648	918.216651667303	937.936411655854	1065.91053829402	1030.27024578477
215.576223684114	183.032045123656	202.64355833732	131.890960403504	150.039048624193	157.935373989127	189.093567605691
422.517690275654	396.263543453676	379.770144306686	475.081279515737	455.503163002679	529.788389073487	515.661845921926
596.090943017921	586.636892119211	541.228413909764	640.743627704221	542.705345109048	686.293559158443	667.358078430113
277.922096928807	258.447254235682	274.568591561612	427.618788574683	372.148135989238	400.661408011226	412.950855161175
471.399196528535	466.339622717063	447.069293651407	601.952168762014	490.640512851422	612.944530358836	616.002583049737
414.029284998207	393.260282913817	391.409465035928	634.354446231387	509.106857297476	604.771936620718	616.265944564508
199.62387583512	183.198892931426	194.287122941967	154.709465663626	179.790381342837	171.828783343927	187.513398517064
471.252844713407	454.660276173165	436.922193528478	466.41024751689	406.2595778132	427.018022816656	471.417111440372
430.567040107715	394.761913183747	407.077781402216	374.679856371201	375.225860063581	450.718544657197	462.989542967694
295.77701837447	292.317359212986	276.060812167925	242.332525862494	254.168713139445	248.038219951876	286.537328071019
447.251147032351	391.091261412807	397.229125400549	416.209535944622	480.637909609809	526.110721891334	589.666431572621
214.405409163087	200.717912747273	176.828141848103	220.883130917979	216.979547241141	257.028073063805	263.098153256386
409.053323283842	343.539636198366	373.055151578277	357.337792373508	551.68204032588	586.792230396859	683.423130831153
595.944591202792	549.262983178738	561.970280337516	403.887543104156	465.762243250487	530.401333603846	594.933661868044
731.466372011679	654.710797689358	682.094039145722	658.085691701914	761.993185405945	831.152783166582	928.876062597872
24.1480494961839	28.0304317053548	23.7263076403784	24.1876155757291	41.8057520098179	34.5292085435478	45.2981805406391
670.730368733398	632.520039255952	664.78428011249	676.796866015214	725.573450526227	741.254252047286	808.256488832682
653.899909993634	618.671671211045	579.130817310117	684.098787698453	691.71848570846	681.594317759026	749.526871038714
411.394952325896	356.053221781114	389.618800308352	364.639714056747	447.039421798237	501.388625833528	491.169225048208
511.79229750397	456.328754250865	481.688811717871	434.46434015272	465.249289238097	491.172883660881	485.638633238014
378.173090291752	347.877679200385	362.161941152191	309.418931327252	340.601464227228	442.54595091908	440.340452697375
234.309256020548	194.044000436474	219.804095309921	155.622205874031	165.17119198971	151.601613842085	161.967331584262
791.470616214318	745.309157308451	757.00351358264	736.581349796733	778.407713802438	1006.0462891623	834.329278795026
866.256393744923	817.220562457308	832.360654201452	846.56654515052	858.941493747732	912.674405704307	923.082109272906
685.511902061365	669.893948196425	662.993615384914	722.89024664066	778.151236796243	908.792423678701	831.959025162086
503.011188596267	472.012448181242	460.946945290119	637.549036967804	662.480107002207	697.12224586145	669.991693577824
620.531696144361	587.304283350291	568.685273065925	594.650247078775	678.638158392505	782.321535581328	710.02264382304
923.626305275251	863.604253017359	864.592619297815	1056.95316364884	1093.10500040395	1128.43088039062	1195.13455403151
147.961685094799	143.822810297713	145.640731176159	83.5157292520459	92.0752452240775	86.01654909369	81.1153465495164
13.3180151766832	17.3521720080768	14.4745398812371	15.0602134716804	15.3886203717121	12.8718351375356	16.3284139158118
251.725122020826	227.246714182698	245.619511799138	201.715586499477	242.627247860661	257.436702750711	263.624876285928
450.178183334919	386.085827179708	404.839450492746	320.371813852111	326.751705892687	345.292085435478	352.904429793351
756.931587844018	650.205906879569	659.859952111656	444.048112361971	743.526840959891	827.066486297523	938.883800159176
483.839100814448	446.818429207977	442.592631832468	300.291529223203	415.749227042423	414.14618767912	478.264510824422
432.762317334641	397.598325915836	412.002109403049	342.73394900703	389.845049416707	381.251497883196	397.675887304447
739.51572184374	699.09231455617	684.332370055191	423.055087522659	529.112063780702	616.622197540989	616.529306079279
350.805300862744	312.005400529842	336.346524662975	315.351742694884	341.883849258204	339.571269818795	345.266945864987
410.224137804869	384.917892525318	375.741148669641	351.861351111079	403.181853738858	395.349222081449	430.859438165613
430.567040107715	396.263543453676	412.449775584943	345.472169638245	419.852859141546	442.750265762533	438.233560579206
175.329474523808	159.84019984363	154.295610692775	109.072455143382	100.282509422324	97.4581803270549	96.6536759210147
376.124164879955	344.040179621676	361.863497030929	400.692952367739	454.220777971703	440.707117328003	422.695231207707
391.05205002305	359.890721359823	345.150626240222	345.928539743447	334.702493084739	306.880894866324	323.671301653752
165.962958355591	148.661396723042	155.787831299088	140.105622297148	155.168588748097	162.838930231997	157.490185833152
417.834432191545	392.759739490507	384.396028186257	428.531528785088	435.241479513258	516.507924249046	480.634764457362
150.010610506597	139.818462911234	146.536063539947	102.226903565346	98.7436473851528	81.7259373811781	81.9054310938299
139.473279817353	125.636399250787	140.417959054063	121.850818089051	180.303335355227	164.882078666527	159.860439466092
452.080756931588	413.782563269523	421.999987465347	559.053378872985	587.845298199403	607.019399898701	627.063766670125
814.447851189474	766.165133279697	744.618082550241	917.303911456898	805.081322446739	882.640123716724	882.524435998148
783.860321827642	707.935248367978	727.45754557764	948.337078610663	977.17739360372	907.157904931077	931.509677745583
332.657675786824	318.178769417331	312.321772901333	302.573379749216	437.29329556282	431.308634529168	493.539478681149
543.696993201958	506.549944389626	531.379757908098	570.919001608248	522.187184613431	511.604368006175	532.253621352509
940.895819460401	863.103709594049	892.795588757132	978.001135448822	1135.68018343235	1191.35985217412	1228.84482792222
481.79017540265	410.779302729664	463.632942381483	306.680710696037	404.720715776029	412.511668931497	398.729333363532
913.381678216264	857.76457974541	870.412279662436	1019.07444491704	1030.52461089232	1123.52732414775	1105.85500052409
335.877415719648	317.845073801791	315.903102356485	219.970390707574	293.922649099702	309.741302674665	296.545065632323
486.473433486759	441.812994974878	461.543833532644	371.485265634783	411.902071949495	451.331489187556	493.276117166378
494.52278331882	461.834731907274	463.632942381483	344.103059322637	362.145532747625	382.068757257008	359.225106147859
568.430449958656	531.910811170661	525.112431361583	529.845692140029	581.689850050718	600.277010064753	610.471991239543
201.965504877174	187.370088125675	196.077787669542	132.803700613909	134.906905258676	141.794501356344	139.318241313942
694.14665915394	652.041232765039	618.525441316783	653.978360755092	738.653777842182	812.355817568911	836.962893942738
139.180576187096	112.455422436959	138.92573844775	108.159714932977	135.932813283457	134.439166992038	165.917754305829
852.499323122855	796.197738678292	788.489368375846	995.343199446514	1082.84592015614	1154.37886550914	1121.92005292513
528.769108058863	458.998319175185	478.853592565876	543.536795296102	596.05256239765	668.72248262149	659.457232986978
186.159508843308	176.191285005087	179.215694818204	183.46078229138	200.565018844648	231.284402788734	228.597794821365
321.534937837067	300.659749601484	298.29489920199	378.787187318022	439.601588618576	450.514229813745	478.791233853964
353.732337165312	324.51898611259	332.914417268454	360.076013004723	465.762243250487	472.988862593569	482.47829506076
191.720877818187	171.352698579758	169.217816755906	237.312454705267	270.070287523548	255.597869159635	303.129103501602
410.516841435126	371.403220095951	399.61667837065	403.887543104156	451.399530903556	467.472361820339	500.386878065199
503.157540411395	431.63527870091	463.185276199589	354.143201637091	480.637909609809	470.741399315586	543.578166487669
393.100975434848	357.888547666583	362.311163212823	382.894518264844	412.67150296808	421.705836886879	454.561974495017
41.8566191267187	43.8809734435018	43.8712858256054	22.3621351549194	23.8523615761538	21.4530585625593	25.5460669328023
405.687231535889	358.555938897663	358.282167575777	331.781066482171	413.184456980471	421.09289235652	423.485315752021
568.137746328399	527.572768168642	531.528979968729	428.075158679886	593.487792335698	673.013094334002	705.808859586701
367.050352341995	319.346704071721	349.030399816636	204.910177235894	250.834512058908	249.877053542952	284.957158982392
51.808542555449	53.8918419097	47.1541711594942	44.2679002046364	43.6010910531844	47.6053585245363	43.9813729667833
178.256510826376	159.50650422809	180.707915424517	126.414519141075	160.298128872001	187.152396602898	185.143144884124
906.649494720358	851.924906473461	812.663342198119	787.694801579406	890.231688503546	1021.77853210818	1029.48016124045
90.2990699342149	87.4282512714637	89.5332363787865	41.0733094682193	41.5492750036227	40.6586538471361	42.6645653929275
841.083881542841	792.193391291813	800.576355286982	1005.38334176097	919.213590203604	1017.48792039567	1056.07967423234
456.324959570311	444.983103322507	423.790652192923	533.040282876446	504.746748192158	530.605648447299	546.475143150151
583.211983286623	554.268417411837	553.912289063426	705.091812537765	681.202928454457	743.297400481815	766.90873101361
301.777442794734	284.642360055567	279.642141623076	234.11786396885	243.140201873052	233.123236379811	244.662847222405
506.523632159348	453.659189326546	466.468161533478	378.787187318022	568.353045728568	635.41916313866	725.560973194538
663.559129792107	589.4733048513	603.752457314283	678.165976330821	723.26515747047	841.981469869588	860.928791786913
479.887601805981	448.987450708986	447.815403954564	416.665906049825	414.210365005251	415.576391583291	470.363665381287
174.597715448166	156.169548072691	164.741154936967	187.111743132999	171.58311714459	107.265292812796	105.344605908463
681.560403052899	636.691234450201	655.830956474611	679.535086646428	779.690098833414	796.827889466487	889.108473867427
895.673108585729	808.21078083773	839.672535172386	848.848395676532	878.690223224762	970.699821244943	1049.49563636306
1158.08191311093	1114.87705151893	1031.87054926551	936.927825980603	909.980417980577	958.849560324673	1047.38874424489
660.339389859283	592.14286977562	628.970985560975	657.629321596711	794.052811180346	779.665442616439	883.314520542462
684.341087540338	600.818955779658	619.868439862465	564.529820135414	774.304081703315	859.756861249994	915.444625344543
444.031407099527	404.772781649945	433.191642012695	474.168539305332	453.964300965508	492.807402408504	470.363665381287
408.3215642082	384.083653486469	405.884004917165	541.711314875292	630.676958234002	624.386161592201	602.044422766866
138.156113481197	120.297269402148	129.375526567346	111.354305669395	96.9483083417864	55.1650077322953	70.317524443899
406.858046056916	353.717352472334	359.923610242722	376.961706897213	583.998143106475	586.383600709953	667.884801459655
735.417871020145	704.931987828119	699.851464360848	822.835299679993	790.205656087418	886.113476055424	884.367966601546
458.081181351852	413.615715461753	443.487964196256	470.06120835851	545.78306918339	552.263021853311	586.242731880596
506.816335789605	484.19233814845	464.826718866533	658.085691701914	607.850504682629	714.48900755495	644.972349674564
704.976693473441	620.006453673205	620.017661923096	488.77238267181	561.428166561297	638.483885790454	749.263509523943
411.102248695639	389.589631142877	390.961798854034	481.926831093773	502.438455136401	542.251594524117	587.822900969223
81.8106646567684	71.4108617255467	75.357140618812	66.1736652543533	58.9897114248965	50.8743960197834	55.5692796167142
443.592351654141	399.433651801306	419.612434495246	470.973948568915	548.347839245342	560.844245278335	577.551801893148
738.344907322713	706.433618098048	695.52402460254	659.911172122723	781.228960870586	934.331779110319	846.707269989271
191.135470557674	176.524980620627	179.663361000098	158.360426505246	229.546920544706	226.176531702411	274.949421421088
29.5630666559342	25.8614102043452	25.5169723679541	38.3350888370047	35.1373498487427	47.6053585245363	38.7141426713601
757.956050549917	690.082532936592	688.510587752868	773.54732831813	828.933684022893	880.188345595289	893.322258103766
178.695566271761	174.856502542927	169.516260877169	161.555017241663	156.450973779073	182.861784890386	193.043990327258
224.357332591817	205.055955749292	217.565764400451	230.923273232433	235.189414681	236.392273875058	259.674453564361
410.663193250254	367.065177093932	380.516254609843	428.98789889029	540.140575047096	544.294742958646	578.341886437461
253.334991987238	216.73530229319	220.251761491815	186.199002922594	238.780092767733	238.435422309587	238.078809353126
207.526873852053	180.195632391566	191.153459668709	94.4686117769044	133.880997233895	144.859224008138	150.642786449102
676.584441338534	669.059709157575	645.683856351682	574.569962449868	570.148384771934	609.06254833323	586.242731880596
726.783113927571	661.217862192387	663.292059506176	838.351883256876	848.682413499924	855.670564380935	876.20375964364
382.124589300219	355.719526165574	372.010597153858	389.283699737678	454.477254977898	462.773120420921	519.348907128722
327.681714072459	301.994532063644	302.920783081561	299.835159118001	356.759515617526	423.953300164862	387.141426713601
486.912488932144	460.666797252884	449.904512803402	436.289820573529	432.933186457501	479.32262274061	453.245166921162
274.409653365726	242.096169074225	255.169723679541	247.352597019721	263.914839374863	269.695593357888	242.555955104236
214.405409163087	185.701610047975	186.67679784977	112.723415985002	153.116772698536	116.050831081273	160.650524010406
214.698112793344	188.871718395605	186.229131667876	184.373522501784	285.202430889065	327.516694055071	361.85872129557
659.168575338256	599.651021125268	621.957548711303	666.75672370076	697.104502838559	765.772033261639	756.637631937535
402.613843418193	362.727134091912	379.322478124792	309.875301432454	403.181853738858	388.606832247502	360.015190692172
28.0995485046503	26.862497050965	24.1739738222723	50.6570816774705	57.4508493877253	45.5622100900068	60.0464253678239
456.910366830825	408.777129036424	412.449775584943	376.048966686808	538.088758997534	562.274449182506	580.448778555631
575.162633454562	529.074398438572	523.470988694638	548.556866453329	573.482585852472	587.200860083765	604.151314885035
311.143958962951	270.12660077958	289.490797624743	392.934660579298	453.194869946922	538.165297655058	482.741656575531
678.340663120074	644.69992922316	620.316106044359	711.937364115801	694.796209782802	698.348134922167	700.80499080605
1059.44078971439	983.400978996197	988.446929621803	987.584907658073	918.444159185019	1068.5666312589	1041.59479091993
455.300496864412	454.827123980935	443.189520074993	425.793308153873	425.49535327784	484.839123513839	514.608399862841
252.456881096468	242.429864689765	237.263076403784	204.910177235894	253.655759127055	222.294549676805	235.971917234957
325.925492290918	282.473338554557	306.20366841545	224.990461864801	322.904550799759	348.561122930725	403.469840629413
146.790870573772	131.976615946045	140.119514932801	102.683273670548	100.282509422324	106.652348282437	108.504944085717
405.101824275376	362.560286284142	373.055151578277	304.398860170025	460.376226120388	447.245192318497	499.596793520885
455.446848679541	437.308104165089	416.329549161357	726.084837377077	625.803895116293	664.840500595884	630.48746636215
600.188793841516	564.612981493575	553.016956699638	774.460068528535	765.327386486483	855.466249537482	802.199173992945
789.128987172263	753.65154769695	752.228407642438	741.60142095396	795.335196211322	775.374830903928	846.443908474499
212.35648375129	177.526067467247	193.988678820704	189.393593659011	225.699765451778	231.897347319093	242.819316619007
411.394952325896	387.754305257408	392.006353278453	456.370105202437	470.635306368196	534.691945316358	591.246600661248
250.261603869542	219.571715025279	226.966754220224	181.178931765367	211.080576098651	218.003937964293	228.861156336136
68.0535940347	67.2396665312975	69.5374802541908	80.3211385156289	101.05194044091	131.78307402715	119.039404676563
402.613843418193	379.745610484449	390.066466490246	481.014090883368	478.842570566442	484.430493826933	510.921338656045
184.110583431511	175.023350350697	172.053035907901	150.602134716804	129.777365134772	146.698057599215	149.852701904788
429.835281032073	372.070611327031	390.51413267214	377.418077002415	439.345111612381	463.794694638186	513.818315318528
408.028860577943	359.390177936513	369.026155941232	339.08298816541	433.702617476087	483.204604766216	490.905863533437
344.512172812223	290.148337711976	303.666893384717	257.392739334174	387.280279354755	399.435518950508	444.817598448485
527.890997168092	468.008100794763	517.502106269386	427.618788574683	547.065454214366	524.680517987164	623.6400669781
671.315775993912	642.69775552992	628.970985560975	797.734943893859	706.850629073977	757.599439523521	791.92807491687
690.926919221116	670.895035043045	647.77296520052	831.962701784042	767.63567954224	844.22893314757	837.48961697228
469.057567486481	408.610281228654	440.503522983629	438.571671099542	503.464363161182	579.2325811891	557.799688285311
169.475401918672	133.144550600435	142.059401721008	159.729536820853	185.689352485326	154.66633649388	182.246168221641
37.0270092274819	36.8733655171631	33.5749636420449	41.9860496786242	72.5829927532422	59.65993428826	53.4623874985449
309.826792626796	276.633665282608	276.65770041045	352.317721216281	437.29329556282	504.249033641869	515.661845921926
15.2205887733523	17.0184763925368	16.5636487300755	25.5567258913365	18.979298458445	20.6357991887475	18.435306033981
420.761468494113	389.756478950647	381.262364912999	472.343058884522	439.345111612381	448.675396222668	464.833073571093
670.58401691827	599.150477701958	624.195879620773	627.50889465335	751.477628151942	805.613427734964	834.592640309797
661.949259825695	654.043406458278	502.132234024361	771.265477792118	528.342632762116	740.84562236038	708.705836249184
463.935253956987	416.618976001612	431.400977285119	505.6580765643	573.995539864862	563.29602339977	568.597510390929
565.503413656088	523.902116397702	542.571412455446	549.925976768936	547.834885232952	586.792230396859	621.533174859931
86.0548672954916	78.5853174596554	75.6555847400746	81.6902488312362	72.5829927532422	62.5203420966013	66.893824751874
88.2501445224174	87.9287946947736	81.7736892259583	58.8717435711143	52.064832257626	60.8858233489777	56.88608719057
665.900758834161	633.687973910342	617.03322071047	664.474873174748	673.765095274796	779.665442616439	765.065200410212
200.794690356147	174.189111311848	186.079909607245	142.38747282316	199.282633813672	223.724753580975	217.536611200976
829.961143593083	781.348283786765	771.627275524508	811.426047049932	779.433621827219	813.786021473081	934.143292893295
553.648916630689	498.040706193357	503.475232570043	658.542061807116	818.161649762695	862.208639371429	937.830354100091
386.222440123814	335.864637040947	367.086269153025	462.302916570068	547.834885232952	637.257996729737	626.537043640583
584.675501437907	531.743963362891	557.344396457946	486.034162040595	672.226233237625	703.047376321585	755.320824363679
619.068177993078	514.725486970354	568.983717187188	424.424197838266	582.715758075499	651.764350614896	771.122515249948
770.103251205573	689.581989513282	701.642129088423	606.972239919241	722.239249445689	809.086780073664	910.704118078662
346.853801854277	308.835292182212	321.573540660475	365.552454267152	437.549772569015	478.709678210251	498.806708976572
500.376855923956	463.670057792744	478.555148444614	376.50533679201	380.868354199875	408.016742375532	438.233560579206
441.982481687729	364.896155592922	395.736904794236	376.961706897213	410.106732906128	424.157615008315	447.187852081425
830.546550853597	716.444486564247	748.050189944761	885.81437419793	1027.70336382417	1129.04382492098	1116.38946111494
642.630820228748	579.796132000642	598.380463131556	530.758432350434	620.674354992389	669.539741995302	686.846830523178
420.761468494113	374.57332844358	383.6499178831	373.310746055593	557.324534462174	613.966104576101	674.468839328934
383.880811081759	371.736915711491	360.072832303353	456.370105202437	477.303708529271	515.690664875234	543.84152800244
154.840220405834	143.655962489943	153.847944510881	102.226903565346	124.391348004673	118.093979515802	115.879066499309
668.096036061087	597.481999624259	625.091211984561	664.93124327995	768.14863355463	831.357098010035	866.98610662665
403.052898863578	391.758652643887	381.560809034262	440.397151520351	417.031612073399	443.363210292891	440.603814212146
311.290310778079	294.820076329535	294.116681504314	176.158860608141	218.261932272117	215.347844999404	233.865025116788
476.667861873157	445.650494553587	464.677496805902	602.408538867216	625.034464097707	716.123526302574	691.060614759517
22.3918277146432	24.8603233577254	25.8154164892168	26.0130959965389	25.391223613325	25.7436702750711	23.1758132998618
556.283249302999	518.229290933524	532.573534393148	595.106617183977	598.104378447211	727.156527849032	685.266661434551
320.949530576553	287.979316210966	295.310457989364	239.137935126077	251.090989065103	258.04964728107	270.998998699521
669.120498766986	582.132001309422	610.765894163955	903.156438195622	1034.11528897905	1045.47905394872	1213.04313703595
400.418566191267	397.097782492526	371.11526479007	457.282845412842	290.588448019164	425.179189225579	402.943117599871
437.591927233878	414.616802308373	417.672547707039	425.336938048671	413.953887999056	472.784547750116	465.886519630177
62.1995214295645	55.5603199873997	60.7333786769435	68.9118858855679	64.1192515488005	61.4987678793366	53.4623874985449
215.868927314371	200.384217131733	199.360673003431	127.783629456682	155.425065754292	161.000096640921	177.242299440989
433.933131855668	402.937455764475	414.688106494413	530.302062245231	484.228587696542	441.115747014909	464.569712056321
453.836978713129	395.429304414826	400.810454855701	491.966973408227	530.137971805483	532.648796881829	588.876347028308
790.592505323547	731.460789263544	686.123034782767	628.421634863755	637.088883388882	785.590573076575	726.351057738852
11550.817009008	10810.4031610318	10689.9699795058	11043.7001757938	10424.507916804	11956.0960091795	12935.2641595002
8310.44147025033	8047.40346436114	7685.98067693693	10211.7374740097	7795.10564929078	10447.026575436	10000.6268004052
463.64255032673	444.148864283657	432.147087588276	434.920710257922	404.464238769834	403.317500976114	438.496922093977
403.345602493835	377.57658898344	389.171134126459	477.819500146951	509.619811309867	604.363306933812	585.716008851054
80.6398501357413	79.0858608829653	65.5084846171454	78.0392879896167	110.541589670132	143.224705260515	150.11606341956
350.366245417359	306.332575065663	328.736199570778	303.48611995962	424.725922259255	471.762973532851	459.829204790441
623.019677001544	560.274938491556	594.649911615773	858.888537990986	949.477876934638	1132.72149210313	1051.60252848123
445.202221620554	403.938542611095	421.850765404716	412.558575103003	413.184456980471	508.539645354381	467.730050233575
601.505960177671	514.725486970354	548.241850759436	522.087400351588	669.404986169477	712.854488807326	796.40522066798
243.236716743379	218.070084755349	229.503529250956	202.628326709882	240.5754318111	251.920201977482	249.666716003057
732.490834717578	644.53308141539	656.87551089903	483.752311514583	631.702866258783	669.539741995302	684.213215375467
490.278580680097	453.325493711006	437.369859710372	400.236582262537	416.518658061008	453.578952465539	401.626310026015
160.547941195841	154.667917802761	152.952612147094	79.8647684104264	54.629602319578	70.897250678172	74.2679471654664
770.39595483583	748.646113463851	762.077063644104	669.038574226772	741.218547904134	742.684455951456	762.4315852625
434.66489093131	397.097782492526	404.839450492746	356.425052163103	435.497956519453	512.62594222344	464.042989026779
432.762317334641	431.63527870091	423.641430132291	602.864908972419	476.27780050449	590.265582735559	532.780344382051
427.493651990019	383.583110063159	401.108898976963	434.46434015272	483.715633684151	483.613234453122	500.123516550428
608.384495488705	568.116785456744	556.299842033527	487.859642461405	554.759764400222	607.836659272512	632.59435848032
846.206195072334	734.797745418943	761.778619522842	772.178218002523	975.382054560353	1167.65933033358	1171.16865618734
506.37728034422	462.168427522814	476.764483717038	462.759286675271	581.689850050718	629.085402991619	657.086979354037
46.3935253956987	50.2211901387606	43.1251755224488	99.0323128289288	91.3058142054919	112.577478742573	96.1269528914724
409.638730544356	401.769521110085	389.768022368984	384.263628580452	392.666296484854	453.987582152445	403.733202144184
357.830187988907	323.85159488151	340.524742360651	369.659785213974	402.925376732662	446.01930325778	446.397767537112
297.972295601396	289.480946480896	291.579906473581	279.754874489094	343.16623428918	323.634712029465	306.816164708398
540.916308714519	507.384183428476	497.357128084159	420.316866891444	446.269990779652	492.807402408504	510.394615626503
223.479221701047	216.06791106211	218.908762946133	158.360426505246	213.388869154408	180.818636455857	204.631896977189
102.153566959614	100.275532469751	95.6513408646702	84.4284694624508	67.9664066417286	78.0482701990251	74.2679471654664
215.576223684114	213.23149833002	212.641436399618	92.6431313560946	84.8938890506119	103.996255317549	96.1269528914724
517.939073739362	486.361359649459	484.374808809235	507.027186879907	462.171565163754	501.592940676981	507.234277449249
687.560827473163	626.847213791773	626.434210530243	725.628467271874	774.56055870951	826.249226923711	818.000864879215
95.27503164858	80.587491152895	87.2949054693168	76.2138075688069	106.694434577204	87.8553826847665	111.928643777742
446.958443402094	411.613541768513	413.345107948731	464.58476709608	511.415150353233	485.860697731104	529.620006204797
555.844193857614	485.0265771873	497.655572205421	478.275870252154	571.687246809105	671.991520116737	655.243448750639
417.834432191545	368.566807363861	365.743270607343	411.189464787395	444.21817473009	543.886113271741	499.333432006114
212.649187381547	175.357045966237	192.198014093128	173.420639976926	189.536507578254	208.196825478551	210.425850302155
664.729944313134	642.03036429884	606.886120587541	720.152026009445	665.301354070354	688.13239274952	706.072221101473
423.688504796681	408.777129036424	390.51413267214	580.959143922702	470.635306368196	527.745240638958	517.242015010553
551.892694849148	528.073311591952	522.127990148956	472.343058884522	551.169086313489	620.912809253501	659.720594501749
266.360303533665	246.934755499554	260.989384044163	292.076867329559	335.215447097129	331.807305767583	297.861873206179
631.069026833605	576.459175845243	587.039586523577	665.843983490355	687.101899596946	800.709871492093	801.935812478174
852.792026753112	795.363499639442	781.028265344281	706.00455274817	757.633076300627	826.044912080258	866.459383597107
384.466218342273	330.358659384538	343.061517391384	267.432881648628	356.246561605136	385.746424439161	396.095718215821
176.207585414578	157.671178342621	156.981607784139	69.8246260959728	64.3757285549957	62.7246569400542	72.9511395916106
234.748311465933	216.40160667765	213.9844349453	188.937223553809	211.080576098651	224.542012954787	243.082678133778
181.329898944072	168.349438039899	180.111027181992	112.723415985002	137.728152326824	135.460741209303	141.688494946883
221.576648104378	206.390738211452	215.476655551613	104.052383986156	111.311020688718	103.996255317549	109.031667115259
572.235597151994	518.896682164603	519.441993057593	669.038574226772	702.490519968659	759.233958271145	759.534608600018
450.617238780304	403.437999187785	431.848643467013	446.329962887983	485.510972727518	496.485069590657	510.657977141274
602.237719253313	501.377662348757	559.582727367415	454.088254676424	628.881619190635	632.354440486866	698.69809868788
715.95307960807	668.559165734266	691.495028965494	700.071741380538	699.412795894316	716.123526302574	752.160486186425
642.48446841362	589.64015265907	605.543122041859	512.959998247539	658.889428915474	675.056242768531	725.034250164996
