LL20_1	LL20_2	LL20_3	LDZT8_1	LDZT8_2	LDZT16_1	LDZT16_2
9.07675676335838	9.09639571678501	9.11150153874651	8.7496144618789	8.82092042112891	8.81570568977222	8.78399298562556
8.96770384273621	8.8966323581199	8.99740702510507	8.61584298850394	8.79671212736582	8.81110344460212	8.8942849757671
9.60191949922666	9.63194555513324	9.62718858327776	9.45445895205124	9.48707184521896	9.35479918222154	9.33458652833913
9.89828761772343	9.92573062673438	9.90118665677371	10.1792262302206	10.0160117017918	9.93688474585137	9.94244191355936
9.2428328882234	9.21159638700313	9.25909537150445	9.23868344467117	9.40243947093383	9.34607672578596	9.44993721163599
9.01085955087074	9.05280771925125	9.00913771336685	9.16177559677006	8.84787421854241	8.8885049779837	8.86050207652918
9.0544294407115	9.03643818437981	9.05241074971781	9.04011825359128	9.06003211157853	9.08095802285998	9.06774190944374
7.8661140735783	7.77196130195842	7.84453864040843	7.67682679709408	7.87656368975236	7.5964214141008	7.74256110919511
9.78281651633547	9.75428707829179	9.78862618765307	9.71515868205821	9.88244843201085	9.83826941029654	9.88714108704927
7.80699548276744	7.86412150304307	7.89092709851519	7.72697098318865	7.65747669721033	7.62423484801484	7.62353615080378
9.60220457084505	9.66593022844961	9.57983348156732	9.57069096521363	9.40617786318001	9.53967526700145	9.42565379597105
8.04536568781514	8.18133823365676	8.08608911283114	8.21791868538416	8.05860365406075	8.03177157513453	8.05724761961079
7.04730674229963	7.05324096650488	7.03204193547893	7.35838757738845	7.34888238829467	7.42629797182401	7.40659640710734
8.53550120085164	8.58884524645795	8.53676185409268	8.31728174669119	8.22507175632738	8.23441815818732	8.21741814923473
8.97344492503596	8.89265921491263	8.95048027963943	8.98897771522492	9.05187318119656	8.90263417327695	9.01466777770559
8.40498525026222	8.44122316056621	8.43119930692763	8.50525269176137	8.38733107204501	8.27257989765992	8.35673137085373
9.03724339884731	9.03386358290241	9.03874071143411	9.11985202539031	9.20381530702324	9.0928563589444	9.06477808626112
9.35703485909461	9.34883959258413	9.39154793750989	9.77596880484926	9.63367437248147	9.54903374220579	9.58018017768084
9.6093131155858	9.69490174906545	9.63053404628313	9.63950557359589	9.48454823347402	9.57063695703959	9.45854400780247
8.50837999139135	8.56193490789843	8.53156560207787	8.12622803011421	8.31417744941301	8.29335264993848	8.35673137085373
8.60542656015563	8.62213514146619	8.6897932642321	8.63697898255883	8.70430206215781	8.65614032422477	8.65119206700766
9.17584608252768	9.19140749231552	9.18491140301844	9.52418161514223	9.56175571336118	9.58452439707479	9.37438965055432
9.53510823941323	9.51127479301506	9.57194580355094	9.89917501437045	9.73524663578019	9.73697194771894	9.56850965224367
9.26928305177821	9.24269808409118	9.28518788121527	9.1236005613687	9.13853788598307	9.12334047017407	9.1314514421977
8.68078266986335	8.60072346458367	8.70372048930622	8.54865337856205	8.62586059103336	8.48250672819901	8.60215551489087
8.54739332974404	8.51692153756589	8.58834597582539	8.73007664495563	9.02085953906512	8.95206980153474	8.94416608565589
8.99140320140441	9.04413453561271	9.0410280651256	9.20251522594416	8.97485120200583	9.02938971494716	9.02018632525663
9.2934928028649	9.25424580338226	9.34417212203868	9.51944713993971	9.74075570949662	9.65620031722213	9.72988405975073
9.3318153507316	9.34261173511799	9.33860420603811	8.95291218700983	9.00615513983062	8.92303876641153	9.01220829770221
8.73534409871766	8.75187152521756	8.7458354260171	8.75123073249812	8.92136835848037	9.04417250004978	9.12747995237291
9.54106817697081	9.4542659982587	9.51450318748474	9.19778161091059	9.32160875980006	9.31227911088725	9.38298185697496
6.80730819633853	6.82687129833179	6.82463802281936	7.14874029673475	7.2042340482349	7.28243269497937	7.38204226508639
10.0980736571497	10.0402186424061	10.0915278406553	9.92087979644192	10.0075992456296	10.1390759922943	10.0800234659206
9.37082033600496	9.33133339085775	9.39083073792535	9.23522265671007	9.34794837467269	9.1685666738318	9.24682657938571
9.35635901545966	9.24358965918491	9.31687044518954	9.14096608893088	9.35293772969364	9.3603225041484	9.32718514615753
9.36310324670913	9.28011237155542	9.28595955455849	9.16904904808644	9.65761898716117	9.47277322413439	9.54019443825798
6.70908825755363	6.77354732794537	6.75945809961609	7.10895403169794	7.12608076359779	7.19151749134289	7.25674379088897
7.60218986284603	7.62370017203914	7.570807193609	7.62487678028472	7.78272462841192	7.7521890396314	7.73064215456115
9.53779325860275	9.58909641303999	9.52205549170048	9.27957801553422	9.16525647143779	9.14635916436404	9.14442417772042
8.31323974288197	8.2966519454305	8.33007496813025	8.30852627306128	8.2901012893048	8.27341657586681	8.35963643474236
9.97227292162506	9.92850542322012	9.94337275464294	9.8859936564606	10.0037270814592	10.024971640575	10.0328776600327
9.2395380729945	9.21796132742385	9.22529899488372	8.76089051449115	8.99201022354448	8.96144538119983	8.99175599426771
9.77777768692476	9.7898172691424	9.69412098751971	9.8726907541196	9.80850625030441	9.72936969640631	9.67690849035479
9.39537283091369	9.40968273362181	9.35561149945043	9.37386942631038	9.27505493944865	9.1837775050591	9.10399622470506
9.85061285146609	9.89881747124364	9.82836693509766	9.72423949586894	9.5674903838851	9.54002296192332	9.50826118481136
9.81858570021522	9.81222600471481	9.79107436905392	9.92159769538906	9.95861562707145	9.90835157186646	9.89683970661995
6.91587334306126	6.97380081434071	6.9623087493507	7.28441098412968	7.34666078631372	7.3773267807067	7.46531463170429
7.34990514221553	7.2856858543117	7.33763782392589	7.52259478079564	7.56686185111232	7.46928645874367	7.6427437253164
7.42530954284348	7.36975495782681	7.40453993001027	7.56364602358199	7.69986550845797	7.61105720841094	7.72614703696271
9.7630647651134	9.67554207947277	9.72745211622378	9.88009639394034	9.98920221128222	9.96071498284859	9.920640865126
7.70025652377286	7.76700904479596	7.75819722892929	7.60713591953762	7.53404533356103	7.59775809325521	7.55252972209213
9.23513324820415	9.20153725448084	9.14506276321403	9.04671430209748	9.06747081230925	9.03926171624527	9.09821002731666
9.17354593771616	9.13630705448554	9.22851379539518	9.01073192878774	9.40297412042469	9.45886519841313	9.48361675066025
8.62856149091576	8.64728186813616	8.69386927844194	8.20382304277155	8.34677845244632	8.29911582061988	8.33130605355061
8.10612607740875	8.07916015824777	8.19527259320758	8.0041145756125	7.94571368599521	7.90900826633473	7.82894634698215
9.3671347039231	9.31318755147547	9.3662313548759	9.15079619860726	9.38630715269143	9.21067192101163	9.26708188120206
7.26890544710689	7.31821182559733	7.27060402323337	7.43681255284834	7.48236550925462	7.48092335328608	7.53721510541618
9.56202929910006	9.51090456590876	9.51779165694129	9.62723550437707	9.54004536389767	9.53305309222896	9.46170203402565
8.32572278444039	8.2819725925641	8.31654350077371	7.89137032986477	7.83278991543503	7.83045606682571	7.81772282696171
9.5884571934486	9.57074164375944	9.59952124436712	9.73408108209608	9.73099452527425	9.74121177519527	9.71936803733307
8.45760868152323	8.47729656110534	8.44784489927183	8.38339300879501	8.36225704459757	8.26670952441154	8.20347213944418
8.97564696456154	9.0157115648745	9.04468030453751	9.02816883282414	8.78609438375146	8.80590830915072	8.84814394165069
9.78256499240043	9.84637398843948	9.75111662042217	9.42741903464296	9.37436107186154	9.3300813309835	9.35753465669904
9.95496654028242	9.87341013720279	9.90244519412495	9.73326350928032	9.81896091637419	9.68792442689777	9.8497488756832
9.05401269557102	9.12134813184225	9.11411107222117	9.37071853567479	9.14558357867628	9.16766690505668	9.03116049318102
9.40977595224997	9.3480107632799	9.37314704316244	9.22595309523039	9.66164587196547	9.71373576648467	9.71180938374552
8.95526028828433	8.88353644531481	8.93334380543314	8.65953219265313	8.7453562296778	8.7618721891089	8.73561379699704
10.2996025066986	10.3367153952425	10.3157119852236	10.3967125753833	10.2907709675403	10.327502917966	10.1844760027024
9.73474197417789	9.76395125317702	9.77357412888676	9.92159769538906	9.85925903453408	9.99865036455457	9.83242666335886
9.85348946110938	9.82776701457002	9.83997369449352	9.57252051111627	9.84595100743513	10.0277015211569	9.9853934012493
6.72383521329598	6.74864191069834	6.72800278661458	7.1289843117667	7.13125270021218	7.19681948968006	7.37056707964492
9.19032911909045	9.19970076197441	9.23891269709986	9.06891793639047	9.21116072722534	9.28058665247402	9.38773328576978
9.64710549366227	9.59992859918077	9.63417481626585	9.35910603410287	9.37599591931671	9.27892111356628	9.3643003025372
9.90014367677076	9.76084084507644	9.8425986221234	9.46336079646872	9.73269687366068	9.85513398118817	9.97406412283849
9.48342934261594	9.52417324751815	9.51516148130666	9.05851172156063	9.13468022834344	9.02591849329691	9.07718543322348
9.09672198678086	9.14444495722298	9.09618446125513	9.19422117918692	8.95018783515637	8.9635205948971	8.86186869080274
8.98485900243932	8.98884578267562	9.02493990470944	8.82828858853503	8.754602182762	8.60388229053461	8.65356122962618
9.29877893421954	9.35627770663271	9.3240262478316	9.39573505344628	9.2820473120403	9.30247541670935	9.28349180820133
8.80287608043555	8.77178581318493	8.8201687433789	8.63697898255883	8.60556521850499	8.54481710727822	8.51363654663842
9.04187442031373	9.07651866881933	8.97269732114249	9.30401021282647	8.97772524896569	9.1084133945133	9.06951728513661
9.1697041948587	9.09145207019988	9.10801480213082	8.70527630824031	8.93474122779886	8.9743667617658	8.99487352674906
7.30997368306518	7.40524803744916	7.35539185188712	7.62134601800926	7.53794506955148	7.50819050555313	7.63157040712604
9.69011475811332	9.69098517916047	9.70483633920804	9.7093500799247	9.56271307617683	9.58553532183858	9.57435671586168
6.81716518490649	6.9100889117965	6.8685728210387	7.18267537126436	7.26431556088759	7.37576932093626	7.47069888560124
9.52491949527938	9.49039435791351	9.48926280216908	9.61840683435625	9.75213085097263	9.77764078185785	9.78818874489608
8.40694470977628	8.42166125449328	8.43189672124262	8.53370511764156	8.46823765725919	8.51753376843811	8.51884376569541
9.25847175126475	9.26350579739637	9.230118513272	9.52323596225166	9.32781659357547	9.36464747110485	9.33310928645989
9.64765800523821	9.62990124922966	9.64594426292757	9.7743800275016	9.81374305344563	10.0104916746571	9.87128284263308
8.82258320778301	8.83998724914697	8.84237153163008	9.3686141122769	9.17593201338887	9.28598641276188	9.20813107595083
7.84988041421758	7.94198463178049	7.95831175341485	7.87367221701654	7.87193666825424	7.88949470035443	7.91966561311827
8.77987500377055	8.77672172849299	8.74975635224833	9.04934430054258	9.03748307420899	8.82200990021816	8.78471366936277
8.43410131924673	8.53669699356821	8.44370147162569	8.58717118764226	8.23110615571991	8.23785148658285	8.27599826522142
9.85564316052424	9.86937243284134	9.87475703991334	9.92087979644192	9.87167308137785	9.84953433353417	9.75584357029173
8.4289678896852	8.39462410477377	8.38080078117032	8.1967232380108	8.13654228825404	8.00582694548725	8.0368234317785
8.59170999694788	8.54684520069619	8.5776715490119	8.77048604790618	8.87047287032072	8.80706440148392	8.92271869873752
7.1063802379995	7.22377966763496	7.17052624637952	7.53390691631695	7.44961717127547	7.52374435978823	7.48318454613442
8.90392175494105	8.99627066017436	9.00539426068535	8.49371272314977	8.4497267332277	8.41586839998168	8.48642902419453
8.82307245329352	8.78654318420249	8.90750202753007	8.82061145459341	9.08756537033559	8.98308765828951	9.04986694486002
8.56855521348929	8.49836604272242	8.54581050234761	7.89722178080548	8.39917067499905	8.51045412982849	8.55562210145037
7.06064480695006	7.08343306993689	7.07553624287329	7.69036991298184	7.70334232713988	7.78306745797263	7.83591696500779
8.15746406986633	8.08812236206522	8.11068907616429	8.17521174741467	8.3322552381795	8.36339573073666	8.49790116206106
10.1646335670903	10.1957250299275	10.1354327818656	10.2643172603981	10.1295547820897	10.0983409718837	10.0283206663504
9.4346405090226	9.38645999567435	9.38147455249414	9.11483877837909	9.39224330237993	9.35598453264353	9.50869746056725
8.90392175494105	8.87377987530984	8.90499267272328	9.50419155727514	9.32668988155162	9.42838835839699	9.39671811460197
9.76612115295568	9.73982631968354	9.80675265884837	9.87417492637566	9.80608283798538	9.9137279347821	9.82543911999652
9.14369720881909	9.18631581379892	9.13909615791446	8.98348751806002	8.73689908610976	8.85368378946937	8.80545841499129
9.1777600724934	9.24937150559465	9.14421190033528	9.35592269843722	9.3005296295339	9.2154688251222	9.28603908193183
6.74050633822175	6.81011740394664	6.78806498353231	7.16822939763592	7.1619009050543	7.20561308167127	7.32174634227811
9.10277896161263	9.10623247756569	9.09001180437252	9.01477457575892	9.10409964536901	8.97179172741419	9.03055300224882
8.66449506659977	8.61112364055656	8.71120863987457	8.05473060310679	8.07345752205235	8.09844458777538	8.0620115795542
9.10116625313498	9.08698825786047	9.10276884582201	9.47024667753775	9.48555820796032	9.39032848247395	9.36719018047124
8.7243861398344	8.66934610868859	8.73117797099116	9.15324329601119	9.03196315134844	8.94421000520998	9.03176772841823
8.98529620711785	8.99309324773269	8.94218226910705	8.43860433087638	8.48752267681503	8.56272350426704	8.5690712194063
10.1487184370273	10.1486671718448	10.1765852849579	10.0260958776031	9.9824212653288	9.97441487966589	9.93239579655126
8.73430406215813	8.67992366160861	8.71922957179966	8.46248042770999	8.58309425187652	8.53856659236549	8.5403404503861
9.09550753429064	9.19048306819426	9.01752513542861	9.17869029065452	8.88585442805347	9.02442826632868	8.93575513657447
9.52912357850439	9.60097257189013	9.54898533598413	10.1834225408474	9.88512974145328	10.1068152345319	9.86754602976857
7.91558330036612	7.96919000304527	8.00779780811351	8.03363462637968	7.91605484070941	7.75698279549818	7.73810303263246
9.10398731101253	9.13438556417813	9.10233082053259	8.58536013850509	8.33673951127851	8.23011497572999	8.27394656635172
8.36522658613855	8.41058960657012	8.38944343361673	8.57627063324775	8.3356197490416	8.34441068058511	8.27291962171059
9.051927162203	9.13101678576889	9.09354227010315	9.01477457575892	8.90409840779965	8.96972838559783	8.88826214412414
9.14995057644156	9.18353094180884	9.17910767335218	9.41727422464129	9.21968338184563	9.27140230181745	9.21456369146611
9.0427148294258	9.04771216344751	9.03001554229776	9.38744431977389	9.12109661142893	9.17305711949565	9.1567246718075
9.42403670047869	9.4124603652196	9.4132529925598	9.20487622188753	9.37436107186154	9.46143729800027	9.43715918145098
8.33741396629313	8.3514406629751	8.32332509885267	8.46248042770999	8.46823765725919	8.39679810235258	8.39121191316757
8.6726618533916	8.68649546536082	8.66331170309068	8.67153175793388	8.91837970048842	9.09617038341006	9.0323747081756
8.63303268660333	8.65064670275292	8.61315504528606	8.2796983528713	8.38733107204501	8.31383054469842	8.45054687251479
9.28570460510591	9.16811730658765	9.20748838918259	8.84352137387314	9.00615513983062	8.98921199926692	9.04566405850182
7.97137905981504	7.97457005217114	7.98231507319464	7.53014605122578	7.60639567551053	7.69463585886536	7.7455255252973
9.48095118506044	9.4341005043393	9.4591324528417	9.25015981171939	9.50809769180037	9.50590024466864	9.54743167922512
9.0775771019489	9.10033847316747	9.13610357606492	9.04671430209748	8.95675751550989	8.92143832828938	8.88356027425097
9.06315339470484	9.04515762060882	9.11541407105275	8.69859024556136	8.83683651501481	8.74327054844217	8.80687815149405
9.66495468583881	9.76177467183354	9.65523145113916	9.71598657653473	9.25860638902741	9.33249197512984	9.32470955666394
10.0004471201239	10.0379077761688	10.0212061991576	10.0778930079617	10.0866024910269	10.039553646465	10.018857018314
7.81193346372213	7.83247148998428	7.84244190399018	7.72697098318865	7.76286830317281	7.76295267722129	7.79786908392084
7.44959326110208	7.46609840920956	7.41304194842598	7.66658537015245	8.06402277196924	8.10597918031979	8.20777759571338
10.9385435999479	10.9069605910013	10.9173214203476	10.8135422632794	10.8428226425919	10.8260873680779	10.8167727269427
9.36175692030612	9.33259090308074	9.35964892832321	9.25472491810365	9.38468395471736	9.53863167917822	9.4738186461137
9.31452210000687	9.28791241934866	9.28402959673224	9.38536417047687	9.2936264779257	9.4018522409058	9.22150014364316
10.0163641447318	9.99009903428245	10.0130732573653	10.0400472167339	10.1510381975749	10.1438877962982	10.1544006150046
9.83953240477998	9.7769422292162	9.80836486873244	9.80115413362207	9.8463441772587	9.74090934324664	9.78423008180234
7.16929960254059	7.21107315731962	7.20030312485104	7.26191112809221	7.24297332379025	7.24538722990955	7.34147332710178
9.14799930917717	9.19970076197441	9.13653146799717	8.9543161230735	8.85804844703349	8.96403893224312	8.90956338644432
9.17814256596557	9.15916750991391	9.14888544837522	9.04011825359128	9.10080791515237	9.07617107562627	9.11205811088505
9.54641115049418	9.41166730173489	9.47579886976514	9.2851672318688	9.75548411084251	9.5274528503391	9.84284492885315
9.05900570950559	9.16105629703362	9.09574443196674	9.32261025597193	9.08955951771917	9.10042011654618	9.02018632525663
9.1762290837144	9.12957061205734	9.1695219960185	9.05981661068976	8.98845221837444	9.05248266023363	9.02385366431717
9.44929273032054	9.47073099752171	9.51549051561093	9.45147942260665	9.46163485180713	9.4610701358371	9.48672042587353
9.19108737150545	9.23015783119656	9.22771076660875	9.38223831208005	9.16777547984962	9.0790451495489	9.14554674820958
6.71120421701513	6.81971486844374	6.8225121420326	7.15363730948312	7.16442577412011	7.22130772679077	7.30777518076881
9.00267663032504	9.10427048371048	9.01380341099876	8.82675642650678	8.73605063865769	8.56203889069013	8.69632027371084
9.12278716770603	9.13630705448554	9.12751897793139	9.14957109160685	9.09022362145359	9.16991527569221	9.10110602683682
9.39635944287997	9.38160826385918	9.41889247301635	9.53548136374907	9.8016293149137	9.82463435858707	9.87670098677641
9.75257297964798	9.75553771231798	9.75167535689838	10.0393859176226	9.79594123864499	9.74332702552873	9.7458858778786
9.31034069161898	9.38201319861447	9.25397751950884	9.21310941231487	8.90031655739272	8.96972838559783	8.89294873995631
9.34004305362437	9.34718145753893	9.33711579205717	9.33882525122212	9.49561925494015	9.59894706380312	9.53763142504316
8.63582016340843	8.72530977121023	8.70314286465294	8.81134464055539	8.70863345760019	8.66318001976411	8.67159669987507
9.63406018248019	9.66459941602403	9.63114147968039	9.75195145179979	9.707381224227	9.69449877384529	9.65263687620913
9.3917494701818	9.33342863603123	9.33189421704567	9.25244417057618	9.3244338142535	9.5098106516025	9.44629787978292
9.67988725664063	9.66393354917555	9.68303255832981	9.30070281378428	9.72929016578091	9.86071197848802	9.78026052649539
9.30789592831407	9.40729764270142	9.28364329515853	9.16177559677006	8.94505732004129	8.91501876220599	8.90493053996238
9.64073635529302	9.67752276807041	9.6537375554278	9.72341632517995	9.55743970142497	9.55455099380601	9.57352287052215
9.91306965699579	9.9084067359606	9.87578256734033	9.64299222516122	9.55359237662039	9.68729673328743	9.58018017768084
8.83815735290137	8.8334880368669	8.84708514012014	8.75767776830757	8.70516938220098	8.83283452368665	8.85021099617762
9.75308654813427	9.72010352251804	9.74663892139226	9.83736579500752	9.92773810404616	9.957855232328	9.91439804251736
9.39108969850194	9.31361215029309	9.37749782726702	9.06762125700787	9.23417752435151	9.26258054021599	9.25152618443629
9.22554307244089	9.22700566193837	9.22086691462521	9.10096184198724	8.93917144581037	8.93577875492726	9.0606184779661
9.17124211983743	9.12134813184225	9.16113453761505	9.14588951619589	9.4352186611933	9.3767667167268	9.47292460078049
8.53848343570305	8.47956877995621	8.49998881665528	8.20382304277155	8.61112869528979	8.75469997801234	8.77749058009076
13.2582967082637	13.2518866121724	13.2325219416796	13.1344311350159	12.9647280479826	13.0168542058539	13.0467860752762
12.2700362370865	12.3167933152565	12.2421500713394	12.7314476452668	12.1889137287783	12.4628275013605	12.3455937774288
9.96386753839834	9.98877028814528	10.0221327656417	10.4628146946361	10.6452684281192	10.6987384988078	10.7022397825997
8.72543334823753	8.71441799267478	8.75087466240511	8.94869216284806	8.94432289763759	9.03729271272153	8.92533542729633
9.83638548840752	9.82746972232328	9.86161726082681	9.76000174357426	9.62040241178066	9.56552259928693	9.68658106694136
9.01771461382522	9.06345016127972	9.00445687782863	9.57708425098189	9.44563567521464	9.6403970938881	9.41498718684715
9.6107306310934	9.63806114935069	9.58892948646937	9.52323596225166	9.41997912072628	9.54626718388799	9.48228455745084
7.73810494584327	7.65352343574002	7.67816251038758	8.02831207756006	8.13267928368921	8.14581691999788	8.10534808244811
9.57748017986586	9.59574513743783	9.55667949840088	9.67910216265378	9.61348939508169	9.71373576648467	9.5966902728912
9.34618318340281	9.36818125291975	9.32365051019814	9.24443303970721	9.39708205018335	9.53130535074571	9.41684792349375
9.21998114104317	9.2283574350422	9.2131792861469	9.15079619860726	9.30682863228116	9.40108684745664	9.41032481845431
9.14995057644156	9.06496412161485	9.12622687102728	8.82215015309841	9.04092233174064	8.97179172741419	9.10284084026815
9.64517003512134	9.63873906232902	9.6332654847649	9.76720879769081	9.68425498124351	9.70259715126808	9.68271981481266
7.69812443465121	7.79038232266241	7.75597107768309	7.74655061967271	7.67529030129096	7.66561221791297	7.62836207165544
10.0696998185044	10.0407316659542	10.0034874169396	10.2478103205725	10.1970816243628	10.1429724986696	10.1574643476438
9.14760873883	9.22429831004281	9.20300116840471	9.20251522594416	9.23177192362701	9.24050115941392	9.17937217817357
9.44134803253838	9.39330547170486	9.44745380223338	9.63688504392984	9.63640511755539	9.5982794296053	9.5038911556379
9.72639712024893	9.67488124518905	9.70829456630708	9.57526048707084	9.55359237662039	9.58317539452872	9.58391145688934
9.09429205861983	8.99203255324058	9.0686456330052	8.83744754643094	9.09155091252148	9.16496422685904	9.22787355604432
9.88429053549432	9.89711861180496	9.86471975741489	10.4146720449932	10.2571599087608	10.3719286958906	10.1899269889432
7.88685477992897	7.93095719346621	7.95831175341485	7.84368417603426	8.01729813881495	8.01486067585155	8.11912814413249
8.07195505550441	8.15124737942828	8.17375344248451	8.01491915653251	7.94864630946981	8.01385971691217	7.98508817603773
8.11334431512125	8.09604229369203	8.11590636355292	8.1112026237825	8.30505289237599	8.23699392017774	8.32537448874927
9.8079971847514	9.78584440201933	9.83074865367209	10.1989028411526	10.1097130765435	10.2564972603823	10.0885119254292
8.47576929253524	8.36051018132159	8.50397391847214	8.55606982585489	8.70776821821706	8.64325220309366	8.75192111947049
8.79691106340899	8.77979812191154	8.8175026485352	8.7002646684173	9.0005138044546	8.99023019991573	8.986753887421
9.82201642138458	9.76488306944917	9.78617384474784	9.68756817330985	9.63367437248147	9.627366922067	9.57560658092197
9.36377593905544	9.39571378789675	9.3530363311455	9.46138735016916	9.254464781228	9.27767069633011	9.2701729940521
9.32768383612266	9.26920853135179	9.30740051342385	9.16783934985042	9.5878544319196	9.62998238834093	9.70459179492083
9.32423184617249	9.38120321541515	9.34491288988743	9.28293414307762	8.9941408223322	8.87423603709341	8.94222944516324
9.54789180486202	9.50905200390928	9.54318766509233	9.87861830402374	9.79756869297232	9.71865879139867	9.71067216228606
9.56232236205564	9.53003149342505	9.56528666379441	9.2694625331197	9.46060798387135	9.47568422254444	9.4915841795661
8.92367358157545	8.89889782260813	8.91948654548263	9.13230945330911	9.15513622305662	9.21067192101163	9.14666844589835
9.80849140089933	9.81642661870018	9.81426093860356	9.61752098854454	9.54586680982642	9.53165506846641	9.48627745228359
7.3781462940288	7.42267240928654	7.34358014231639	7.71376869055094	7.93392321346272	7.86305913234183	7.97375649104476
7.02706554282776	7.05527355016928	7.05937915065729	7.46466410140772	7.55728717934359	7.56122580984909	7.67575366947097
8.08832794681117	8.06308857349408	8.09227854002181	8.11873488771905	8.19698372650648	8.23956509164328	8.2963563558365
9.78858949679366	9.65725792291467	9.7390511473603	9.46434650824516	9.70217746405612	9.6994877681752	9.78278787055172
7.95450852439429	7.95619543276339	8.07363002294268	8.03628855515584	8.15823939099044	8.16848255436664	8.25534878167795
8.85691380216522	8.89152201849379	8.82866728804804	8.22723984645535	8.28430915923527	8.20138744485202	8.22487207135098
8.31602310131907	8.44122316056621	8.32857772397622	8.37503083803269	8.18832550783019	8.22320307443815	8.17076502325531
8.91589701057715	9.07901832822309	8.94267171080203	9.14834494338649	8.5736270574537	8.93894625077393	8.84261727327098
8.87023115723251	8.93245969776981	8.82919678851579	9.01342828505421	8.89955899621481	8.90371532443012	8.87004130206512
9.18348685391474	9.24180595766977	9.15185166101296	9.40910669911168	9.12563870921066	9.20761102040119	9.14217641290049
9.25339861697777	9.22520132530326	9.22207701473454	9.0188059262765	9.48959105028271	9.50696777086987	9.57602296210035
9.84989280195596	9.86474403376788	9.85591196388344	9.97444680365198	9.84161905276909	9.87841800977906	9.90713560013956
9.84821128753648	9.87254586564315	9.83259838689441	9.76481044445028	9.7571578225526	9.76073509365949	9.72125152912607
9.82958411009187	9.84842669381744	9.87321738062465	9.73816201082537	9.68293479665643	9.68729673328743	9.66951371474935
9.66522757125958	9.68279134836031	9.68478903878478	9.65943971116608	9.64049156810073	9.51016561812696	9.5805952411374
9.28072649890289	9.36981544061139	9.29710268129375	9.73244547288473	9.38360080724343	9.47095086288507	9.35705018002458
9.26676765194212	9.3106373309856	9.19521748869862	9.68079934386365	9.52391419673774	9.5098106516025	9.5182622992336
9.51010797186244	9.54203951497203	9.50359774708236	9.50514977191229	9.43939449708521	9.52990563150971	9.48539109685512
9.00483453439779	9.0083863222556	8.99268791152913	9.05458995771432	8.91463515046411	8.9707604253798	8.9722754624318
9.08371481799331	9.079517740805	9.11931602141633	9.03216298024109	8.91313460486998	9.02542192199063	9.03963861578358
9.14526309367694	9.1096595594887	9.1964492860914	9.30511099637055	9.34349886022958	9.233208984064	9.21616737384264
10.0701120573641	10.0699278474725	10.0244465816965	10.0374001995929	9.9745296180422	9.96486452674032	9.92914013357308
9.07962590999309	9.16623774721861	9.15142828955124	8.8999820761948	8.72753860722698	8.73539791275916	8.69785151917822
8.41994019968901	8.40661476442228	8.43746393195448	8.3666199156177	8.32211436956642	8.23097663965557	8.18174999033251
7.29029354444972	7.41002104763477	7.3656483596627	7.649353089621	7.54183429261167	7.58837522675389	7.57102946961206
9.60362908461097	9.52673915765318	9.57289460504093	9.24098603308863	9.42735624105653	9.33890073616906	9.53805891023918
8.37726965400155	8.38818810259272	8.43468301200807	8.43055700805643	8.47435555889073	8.52457883520484	8.46410747758461
8.27584414676245	8.25038492425818	8.3308230079142	8.31946233779717	8.37539350182316	8.28507940606519	8.37215788331841
9.74071016313669	9.65122333424951	9.71776216840035	9.39055893089064	9.50958787711504	9.48871151396871	9.49687145840139
9.66413571974246	9.60271084938827	9.63689937690508	9.31825530003478	9.45906631023871	9.50661201656435	9.57560658092197
9.60134918694667	9.67719284208713	9.64714597456588	9.74871871497687	9.76008215389474	9.71188529245049	9.772288498323
8.1053218171219	8.04479141832444	8.13058703275994	7.82231538472579	7.89188078876539	7.95562561134235	8.02954530015306
9.24794324655721	9.23015783119656	9.29134974163403	9.66459493781299	9.57225192432177	9.71250238088969	9.6387526562502
9.32906232270092	9.26086614411541	9.29557080574184	9.17628601364103	9.43050635282139	9.50732343747152	9.56725362099587
9.47753675290543	9.40769543178027	9.40261917913335	9.15324329601119	9.22936230501832	9.17976668995923	9.28654799741542
9.23218920901477	9.22474988832523	9.20708103625194	9.3062109406516	9.25149919370176	9.25582280403929	9.20813107595083
9.04732834897364	9.01466737605747	9.02724922660739	8.98897771522492	9.01527552077053	8.92729794180505	8.85433624153221
9.1627631719941	9.11648939679139	9.10539420840639	8.84352137387314	9.00966980526602	9.00289744378835	9.01159277200555
6.88621452884776	6.94339442267496	6.93107758234559	7.34987877444934	7.42245067549421	7.51669520690141	7.5320738924445
9.28960395942305	9.35668981291171	9.29250216627911	9.28851039745004	9.22634461112031	9.19397699231538	9.17608003376695
7.12554583733808	7.12079111941688	7.15371405720769	7.39606811379173	7.32199467445651	7.36952261366402	7.40846799037747
8.90807829418469	8.94457268928346	8.96259718289832	8.77684779648497	8.56122608973453	8.75170100120513	8.67159669987507
9.92565307658948	9.99354805774633	9.93503364392079	9.96611996678152	9.77337555299567	9.93529960254604	9.81771353003708
9.22554307244089	9.22158586799509	9.22811233687441	9.33344047705369	9.24495336340135	9.18333240917757	9.18920377510882
9.99698238934779	9.98050463404625	9.9755380506996	9.9619384561474	9.95752416297798	10.0167508682836	10.0521607134603
9.19298126083673	9.22520132530326	9.24448121340244	9.66459493781299	9.51750964004755	9.44147559966756	9.42241577715198
8.30905461074737	8.28110443212903	8.26815818484984	8.37083150628375	8.48651407712133	8.51823982526495	8.46230674452392
9.79359077060935	9.76488306944917	9.71861978659124	9.65857871291382	9.74455739747713	9.87676726989869	9.9421189348188
9.15966752121192	9.10328848529442	9.13181766220209	9.08310501638174	8.99910001711272	9.07281073679865	9.01220829770221
8.96415947982474	8.99732824444891	9.02724922660739	9.32261025597193	9.27154600311294	9.4166968206277	9.35219644402665
8.97784564815328	9.04873271541345	9.0686456330052	9.34097354592517	9.06949290989118	9.18333240917757	9.10284084026815
10.1895104921399	10.1778787985686	10.1742948409196	10.5522169458378	10.4133884660083	10.4726251581264	10.296349683851
9.57428697281317	9.54493556060467	9.60911112845799	9.05065750403839	9.34238433408048	9.36700109056376	9.42611577739408
9.56904643142495	9.51792268573407	9.53769061075283	9.57252051111627	9.65268192586565	9.61916289439943	9.59996973957999
8.02849498826749	7.95183776874895	8.07630890068556	7.72038493880729	8.24905937451874	8.16848255436664	8.31443620601539
8.51989341776227	8.47121975656035	8.57577960062401	8.77048604790618	8.88432363102945	8.79020970483319	8.85296246996793
7.84795850686999	7.89622644080109	7.92600324180852	8.10615917777744	8.31531397199557	8.50333957839728	8.41468092835421
9.9705074323124	9.94969445483487	9.89285266102166	9.80660530316972	9.79919431349322	9.86599117420259	9.92979185418628
10.0549884957419	10.0412445071356	10.0290631106773	9.7711972141982	10.0205480498787	9.95525053084884	10.1171191765727
9.03513346482098	9.08798141041869	9.08203652581577	9.0039689079298	8.94064516712237	8.90641466294252	8.94093690571329
9.28534959518402	9.28098112900135	9.30435695954365	9.57069096521363	9.4991241104837	9.7223400668408	9.51522581445604
7.80204054228561	7.77566437083378	7.81597229894735	8.03628855515584	8.19698372650648	8.14032376764764	8.34113812059668
8.9534738436572	8.93852890620398	8.99740702510507	9.02549991132931	8.90409840779965	8.81685396076256	9.00665908940978
9.37015092103768	9.43097294966409	9.32852748306098	9.56058677887153	9.34405580059322	9.2938421923282	9.31376621218609
9.72692009012114	9.73761300707464	9.78998680129304	10.1798264509693	9.91804527764705	10.1058761041794	9.92326136170588
9.27179407354053	9.30124776391801	9.21358492107852	9.63338358350911	9.41468655769739	9.5559270162101	9.41172511173166
9.48960617673905	9.43488133476658	9.50426103470358	9.84571120284821	9.57367732737014	9.46437123624336	9.48672042587353
7.16003485832785	7.14389679296328	7.2861147851674	7.31969644079541	7.33997538008951	7.35378647776542	7.43625423048585
9.64599983531581	9.57853564054795	9.60880277029191	9.64124995267948	9.44719176015328	9.42838835839699	9.35559577307238
7.89804346134053	7.84544986802233	7.94077868232435	7.92039310355973	8.20313650895553	8.07464211597863	8.20562647368283
9.25049165344048	9.19371596446572	9.20911665169503	9.18468351177787	9.29650680633009	9.35914071400546	9.29264102155806
8.09806322720134	8.00433309002761	8.1010747687314	7.9877544524494	8.01729813881495	8.03867767854653	8.11912814413249
9.86565146425073	9.83399604184242	9.90017903581589	10.0234231149201	10.1551698168479	10.1953433455886	10.1319210187162
8.91773056675493	8.97924301646818	8.96933845892555	8.95010020956783	8.98631319572302	9.05297000568349	9.07541947465685
8.38391706158834	8.2565813779405	8.3005946906318	8.92310946096862	8.92807028783777	8.89449961045855	8.95252828277638
8.34151774947844	8.26187152327217	8.36408956730209	8.38755598827894	8.5282796487782	8.41055407708801	8.44781938859104
8.87495771984312	8.81201083173106	8.85750501314899	8.94869216284806	9.13274752445849	9.18065894631519	9.13371596597181
10.1771256492051	10.1275715528005	10.1460971298666	10.3083493346636	10.29883734538	10.3581920276318	10.3275951553772
9.09266982979485	9.1396635167576	9.12234359234802	9.67655264141104	9.36341448689756	9.44519310899215	9.45809229635529
7.6146776996887	7.71138183157198	7.67463120597515	8.18958832075517	7.95595189319484	8.09844458777538	8.10765391921016
9.69867150909887	9.76115218782773	9.69934380297721	9.93517033693687	9.68425498124351	9.85009527735866	9.72726223161949
9.36175692030612	9.31403662418402	9.40688211466956	9.23406721340323	9.35127652783516	9.16676657477058	9.31026675872789
8.66340266036228	8.77116763468656	8.62966319385301	8.59798999808863	8.17836635308001	8.56545871444088	8.46050376102755
7.12554583733808	7.13623594520781	7.16382486247071	7.34987877444934	7.25723650424378	7.38663639520909	7.45085760080679
10.0942279880845	10.1675809518526	10.0432811855682	9.99641956557316	9.72843723038314	9.73332786620789	9.67029389950433
9.93337737685022	9.89825140701369	9.92119268363383	9.83279332475334	9.86547941040392	9.81776820143151	9.82788861172639
9.82982756939128	9.8863124617225	9.71174452364618	9.87935753827617	9.23657912056862	9.58856385281738	9.39813167065046
9.36847602343566	9.41047688849317	9.38002973856736	9.09460974657431	9.02225217309929	9.07808776094539	9.10110602683682
7.32386835488631	7.40045918381262	7.29227269641392	7.18267537126436	7.15937160945227	7.29567136170216	7.33558350270337
9.4346405090226	9.48851525341002	9.46015839753157	8.40614215565882	8.31417744941301	8.32678548227613	8.30743205148313
9.55762619594774	9.65189509196374	9.29326993827298	8.81444019697082	8.33113198865684	8.63416152007854	8.48199225832657
8.44812478699533	8.49537489038047	8.196914693438	7.82845311866173	7.60639567551053	7.73892348312642	7.64592027205721
9.41595130324537	9.52454008563178	9.27511838523867	8.98348751806002	8.47638910773816	8.84470484177421	8.6894094854351
7.67987331965731	7.72549100499526	7.66990931410028	7.48034114621631	7.3577347430608	7.43230412358963	7.45629597866979
9.28712377185026	9.33049444001858	9.19069187873117	9.40910669911168	8.88738360251979	9.17305711949565	9.07541947465685
9.27394290485327	9.31191300472659	9.24368702578502	9.14466023366933	8.85414376886005	8.85032322941692	8.95252828277638
9.42950900107504	9.51976389909857	9.4304547414056	9.55597046824855	9.13468022834344	9.24988370674314	9.24420905747014
10.4779537259259	10.5892219799393	10.3459985106854	10.4424499879042	9.97020681878631	10.2849883640678	10.1367273281673
10.1009007628738	10.1987163678069	10.0857784002173	10.4954870584625	10.1599224133682	10.2330341703829	10.13644504689
7.27034122735706	7.44764709037942	7.30755345421376	7.4084127218739	7.24536033460823	7.41269200391396	7.41406821630077
8.42252530921741	8.51175000998543	8.37283260800551	7.82845311866173	7.50644797332032	7.62423484801484	7.60733215291058
9.84267247179626	9.93569501630938	9.76529723854594	10.1804264221052	9.69564625720135	9.89618099577571	9.82998487100598
7.83443298601471	7.91649434290529	7.83507923574408	7.52259478079564	7.40119962876553	7.51103098023452	7.48140748239057
9.35161922425285	9.38645999567435	9.24646477183655	8.82061145459341	8.46823765725919	8.67589211892045	8.62003358833359
9.67583004144358	9.74455772921361	9.59423508551503	9.77676253788514	9.45184996992147	9.67024494331296	9.56850965224367
8.32157376020022	8.35557024070252	8.27127898731435	7.96006842870578	7.76785806410953	7.83159266209655	7.862102344236
7.94734569408807	8.08315023489075	7.92798206559045	7.649353089621	7.44339323072777	7.54468748770126	7.54744289172708
9.19032911909045	9.32207798939753	9.11106615723293	9.30290858873765	8.89500525636519	9.02094507210059	8.92729486374501
9.58788153340579	9.70270313484371	9.47003842924515	9.63601047520301	9.17843246671898	9.5278035030628	9.34732632320556
9.20954114699017	9.29652996402722	9.02540206490622	8.43659670448892	8.0422230860461	8.34281725794692	8.27599826522142
9.87323050734597	9.91149554849926	9.83602732635268	9.84343996591407	9.46778075781645	9.52429313467308	9.52819456052066
8.76925134104437	8.87493113761	8.58959661409537	8.3666199156177	7.9646700396391	8.03867767854653	8.01733288841063
9.70691274425076	9.75897137626325	9.64654524386939	10.1695885805518	9.53371217597598	9.73757840075615	9.68812267882324
9.90892749411527	9.99354805774633	9.81960017204003	10.3387674998955	9.77213448725839	10.0134994768322	9.93076888342494
8.43025296051743	8.38738157977502	8.4859536292667	7.77860417477955	7.88730271012686	7.9079310759069	8.00005995242051
8.59915598592389	8.75437589608357	8.54516604909266	7.96286106264569	7.68411529436633	7.94200839055013	7.9038311238629
10.1891310011325	10.2557305276597	10.1162529810156	10.3659225844548	9.95570321916566	10.0079803737436	9.98915014277749
8.81866325934551	8.89436333057626	8.61683988165422	7.94319814369005	7.59333773570901	7.88621662379762	7.80072211547485
9.08330644829731	9.15632968459856	9.1309589494133	9.22827607518768	9.05323621122761	9.03482767325348	9.01159277200555
7.65590621690491	7.63733267363802	7.67816251038758	7.96564830130837	7.93096047762395	8.08801984933822	8.02954530015306
9.08493923397955	9.13630705448554	9.08691554381818	8.78948774831987	8.86194258564945	8.85480223885437	8.86391618800143
8.52230563303211	8.42794996995262	8.53091475265146	8.33678942084628	8.31985113016117	8.27174273394733	8.4044015660854
8.41215696140808	8.2897626164896	8.39660630310177	8.4762278267285	8.5990472627761	8.58917315386371	8.62245443190493
8.96282809556556	8.98031315235094	8.97652646959	9.05851172156063	9.16651652543095	9.0519951501018	9.09821002731666
9.27215243442945	9.32965500103186	9.29825052146556	9.37281989387316	9.21177116076796	9.23707413841617	9.17498098073944
9.44612009930062	9.37674016077199	9.38544034617903	9.46434650824516	9.36670719231484	9.30820233142931	9.28552998686325
9.16700887492216	9.19186948234506	9.15142828955124	9.41217494234398	9.38792852643322	9.31227911088725	9.29466632453631
9.24429483868847	9.35998243213275	9.25200427053691	9.31388715830387	9.28900595779622	9.29754847339176	9.25517087805891
9.67691308161797	9.68640236857993	9.6435378325315	9.43548383117737	9.47745854527593	9.45186058113459	9.45809229635529
9.79458894823194	9.79742678467221	9.81131591570578	9.8889332725105	9.87437447342932	9.90484616108496	9.80782074660186
8.08588382735945	8.14267000381153	8.21079759327132	8.01760770561111	7.95303409752302	7.92719850940879	8.02467273378882
9.70106897940356	9.60201578969915	9.65403645834877	9.54109822141455	9.80406021342778	9.73363189147584	9.90016899758365
9.52942340189872	9.41997280443968	9.51219679076598	9.32043442125032	9.47745854527593	9.44259185862718	9.4145216274573
9.03302044050699	9.13726684079584	9.00304966056734	9.48392061968065	9.11849469206649	9.23621610967796	9.16892117722089
8.98748024531136	8.93577333985021	8.92097763436386	9.0188059262765	9.07151217724482	9.14178471348593	9.02324308816344
9.69439947745199	9.66792414815309	9.62779742658817	9.47807622122173	9.74624382627094	9.73028408455216	9.66599765277823
9.37783050361317	9.46882608920596	9.44227124837319	9.43145706827113	9.31366904990077	9.21416215951972	9.21509845035318
7.55702292313595	7.57352818263788	7.5529665623076	7.80996102073516	7.74442342921594	7.7340692413171	7.70954406454396
8.36051588632621	8.31288344430443	8.34496256342917	8.73498596067398	8.80158639224735	8.84807849928603	8.8563944492243
7.09021208765734	7.10321572975355	7.02835751991867	7.63541751548765	7.39691159592434	7.48381796957335	7.52000599606048
9.40847250330215	9.29050309188023	9.37314704316244	8.87795817851949	8.83446026597192	8.79196245376091	8.7385925079384
8.07524453255631	8.10882016745644	8.14936645275349	8.01760770561111	7.99335581287489	7.97014798178308	8.00005995242051
9.56524972202353	9.51681682874746	9.52826466943876	9.50802060314772	9.54538258552352	9.51441841803886	9.48804853114821
9.58644137756637	9.57216186953952	9.62688406524187	9.52039527876175	9.84555773043391	9.81633362966832	9.7921365753882
8.40955318948122	8.40023215006702	8.44853431508206	8.38339300879501	8.60649395580741	8.48467585455145	8.58983764258434
9.55644976198791	9.43916836429216	9.51943308504105	10.0617017554893	10.095891197377	9.90808222706642	10.066455725375
8.9970509273634	8.9379782138258	8.99079593540412	9.00261249100112	9.11849469206649	9.0549177428861	9.12406709487079
8.90299645100873	8.94840559224079	8.90147222718441	8.61406759839706	8.95091927875409	8.85256447233368	8.89961757696863
9.56554213159185	9.53076210438486	9.61495744583084	9.37910566623968	9.52096178003061	9.42650902331237	9.43807566068209
7.9419501363468	8.02314724678651	7.99935347664896	7.69373592004468	7.61195595688011	7.70954997092273	7.72013167673266
8.95213255699719	8.95113715887888	8.94706923002039	8.63172394276831	8.63408164878437	8.5885009801923	8.75633676552016
8.7544507593473	8.80478012015685	8.72834207671524	8.62468731406585	8.52041696405414	8.34997384130928	8.41374946151279
9.20203748152786	9.14396752565478	9.17578074365112	9.27171655536955	9.15195903105851	9.08048004225629	9.14834935889651
9.68393309393529	9.68673019540822	9.72603119921974	9.63601047520301	9.62361718490014	9.67341792542796	9.60609871882499
9.81021982538902	9.80861571809253	9.80567685047572	9.79568228888793	9.9399474931692	10.0072261302497	9.88848271029124
9.12199214460842	9.07751905235956	9.14208254509982	9.20015035985476	9.11262315925929	9.03285260464705	9.12007519688189
9.82958411009187	9.82598234146154	9.81238752882956	9.8274403951411	9.71902150797644	9.69543552538262	9.70687493681217
9.0325974640126	9.0563639300572	9.05241074971781	9.04539750277814	8.92211455659753	8.9219720049576	8.95316952557401
9.6315486311384	9.54710378610283	9.56623985340114	9.64647047062856	9.89428515295528	9.85513398118817	9.95370085672639
6.80928498912188	6.91233336004773	6.85199313256659	7.29331358498106	7.39905720547605	7.44275509526589	7.53892477971475
8.78591072819392	8.74433222249941	8.75589635833047	8.86308654940569	8.92881302847781	8.89775894160679	8.99798433705029
9.52762352617263	9.5193958443629	9.46969886245816	9.55874202678646	9.68205400196619	9.68383952826493	9.79750262985787
9.38082446499585	9.42273071382925	9.41113249100722	9.45545076265984	9.63139479656024	9.57097727044859	9.52345287893031
8.91818859191951	8.96687905962859	8.95969839378785	9.07150780405835	9.12434242552242	8.99683104553456	9.03540578227624
9.04313485046767	9.00365752086801	9.06999032930611	9.10602345797442	8.98916452174095	8.85759457472255	8.89895207875572
8.97079803332285	8.95821512200498	9.00070124391221	8.79419932450133	8.8080599003377	8.89068772742042	8.90426748861167
7.92472984900267	7.92652250826962	8.00592555676803	7.95165794533298	7.8781027383805	7.90253302634945	7.89984519650054
7.48712268655873	7.55209704048495	7.52969957994906	7.55996198786156	7.60453747598162	7.595083495344	7.61221249077532
9.42274607812592	9.3661359117541	9.41007107030141	9.44749712037093	9.46266098936831	9.40910329755638	9.46709976210056
8.90068059143827	8.95168285212793	8.92048077595112	9.20251522594416	9.12369384664245	9.22068368496915	9.15058753405701
8.17749843969298	8.15029685212498	8.16119095941467	8.48984546271774	8.42467014594485	8.25320114769391	8.32735438795484
9.14212962252066	9.08549724593198	9.14463739450167	9.45545076265984	9.49361265080358	9.37052433592655	9.53420697574837
9.30789592831407	9.39811809054304	9.32815291606093	9.35910603410287	9.0026318911214	9.21372634119491	9.10975930814221
9.86017932838925	9.77971085554694	9.80460023928102	9.34846748491507	9.89428515295528	9.96951854174229	10.0934647973336
9.77575721712871	9.77231601211238	9.7469191851024	9.45445895205124	9.70000367871078	9.6224501059437	9.65303161146629
8.60713199719232	8.55692252163132	8.54709854586631	8.35815966976832	8.58686380279799	8.57499131801269	8.70548346251223
7.5224961068178	7.38922298379136	7.4940800404643	7.5263753565576	7.7545134916654	7.77363660396329	7.97880378692813
8.90160738141305	8.97495451737121	8.97891453662903	8.77048604790618	8.79263762225805	8.7274820811044	8.65435008671205
8.68455679728506	8.70344335959161	8.69561262256238	8.78476073456871	8.94138146363199	8.93101443342522	9.0029477235297
9.10438986934601	9.06092335814738	9.07491018694941	9.3062109406516	9.08290161242819	9.11262726851388	9.0366164310577
9.75077404887535	9.74108954687886	9.72204517026893	9.27957801553422	9.32499816191497	9.27349479430021	9.27068753623633
9.20879253425409	9.26130642186042	9.19562820469946	9.07021345137751	9.04366784673739	9.1065366036192	9.11607222276526
9.07182491201195	9.04975254595866	9.08602967604632	9.11985202539031	9.24017403554075	9.24903326488458	9.31176756401159
9.64240058238147	9.64886971597746	9.67951316883019	9.99982277995523	9.90979248226895	9.88773669230838	9.8386866464165
12.5719160594711	12.6154668997388	12.5530403429612	13.165370559098	12.5637738676279	12.808681574197	12.6932465643168
7.87274578888853	7.906395983616	7.86637233057775	7.9877544524494	8.088160013097	8.06597617321843	8.13164527427594
8.1690562891821	8.14171380654714	8.20101178541518	8.0909221821234	8.13396810151916	8.14855567270882	8.15412913422287
9.53002286182264	9.53003149342505	9.56210480905028	9.82820631644638	9.79268081198911	9.8841807704008	9.77700456488987
9.55762619594774	9.46920727213875	9.53444723813918	9.79097556121131	9.71558231553367	9.5087452277037	9.65579173830287
8.32226609338895	8.33731101762406	8.35823129811592	8.00140073954188	8.04359525950952	7.91759695739332	7.92751815847936
9.79733038099792	9.78920677046094	9.8227942530502	9.68249453086146	9.68249446652919	9.65266769304927	9.65539775762408
8.18589147692451	8.19338559862032	8.20264736986896	8.36450950078306	8.2043639228662	8.12278950305912	8.05127046210571
8.60713199719232	8.68255597652482	8.66152886210011	8.33894074695177	8.50456186015648	8.49044429762633	8.51363654663842
9.17890724881935	9.18955805135737	9.11888299216205	9.19422117918692	9.1230449760558	9.0933302573476	9.0818841152053
8.15513440656725	8.20533319345863	8.15613517619704	8.15337464577238	8.08682959726469	8.11253982322106	8.12255269142064
9.8910727498336	9.85893757553205	9.90546121192911	9.85099689175117	9.91579919312548	9.77646085931241	9.99352067961096
10.0919968537047	10.1029731322339	10.0873285818583	10.0785368936483	10.0935746214692	10.0658701988849	10.0494645579834
9.98150646010766	10.0048979770244	10.0216695567852	9.8189883138171	9.88091401480039	9.82006055326885	9.84526507016899
9.10035922235808	9.08847773043274	9.15903003165931	9.33882525122212	9.3272533475556	9.33409683634251	9.36043810513807
9.71484355843859	9.77725011687367	9.75725085231387	9.48974143780841	9.50561062396662	9.46729921998728	9.49467077993461
7.28462098367287	7.45073874448908	7.38017517086555	7.55256557330826	7.45787420981469	7.52092883042785	7.50783630167324
9.08616261168446	9.08649142508097	9.07624905959381	9.08566956330404	9.19581533670909	9.25836066599814	9.19246614139811
9.0262378901169	9.0281832346052	9.02632594138461	8.98897771522492	9.06814515979611	9.0641337532038	9.12178736299044
9.7279654614869	9.65692332937723	9.73028975870789	9.63950557359589	9.74455739747713	9.84785019224653	9.80213712041523
9.99806601181816	10.0345633099644	10.014470736127	10.0907164359359	10.0226369477723	10.0607905480809	9.96741405714113
8.31114869440192	8.2388061355524	8.32857772397622	8.01760770561111	8.07480032082649	8.0813464886302	8.21741814923473
9.06273916237231	9.08051604762827	9.02123728361411	9.28069759242024	9.15068619250476	9.22241779109702	9.1567246718075
9.48559424405941	9.56040298084498	9.45158648256958	9.63863259248525	9.3523842082473	9.52112648356968	9.44629787978292
8.58133630811396	8.59514589527267	8.65078530004319	9.15934294130392	8.92732716461666	8.91876697968878	8.92140855249152
9.19487266723516	9.27619647609833	9.21642117667579	9.56242917511239	9.23537882219005	9.38878500309559	9.35462535323507
9.03850787968143	9.07150631940247	9.05693879579843	9.62635506465496	9.27797254773878	9.37325870163012	9.35511064474708
8.23304217562213	8.23970011834325	8.28601129993427	8.1460215371586	8.22265091152051	8.14490284584444	8.21099827678039
9.19449458427765	9.24537115811209	9.18863008086317	9.2592756247177	9.02294798632428	8.98615307855755	9.06002326797253
9.08534714182547	9.07601821679929	9.10364449762818	9.01073192878774	8.93621947923839	9.04417250004978	9.0408457192389
8.65022885637142	8.73040699953706	8.65676382015666	8.55421928524829	8.5370742485084	8.45105211363764	8.56655904134351
9.13110856564041	9.06496412161485	9.07446361980957	9.12858350652913	9.21177116076796	9.21459784622958	9.30525276864419
8.30555770250708	8.33061358334585	8.19280593303459	8.46445238038837	8.38841142357295	8.48323013274735	8.48996863893902
9.02411178713172	8.91353725895858	9.0002311015026	8.95851975252035	9.37163220247959	9.33850102157979	9.4738186461137
9.48528517124997	9.47794679689857	9.498613345728	9.09460974657431	9.17593201338887	9.22371700418751	9.31526338335959
9.74639585545865	9.69945768266837	9.74439484952543	9.67144004249273	9.76175054285365	9.75145692008033	9.83972734119891
6.86736329203294	7.00147277424603	6.92316299676182	7.18267537126436	7.35552674146399	7.34426174385364	7.47069888560124
9.63517502560447	9.6555841786892	9.71145734209544	9.706020348272	9.70130834292143	9.6128964820325	9.67146338612446
9.60277454514992	9.62751255867865	9.53639413656065	9.71929341170905	9.64275682684416	9.51300221055308	9.58183971550498
9.03090431683975	8.9549526841847	9.05150343259204	8.98073456466352	9.1295205865075	9.16090069252407	9.10399622470506
9.29560958022212	9.24981530471224	9.30740051342385	9.17748865299403	9.17468015969085	9.1381146807455	9.09181829133527
8.93140845909912	8.92802963579579	8.96549015918576	8.8035765651947	8.83287392276689	9.02442826632868	8.98800604100512
8.39777770998932	8.2966519454305	8.41224054161058	8.15092777134268	8.15189169300771	8.05141624555154	8.10303855440296
9.84845162390729	9.86590252634164	9.87885478293822	9.81126139648523	9.78818565999673	9.98798590446369	9.7095340436911
9.96630571592573	9.98557629541454	10.0025487938995	9.98684763373193	9.91129650621735	9.86654575691307	9.83207808880564
9.66304304127115	9.72872564398353	9.70800669712063	9.78782919022909	9.78777631444968	9.86126859388599	9.70611429091042
9.27430073244274	9.29093441870717	9.25358308556861	9.63250688895626	9.5902037970013	9.53967526700145	9.45084561194516
9.53630219824674	9.56183341576125	9.51351518320425	9.54762370209791	9.61948258789011	9.67784840910706	9.5182622992336
10.0506083563041	10.0578133742637	10.0523803297306	10.2727817932358	10.2191084251097	10.133096199024	10.1535639211463
7.94644783461481	8.01167888937437	8.00966763290149	7.70044446531158	7.73426230057403	7.69837886588328	7.69581624162185
6.71963715657144	6.85980646232338	6.79458678848987	7.08351865573579	7.1078315645842	7.16471122278116	7.2588200830679
8.47390117461925	8.45822092778324	8.52961217227399	8.37921798202291	8.49255512551609	8.48467585455145	8.49173519499675
9.13898933078403	9.04975254595866	9.09706411740298	8.84048765654417	8.78936971254942	8.76603957171531	8.76366627454501
9.79059208730104	9.69065831788664	9.7019481374515	9.20251522594416	9.73142030072666	9.74543917906479	9.85284490551321
9.22665289023428	9.22429831004281	9.20422634066953	8.77207911694681	9.04845996148284	8.9536366354163	9.07541947465685
9.09145195998479	9.08450238120928	9.11801654353319	8.91303681854491	8.97772524896569	8.86704829282361	8.88288732588237
9.76051281970127	9.78339411171767	9.74859962497668	9.1471177521748	9.32273944550332	9.39571769325832	9.35559577307238
8.84395458367364	8.80357147036876	8.87965610541572	8.82368721226122	8.83683651501481	8.74929732312694	8.7423072688148
9.02751204957496	9.04617998059987	9.00867031263738	8.94163124172644	9.01457599635107	8.90479566597867	8.96529929642431
9.08534714182547	9.08051604762827	9.11931602141633	8.92167481053573	9.05935396029718	9.02492517970715	8.98299089276792
8.1053218171219	8.10882016745644	8.06286449021684	7.8766370206918	7.78764630014391	7.76652278448659	7.78351867636967
8.92504157682679	8.91521690524685	8.96452647818681	9.08566956330404	9.14749917439569	9.01994832715385	8.94545573654533
8.97079803332285	8.96741883204571	8.90950637355576	8.92310946096862	8.81450449089688	8.64971065539735	8.68014330249953
8.05289361184973	8.04171920364451	8.07184133695484	8.06516402854936	8.10139712575178	8.10409921803634	8.08325684247003
9.04942053608253	9.06999921246864	9.03553231142131	9.16177559677006	9.09948911721819	9.19397699231538	9.08071087859044
7.95896730113401	7.98633600869114	8.01526261061686	7.83151222128876	7.77778610918725	7.67197156237443	7.70040671187667
7.8933920514821	7.89282060056863	7.97659059326017	7.95727037856077	8.22507175632738	8.11347462719292	8.09376329178815
9.14408883939928	9.13198009683688	9.14676298500132	9.47318773809648	9.4466732516388	9.37754511859857	9.37486834021015
9.88569637055986	9.90164446561484	9.85747019287532	10.0894392101566	9.83013570087881	9.82520506603575	9.77736670149059
9.8359007375905	9.79955027623484	9.8273071300931	10.1322428139581	10.0749068706504	9.85904084262491	9.84319091198662
8.78289602239624	8.82576921058796	8.79491077708699	8.7800181817522	9.1047570911005	8.99683104553456	9.10918403466702
9.37048566734765	9.37755265287112	9.4287088278464	9.49842886581829	9.3073999074862	9.18333240917757	9.19137950544993
10.0750497575648	10.0570528313834	10.0946142288332	10.1720040355443	10.2686464086458	10.2023896903662	10.1888384381025
9.22146642061239	9.12328705336744	9.26066644963489	8.79419932450133	9.01876806418361	8.94945462433544	8.88557723801442
10.0359110953572	10.0489153286522	10.061197081112	10.2253092889946	10.143059365028	10.1275543040055	10.0557477673671
8.79391928064226	8.82457802479177	8.80786370485758	8.46050577597168	8.68068512619592	8.65870418971118	8.59806123203542
9.23329392786488	9.21068481312362	9.25516017471076	9.00125479757365	9.03817158193895	9.04564248151769	9.1086085317105
9.25339861697777	9.26438460964883	9.26066644963489	8.9173622794196	8.89804267942425	8.86926372301795	8.78110664516964
9.42597047175018	9.43800043723339	9.41395913436357	9.40910669911168	9.43417281091661	9.36464747110485	9.34439633987046
8.24477554551347	8.26187152327217	8.29523899802212	8.02296981947338	7.99335581287489	8.00381174474703	8.00005995242051
9.67907672587924	9.69424972534043	9.61955628272429	9.66373701161528	9.72330900125029	9.72356507419108	9.71332428592282
7.89152728033379	7.80011153124272	7.96699902621489	7.87070130798645	7.99902515246234	7.96704832798776	8.12027056334442
9.94533631864624	9.95160538758863	9.93183237844737	10.194751381259	10.2069128553287	10.1620728494909	10.0738453220638
9.33593506750306	9.25689758637435	9.3001615613099	9.43949938610298	9.46317378458297	9.49051159202596	9.43256803193053
8.1636581760878	8.20166753756666	8.20591298647545	8.29307516115091	8.31758433470166	8.38909883625509	8.36927794905244
8.74415426818865	8.76186302986873	8.74302822582509	9.02282604329644	9.11066065936157	9.04368217319775	9.07659702051921
8.85356516638221	8.84821685325247	8.86785016791702	8.96689044412565	9.17593201338887	9.09664319464556	9.08481303930508
8.19272237413492	8.17480927887524	8.15021428193113	8.53370511764156	8.59624481335674	8.47815866690888	8.61841743290458
9.02836086446936	9.00418370932002	9.08159215943955	9.09460974657431	9.14046285352866	9.083822585685	9.12406709487079
9.27465847130324	9.18260145526051	9.25948830146172	8.94869216284806	9.21177116076796	9.09143372901763	9.21456369146611
8.97696657677394	8.9609281958925	8.96597175840044	9.0348196150924	9.04023513583248	8.97282229275499	9.0214098077244
7.08042350287229	7.1890267660755	7.16885381641419	7.16338174879344	7.19191154880246	7.23854828431936	7.32966953440596
9.01429115388099	8.96309498746947	8.95291181536184	8.87795817851949	9.04160920047403	8.97127616854951	8.94738805387377
9.42532616928389	9.42783860016877	9.42905817962803	9.16055978177632	9.45803761180957	9.49804748910518	9.51131234817194
8.89650265301341	8.82993063264326	8.92246718373007	8.39377802032754	8.5243536628613	8.45769262516257	8.56152152357234
7.18765248906631	7.29603665356832	7.20520672991421	7.37944258740411	7.37091225491847	7.44275509526589	7.46171393300816
8.12132244842766	8.10686169196487	8.21404483411607	7.98500963693534	8.12751246788902	8.21190012445919	8.20131458338969
10.0261707247847	10.0399620622039	9.9712265860344	9.89552559017126	9.95643187251729	10.0074775885635	9.96646154049295
7.54045793895254	7.60578312579957	7.60707550238175	7.34987877444934	7.35331535540631	7.3912687710766	7.45267267221305
9.92770177242983	9.94504305300739	9.95166394026356	10.2077588026897	9.99701422097153	10.0021877379867	9.99818875153088
9.15540012630715	9.21932159747983	9.15185166101296	9.41625580905734	9.26802851149708	9.22414981534746	9.22043516547893
9.4581391584991	9.48926718894003	9.48052555231913	9.7567870153642	9.62407585398424	9.61619798642505	9.60895002280457
8.6726618533916	8.70084891489549	8.67101198929876	8.52049711678197	8.49456320005062	8.39603002211232	8.42673558623502
9.28286207667194	9.24269808409118	9.26810579514305	9.02282604329644	9.40671112930625	9.43064033373435	9.54360472162836
9.62145847311549	9.56647255846218	9.58892948646937	9.70851836720319	9.69739080542702	9.76728359173655	9.74736543543283
9.21663366058884	9.23015783119656	9.21844366512896	9.12982655828909	9.04435340988123	8.95728597713937	9.05763996930795
8.10129377663543	8.08712930656691	8.12456013245445	8.31072012795831	8.18335452414292	7.82247472836914	7.830343167566
9.65564573561979	9.66393354917555	9.69412098751971	9.71101206830287	9.790230647347	9.70011018114723	9.78639069903682
10.0101473001559	9.97111517082936	10.0140050602658	9.99027347581036	9.9399474931692	9.94320795970449	9.99040021921384
10.3515656207004	10.3964587569778	10.2865121758109	10.1166534247515	9.98420881714223	9.9278791510268	9.98789898222676
9.6152573438892	9.57216186953952	9.64082579172307	9.67058617842791	9.81293862765624	9.67373484016057	9.77845256620395
9.66085519844873	9.59049869309554	9.62230856467157	9.4848923884118	9.78162215268137	9.79289259999559	9.82193261590934
9.1223897109212	9.1057422291903	9.17827665990725	9.2784575691464	9.14686092505956	9.14178471348593	9.05763996930795
9.02198254627885	9.04362272091628	9.10013869698964	9.43548383117737	9.53077976282317	9.4102448771058	9.32866846338453
7.88498153428545	7.85598238099683	7.90405513758754	7.89137032986477	7.76619672725758	7.49677234912931	7.63157040712604
9.01771461382522	8.94731151581008	8.95824681211501	9.01746339403513	9.43887317811892	9.33770126001174	9.4472085737847
9.75334326383642	9.7940835416069	9.77742048701777	9.95072814420971	9.80689109448755	9.83004698575059	9.77989911564802
9.1600548410145	9.1314985217052	9.20667356827044	9.2683342000122	9.35901249023804	9.26930676996373	9.29870842083615
9.28357323400973	9.32207798939753	9.26380348253526	9.67144004249273	9.4865674758975	9.56893418481805	9.40705217222802
9.69893809151952	9.63024216810968	9.62261404991569	9.31388715830387	9.39224330237993	9.43625494082836	9.58142500998084
9.03005699751565	9.06041746601927	9.05558187358175	9.2973878150567	9.26273614135794	9.24860785588653	9.3017325783295
7.46973037226838	7.46609840920956	7.48469997309656	7.56732067578275	7.49646242177537	7.46636250945859	7.53892477971475
9.12119668315743	9.08996566682406	9.13995004238237	9.27058998444644	9.3645128905859	9.28681535421566	9.28196128233654
9.75846800825095	9.7968194982735	9.76944161937997	9.6748504540831	9.79268081198911	9.89563769098719	9.72726223161949
8.18969041208441	8.20350152974253	8.20835735713045	8.16554715225812	8.44038143636759	8.36966896541839	8.52920215641858
6.93591574937683	6.97380081434071	6.94677767493701	7.32404705518963	7.29689949348605	7.44275509526589	7.42520387051911
9.79234207660769	9.76674489839403	9.75641590040215	9.8726907541196	9.86664275094929	9.8217774299804	9.7921365753882
8.1237073104684	8.19430816537399	8.1519084470165	8.18241794197605	8.10797041365912	8.19345235641639	8.23334394724731
8.35240444218573	8.35226752470394	8.40159923539453	8.50716707737085	8.46311951285675	8.40827050381977	8.47843299531399
9.02878508471372	8.99044004786552	9.02355253515021	9.16299038801211	9.34683728193658	9.25285631155094	9.28349180820133
8.48073914636919	8.4090009836239	8.41435941634876	8.30632907696586	8.47740480827621	8.41586839998168	8.40346343657313
8.27226570586095	8.22352305341343	8.26971942993733	7.77860417477955	7.98766410663595	8.01885758125868	8.05246787634132
9.64627632935246	9.72713283761358	9.67421793442325	9.50610735054123	9.41043848322811	9.38143084062627	9.29870842083615
9.73811833149387	9.71207386894126	9.70858237806481	9.97444680365198	9.896185239186	9.78704558198168	9.76865023520089
8.94360865999031	8.95386356340187	8.99693580778031	9.05328033045706	9.14813714149471	9.07281073679865	9.1644980051061
8.76569266425522	8.76683295256006	8.76034546111583	8.77048604790618	8.88202438565455	8.9784772806183	8.8557087062
9.2343978014428	9.26130642186042	9.22409159541317	9.18228921013266	9.09353956233096	9.11122401096178	9.01834915389275
8.56738766143073	8.52501095381365	8.57072224142184	8.57444583987159	8.5736270574537	8.52738725722606	8.41932926292624
8.30555770250708	8.25304380679913	8.24612147436615	7.90013863039955	8.09081716978436	7.87081967103916	8.09724850710397
8.30695748309433	8.2697705465819	8.24374030976039	8.2975066760442	8.65038454443376	8.71336985912886	8.78831169776548
9.61299576291158	9.58804380780625	9.62657948291601	9.68756817330985	9.6522322632039	9.65202446736178	9.59299194013209
9.00526572816158	8.97656419878797	9.01984634713227	8.80513352999668	9.01457599635107	8.88686574595232	8.78327194169814
6.91770692929954	6.98663847309232	6.92910300277658	7.43681255284834	7.48438780685946	7.42780185556279	7.5676834758828
9.15695336713872	9.11746245375038	9.11931602141633	9.01477457575892	9.34238433408048	9.28971290424252	9.28756529013414
9.44071056267469	9.43136426498551	9.41007107030141	9.45048487711429	9.41733526619804	9.33930034004366	9.33261653617194
8.70699654519376	8.64323367991937	8.70948405159649	9.0637242115087	9.14494448112847	9.2400732267166	9.08539811125287
9.64959013113233	9.67983013976953	9.62322482641632	9.7688054876831	9.64817897993352	9.54176018070561	9.50301555909816
10.2324993275626	10.2291940078443	10.2292894680153	10.1846192482983	9.99595143452184	10.0639372021359	9.98099813630428
9.15267792447325	9.24581618932663	9.20585828689483	9.15446528993499	9.0742001448086	9.12380446175956	9.15449600482912
8.47701336194806	8.526476895919	8.49265408327191	8.39377802032754	8.53512452087103	8.35472525005786	8.39593635814269
8.75957157819446	8.69238460173073	8.77251021659405	8.48207970270913	8.77704869840364	8.77552005503533	8.8976201606618
7.93924477146161	7.93537828869376	7.97467737452974	7.8345648510916	7.78764630014391	7.81904059154788	7.84700037045905
9.01257637267954	8.97602783784606	9.0002311015026	8.78633812734924	9.16273305703332	9.03581419452059	9.12235763377529
9.15306712506956	9.19832185679667	9.13052940127351	9.79333084448469	9.52145426925602	9.48365931383312	9.38107689518934
9.49422150893648	9.51238490462481	9.4785017271688	9.87417492637566	9.76715952051815	9.78675260810785	9.66247300070252
9.84460142921531	9.88030573346562	9.87064762474834	9.81975873426862	9.8149488517492	9.6670649673353	9.72688729548684
8.29572102490635	8.208989559109	8.28446759567076	8.32163963797737	8.42467014594485	8.39141293348217	8.42025713531822
9.03090431683975	9.0548409129708	9.05874604242397	9.23406721340323	9.18777075782815	9.23277888256012	9.30826325330343
8.46765658639048	8.42244884468372	8.44577467294146	8.28193645194375	8.36335632952868	8.33802640335475	8.37023856605798
7.34718645091914	7.42738821297424	7.43129288495564	7.67682679709408	7.79255123894118	7.95353900190663	7.90117506293635
9.00526572816158	9.03025140445375	9.0528641943895	9.29517357658092	9.20749269198091	9.12287632931416	9.14666844589835
8.15280097524351	8.19523014254671	8.16622908699054	8.12373463773503	7.9646700396391	8.02781033651309	8.04887264799875
9.08330644829731	9.0062865460791	9.05422367391462	9.0188059262765	9.11000589903786	9.07521177721915	9.15282224232437
9.02112996925833	8.96579890856213	8.9874789950967	8.90143845042975	9.09552547470477	9.1200883440051	9.10341864814802
8.82307245329352	8.72211483392431	8.76311919898486	8.61406759839706	8.97052936766077	8.91555481842658	8.99860569499779
9.33387667963431	9.28054681567158	9.39584366381466	9.15934294130392	9.36176531175474	9.2115452725599	9.36863295155357
9.63628900789848	9.67587238313726	9.64082579172307	9.91151445556216	9.66922167859594	9.63909935984901	9.64709921217172
9.67311887858607	9.73063469325961	9.67833812854298	9.96472747610283	9.77089235298595	9.77054672785864	9.71408114090752
9.18881141764404	9.11697600730831	9.19849994744803	9.18826753020851	9.26509070303862	9.32363318430818	9.2431607175227
8.07277812818857	7.94308275381279	7.98706818297884	8.17280166150185	8.25024834936652	8.06597617321843	8.18939000166401
7.02536588709521	7.10909801499228	7.0485063458534	7.35838757738845	7.59894847386174	7.52795737796025	7.52519031726358
8.70221732326514	8.66934610868859	8.65914830841996	8.94304619329448	9.1047570911005	9.1672168101463	9.1567246718075
6.746708676601	6.8551472223263	6.82463802281936	7.19697812755063	7.14410200210073	7.23167676494593	7.27532371643353
9.05775907511444	9.06092335814738	9.02586407709969	9.27396706149731	9.11000589903786	9.03926171624527	9.04506264541133
9.63489639557819	9.58699043402007	9.63114147968039	9.61308358214442	9.74455739747713	9.7134275189259	9.70991351632518
9.61836124028531	9.69815745478567	9.35854893143228	9.86897362977046	9.32104308446691	9.612235273554	9.51609403387252
9.17546297963626	9.14014237454296	9.17328050188237	9.35379656567635	9.41839338948938	9.29177902564317	9.26450088493074
9.41951446190313	9.41918386100886	9.45467824244018	9.45346645913278	9.36341448689756	9.33850102157979	9.36478235103473
7.50552753616531	7.53034273346655	7.48738622128455	7.68699603418957	7.59894847386174	7.54745707404665	7.61058754514924
7.52370054469772	7.60993762259137	7.54137997523713	7.50737262217183	7.44131260271154	7.53634668388483	7.54744289172708
9.62595170240338	9.65792687728013	9.61649202088046	9.68334137799429	9.61071488655596	9.67373484016057	9.60609871882499
8.23892078890207	8.19061435332108	8.24294571406664	8.07810059094876	8.31190171473565	8.36024885449816	8.32834331956239
9.9103095369058	9.9271186920876	9.90370263454594	9.93303575910341	9.78982188170905	9.72570633733687	9.84664618746824
9.39306810905273	9.35668981291171	9.3618464091879	9.67229340149404	9.85026999354889	9.79638946992023	9.85146971244854
8.95615268174494	8.8875347570929	8.98129865727532	9.2490162744651	9.36341448689756	9.43401171938604	9.37391080201541
9.4612854968772	9.43761091801039	9.48825735428509	9.30731004694838	9.60793503197135	9.5497245536354	9.59093320684691
9.53331544641467	9.39731710145136	9.51417392789855	9.15079619860726	9.43626375385285	9.46033553106635	9.61544620549151
9.81293174417804	9.76581428426286	9.78070922311246	9.57252051111627	9.69564625720135	9.71865879139867	9.81559935112632
8.83087790117851	8.79203851145	8.82813759317074	8.98348751806002	9.10541423736606	9.10981938718257	9.12064614472226
9.26784621751305	9.26920853135179	9.29939744911623	9.01611961130649	8.95238105436724	8.93789119134382	8.98299089276792
9.11681378795659	8.98351880551182	9.06999032930611	9.01746339403513	9.03334511331478	8.97899027297478	9.00418590663424
9.91123016379129	9.81492780306343	9.86342786122466	10.0446678424235	10.1395346506601	10.1337874414565	10.0676406073255
9.58066633479993	9.54565866456725	9.57762927518172	9.41115291946938	9.51157239951498	9.49195003910442	9.47961647487714
9.05775907511444	9.01414499810237	9.03323622079402	9.00667792187627	9.38360080724343	9.39071409444018	9.45854400780247
8.94899803012168	9.00523551082991	8.9587308349711	9.23406721340323	9.20381530702324	9.19220834025202	9.21509845035318
7.9880545932854	8.01063177665739	8.06016050793052	7.83151222128876	7.93392321346272	7.88183423636253	7.88513518247067
9.63015143325618	9.58347362297067	9.63296224685282	9.68418772832817	9.77172056131788	9.75175714923419	9.75584357029173
9.00655853673872	9.06698026717778	9.02678765785565	9.19303241330914	9.05187318119656	9.02641489374363	8.98863171049127
8.70752659387679	8.73991603218358	8.72720615630317	8.25712430086355	8.39380107923167	8.32759131628672	8.38836980207546
9.2084180821653	9.22113329809966	9.26341172625678	9.56334949167007	9.51997629693319	9.57165765653441	9.48672042587353
6.84441176701203	6.9608478947307	6.95067614636327	7.2017143752969	7.2066859682491	7.27409641024811	7.31178076616538
9.39898711428762	9.4057053886685	9.43150127626702	9.54855350885619	9.46726959779404	9.58990782858562	9.47694344887747
8.74208612218822	8.71377473184739	8.73174448152005	8.54119860852611	8.52533616139448	8.48684172446628	8.51624250551265
9.63210713163338	9.55071026956042	9.6035505723695	10.0694962377518	10.1475329464884	10.0363532980658	10.1724108394528
8.99878425055231	9.0830087966042	8.99410526713154	9.23637717537179	8.66917463007534	8.98155250217814	8.8962870117844
9.10479231538409	9.13438556417813	9.13439073811195	9.15324329601119	9.04366784673739	9.09617038341006	9.04746679497641
7.29170820647425	7.3131246473971	7.34654214821039	7.58917417996513	7.53599651922351	7.54052311347989	7.52519031726358
8.31254306342046	8.32893435542008	8.31200466044976	7.99322846644294	8.10271418148332	8.09560893964182	8.16855795704974
9.09469733096992	9.10033847316747	9.12579591143408	9.41013017206794	9.22029022066676	9.02094507210059	9.04446098150653
9.14878013280574	9.07801898412024	9.08514326398487	9.32152274880318	9.32499816191497	9.22847080048096	9.3037451672807
9.84700900475627	9.84167109404906	9.75195464401074	9.61486018285577	9.54295902313832	9.68289521455377	9.54488150244389
13.5759435691053	13.5779998374042	13.5569190361601	13.5259169469293	13.3328965516361	13.3758370830524	13.4196307079021
13.105150850423	13.1560852708109	13.0853922829034	13.4141140465977	12.9193417797214	13.1837720950833	13.0537911283373
9.17469646852316	9.2170537676668	9.17536433747712	9.17869029065452	9.01807023156648	8.92570222419551	8.98361874053949
9.00741976596376	9.02351898376126	9.05014138610106	9.28739686949419	9.27913794095275	9.37247798296876	9.29769895798545
7.45969695057899	7.53471991657648	7.39312540056444	7.65971713787327	7.85171296651008	8.01085266647292	8.05007205320947
8.84250745844356	8.78286796920543	8.85334609048278	8.78318161523362	9.07218463879148	9.09380400013513	9.03358790211006
9.54136552852047	9.50273543952234	9.56972950376934	10.0052512797982	10.0382080127172	10.1379279553235	9.99289712724704
9.12556630347892	9.10328848529442	9.14633811736617	9.11860034587479	9.04160920047403	9.17663943987727	9.05166444047666
9.49698363767435	9.39731710145136	9.46765978162356	9.39159564214541	9.60282467841023	9.56620556209694	9.65382075811819
8.43730046176326	8.4153450064308	8.45746686909072	8.38339300879501	8.48449475990552	8.4650352993987	8.44417470365119
9.74820025037918	9.67950074109123	9.69615432974952	9.30180612281945	9.53273536704263	9.49195003910442	9.47515867613791
9.2428328882234	9.24180595766977	9.18986751313936	9.08438785968785	9.05050886218352	9.05101963534683	8.89294873995631
8.02169107861313	8.07816091241874	8.05473729182044	7.67342105973152	7.46198507473875	7.60309245965134	7.65540816164907
9.81342427309659	9.87168107601623	9.88752403285109	9.69178262116414	9.72758379042331	9.61520832816708	9.6020156270979
9.09672198678086	9.0830087966042	9.09706411740298	8.9557186942469	9.10014866687789	9.18555651665861	9.04325690041662
9.09145195998479	9.18260145526051	9.15142828955124	9.56426922151843	9.20135849918333	9.34528115397644	9.19246614139811
9.07675676335838	9.04208618648709	9.08602967604632	9.17748865299403	9.21907628766332	9.12101827120743	9.12349749953758
9.51132279216958	9.5201318599615	9.48590858060723	9.31169811776626	9.37817283809812	9.37910066352067	9.38488430672962
9.93564138150207	9.84754732054686	9.88701551647923	9.87046162897411	10.0725563257116	10.1766812630987	10.1279508231239
9.28250636650149	9.26526288690199	9.2948042575705	9.25015981171939	9.43417281091661	9.41896710561328	9.42842346806809
7.13029771741007	7.2577150650236	7.16046246116538	7.80996102073516	7.72915477221468	7.85189972822865	7.78063138587653
9.02581292010542	9.09688915100431	9.05195716248188	9.03879541727162	8.98559948282755	9.0519951501018	8.89828627341465
8.86691332550626	8.84587032412726	8.89389936300275	8.99581121067676	9.01387613258628	9.03285260464705	9.00232823325099
8.65847657017822	8.71955378002018	8.71751455077268	8.69859024556136	8.8407882531762	8.70160690796267	8.62969268456606
9.36411216764285	9.3795818834736	9.34676314716086	9.13973260231796	9.12758095348556	9.14178471348593	9.14554674820958
8.34833155351888	8.40581848014637	8.40799343329583	8.16554715225812	8.37321238201438	8.1845840991985	8.27907035303854
7.63376694746098	7.70880163641778	7.65684385409515	7.70712196011029	7.56495199351663	7.64894552636365	7.65540816164907
8.31114869440192	8.39221396734674	8.377908353062	7.76586808387241	7.68587383350607	7.80406414041306	7.78063138587653
9.31034069161898	9.32755426418695	9.3142251241038	9.35698459097192	9.16714613996714	9.16135276195996	9.13879818558119
9.66686380073142	9.64415092891214	9.63568909625441	9.79254617722008	9.78203324787039	9.74423261285786	9.68580964281847
7.58036204272346	7.5477723425053	7.58842989659211	7.64588179538474	7.82802011493101	7.70954997092273	7.86483125368495
9.13031811625238	9.12570704656262	9.12191147101137	9.25472491810365	9.28320941967184	9.12612218392713	9.18593401490764
9.39800229827732	9.32418670967226	9.3475025861534	9.28851039745004	9.41362571118841	9.49625679503802	9.42519166656444
9.04942053608253	8.99521230005666	8.97700439933644	9.11483877837909	9.12239581349997	9.25200762069851	9.12178736299044
8.297130377504	8.19707233116018	8.2751705209142	8.24340835521882	8.26796637891861	8.29911582061988	8.30140130617076
9.62370683701176	9.67455071450049	9.59548063125895	9.78309673013253	9.59535897258061	9.52429313467308	9.51174770235999
9.06604969559679	9.11746245375038	9.05422367391462	9.51944713993971	9.18777075782815	9.21807861129108	9.16006123023135
9.38910857117199	9.42901477937148	9.40688211466956	9.27396706149731	9.37053920781467	9.40376394987963	9.43302780491821
8.53490401340787	8.54612269135065	8.59521110861152	8.74313121101772	8.81611115038906	8.72626039662109	8.60215551489087
9.55762619594774	9.53841126352834	9.55347858273123	9.68587894092826	9.6345851952687	9.70600975015385	9.66208084061601
9.94578566423912	9.95024069395017	9.91945318950655	9.75839527488328	9.75464652627857	9.74393081357063	9.75510831580951
8.95079002217028	8.86858779570689	8.90247894565866	8.65263021948236	8.88048951713184	8.87919127270711	8.87884303045223
8.11014066728461	8.09604229369203	8.07898281335475	7.59638573303194	7.53794506955148	7.54883987594497	7.64750592645936
8.39974697653911	8.40741060943774	8.38440818053452	8.31946233779717	8.36335632952868	8.36339573073666	8.42118441133063
8.13793428228028	8.1578835928253	8.21079759327132	7.90013863039955	8.00889320249788	7.97221072400911	8.01118769571569
8.33946731704991	8.35886541316401	8.39159603105706	7.84368417603426	7.85640520024411	7.80406414041306	7.84975796844222
9.43432032395424	9.40729764270142	9.40048297842882	9.69178262116414	9.66164587196547	9.6416936616376	9.59751083870906
9.14016774135668	9.10181423325118	9.17453116439265	9.20841048692592	9.22332059186072	9.15000831042521	9.14610770606918
9.49851587166092	9.36490731373751	9.49327760112002	9.22827607518768	9.52735106379959	9.42500379060101	9.499507849097
9.71879267618233	9.72617630901002	9.76197314057729	9.74790939765869	9.65627419058346	9.57165765653441	9.58598022747373
9.58037697494248	9.56682879846485	9.59267663961683	9.37071853567479	9.58361590952265	9.50162222309518	9.54275290623713
