k27_temp20_1	k27_temp20_2	k27_temp20_3
7.4547022375039	7.28956276699422	7.34281980905583
2.66810587561309	2.93738838523874	2.87208272954515
6.86973973678274	6.86531697061805	6.82806787468184
9.54216507875424	9.4849365060686	9.626199355366
5.55563114635468	5.5141769545142	5.52478983690214
5.27691511828861	5.42978476722383	5.46626376029568
7.21654250030913	7.15934408944128	7.22556889293516
6.97553440080534	6.85078494470668	6.85463759508573
8.4041695034849	8.30326594081533	8.36578425026719
11.9162706549138	11.871079040191	11.8618047176724
11.0762232836049	10.9790939354815	11.0354421151329
5.91603338905668	5.97062471471268	5.78635285551926
8.80560939936302	8.68501246090367	8.74529019889738
8.29162161710364	8.17886664770609	8.33780609405017
9.11270668932459	9.08713550474343	9.11891466386441
6.25306837633425	6.36308436601631	6.41243434356601
10.357405036149	10.1912558966705	10.3046246299334
4.80560939936303	4.82292966065383	4.71853747129169
7.18538156882267	7.28115752866569	7.202310147651
6.81378333080873	6.7129568186287	6.87900214348493
7.73419506607086	7.74997362737265	7.83163890383404
8.27395574280807	8.21272378582233	8.29317652874409
4.86973973678274	4.99725984121615	5.07853360701258
9.55563114635468	9.52591246960129	9.58421285820926
4.4754607976707	4.62460094420785	4.99819149869497
5.49592490023041	5.49353718845516	5.36639986582631
5.4754607976707	5.33086974115114	5.45704523026631
11.0230163871999	10.9614480683377	11.023879894789
6.25306837633425	6.21713666463381	6.30092602834902
3.86973973678274	3.57830729193392	3.96605887775417
10.0106250652737	9.9202853066626	10.0023562683559
5.61296432142063	5.806289394966	5.87208272954515
3.59410529416932	3.30267284932049	3.51149301428868
7.03267830790895	7.08679106280771	7.18984319021729
11.4592687641681	11.3957081001286	11.4403312036322
9.28869228606497	9.19013398745595	9.35620846385021
5.25306837633425	5.33086974115114	5.24845860845489
7.52608687074066	7.50698657630772	7.69716382049913
10.1932351268171	9.94234676038561	9.97960161366054
10.1462687683507	9.99579294221748	10.0692994226552
9.72338831111428	9.62981180045556	9.69912001746445
5.07409823528893	4.72008125306208	4.9131099978052
9.24855289521176	9.01944719329735	9.02962400653163
6.04661749886682	5.88129382316782	5.94313248090466
8.32345770422564	8.1833841487295	8.27755151997522
6.24099554403367	6.32153187657181	6.30349997201285
8.2828157197283	8.30148593437005	8.43784392390302
9.05870478116555	8.96875666441816	9.06948846740957
5.04661749886682	5.01474726794499	5.0542860607659
5.17906779489047	5.36308436601631	5.381096377033
8.10772901317021	8.03916379467804	8.22624732936473
8.19792682214179	8.04343002264907	8.09868018012435
5.4122669711835	5.58612679639322	5.70691838802486
4.25306837633425	4.44706275865567	4.46626376029568
4.43364062197607	4.09913945523536	4.32139013090874
9.06042329839185	8.92742021614751	9.04585594623493
6.35740503614898	6.27149119407221	6.43138627509484
3.51610278216804	3.65465817806404	3.69520496746107
7.9084202049468	7.9320294694001	7.90635263162989
5.83803087705541	5.8262348053775	5.90635263162989
8.68825244872487	8.43520640096588	8.67596545969595
9.02565788023118	8.87731616682707	9.03156598426581
7.93489241630799	7.92433917911769	8.01320735913463
10.9544326027036	10.7626436521181	10.7823218525032
9.76719063650495	9.54684887835613	9.55291556711584
7.0115136979109	7.08265133244679	7.07853360701258
7.43893492164559	7.48728723626516	7.6382293491233
10.6579260957307	10.536040240508	10.6176924181206
8.00081380925369	7.88049916876002	7.98862663465944
4.96088762484094	5.38117482299921	5.33151434818245
6.82999355798999	6.57241472401072	6.73197584561649
5.4122669711835	5.55060036276407	5.78266780871141
8.73204018136719	8.62270141129237	8.79094596681974
9.5173545783775	9.40402656469436	9.46970557912307
9.19323512681706	9.17822013412104	9.21261761022136
6.99003397050045	6.95107773978684	7.04354824906325
7.37960078226318	7.32970580801751	7.46166185833668
8.13081262628325	8.08334211294401	8.07250981938481
3.59410529416932	3.358526084054	3.67943765160275
6.93114028144688	7.18788754827751	7.10680806100775
11.3313081541926	11.1973310842332	11.2066138768759
9.17113652125425	8.93853413913687	9.11964514238173
7.2828157197283	7.19812854986673	7.21740267278674
4.39057190008418	4.74823229337623	4.74149861973501
7.3177213346765	7.27874701007501	7.34407052004953
6.31196206538782	6.25196202898696	6.22149156085462
4.99003397050046	5.00311256746158	4.82985449415585
8.95904627801677	8.935859296552	9.02143903364966
9.50730966371004	9.39264593873783	9.56824779258591
8.54339447383578	8.20766391201352	8.43960009580689
10.2111376958683	10.1609810974927	10.2170614084348
4.4754607976707	4.34014755473915	4.09050624867865
4.1010652828892	4.20449245538159	4.01713306234843
5.57499647122161	5.5625399760756	5.66349610773373
5.75556871686343	6.00311256746158	5.79002851366266
11.6499585289028	11.5048611295361	11.5903521357619
8.37131734300424	8.22028047725482	8.32962146134949
9.07579852427877	9.0550975133572	9.04892714492725
4.63157999958798	4.64720237314498	4.89274220011124
5.97553440080534	6.02628888982768	6.04815995796906
4.8380308770554	4.79621232227805	5.02339205282012
7.68602778361035	7.5496009203681	7.59685891470344
4.70372978534381	4.83610504940156	4.99819149869497
10.3994249066382	10.2704299987019	10.3398450176413
9.23034829983417	9.12955579703736	9.26142449975805
9.62462723894621	9.60957397730676	9.63030594427187
8.85990537667817	8.67679715533328	8.7223897967873
12.2024087580677	12.0765061182538	12.1350810097503
11.2631768298085	11.1434507729155	11.2081600818906
7.35740503614899	7.49249740820051	7.49357110629142
10.9768999428296	10.8449920013218	10.8820189826085
4.77244253542783	4.60163979576454	4.84406835337555
10.2538195843913	10.1183089464619	10.1334544194912
7.88145315734653	7.84997330190558	7.97496693044555
6.82191121169212	6.7129568186287	6.88931943447046
6.82999355798999	7.06317395794749	7.17586347772225
9.88533659183376	9.76684238696445	9.87251616654432
9.27839253269411	8.87970407640543	9.02495256680773
4.04661749886682	3.93738838523874	4.23773220186183
7.69932460622381	7.78351618541957	7.75190157890384
5.80560939936303	6.10459388532746	5.90973527102455
6.00438926347752	5.88446807096296	5.95300272492871
8.7870469483366	8.66577013318425	8.87727539876547
10.3227419041411	10.311396320164	10.3512411422539
7.40687371241328	7.53452559990601	7.62491364541468
5.99003397050045	6.09091894843039	5.79369483086043
8.64309398760502	8.62222613701995	8.65898062661124
12.0526737987869	11.9865447179431	12.0056695701615
6.69490593495681	6.76555176957625	6.86861053763834
11.8952404392962	11.7116729095521	11.6624938881444
4.86973973678274	4.99138327487948	5.10828095040663
4.15353270278334	4.22467033731922	4.381096377033
8.89114221351496	8.8990587970802	8.99739684428717
4.2041587758533	4.57830729193392	4.381096377033
8.43098616853009	8.33145135576933	8.39020624759433
8.96456328298434	8.65512288898475	8.56717714686636
6.64995852890283	6.72185687795193	6.73197584561649
5.99003397050045	5.99725984121614	5.98862663465944
4.43364062197607	4.82953239547808	4.62285412323638
13.4958455244201	13.3552587746179	13.3453982135088
7.34053121758458	7.1955751066499	7.40286419211524
6.87755924124204	7.14088156090421	7.36270222593571
3.80560939936303	3.62460094420786	4.09050624867865
7.39057190008418	7.31213317856956	7.19539736470347
7.82595804475483	7.79030135978844	7.80191013643083
5.04661749886682	5.04343002264907	5.17726756059793
4.77244253542783	5.08816833741435	4.99182197381925
11.1361189091166	11.0891144515836	11.1045959035988
7.98280240126938	8.07572527478111	8.13742729606614
7.82595804475483	7.67679715533328	7.78911047669825
11.4527407211706	11.3152238806808	11.2581110048681
5.85397242092443	5.98252329795925	5.9164768489036
9.15674941546688	9.00639432178152	9.15499293908051
9.51985491702915	9.38566221399152	9.45067314785371
7.28869228606496	7.12083452633467	7.09199586681914
6.31196206538782	6.30029804213259	6.21603713076251
6.31196206538782	5.84916120222701	5.80463820854701
8.51610278216804	8.4651966873809	8.52423824253836
5.86973973678274	5.9312622824419	5.99819149869497
9.42566256455254	9.33435591692939	9.50619564515648
10.7486569529407	10.6902367421286	10.7696955115657
5.39057190008418	5.01474726794499	4.87208272954515
5.4547022375039	5.30267284932049	5.33654993807974
10.7075733138916	10.508787533347	10.5894955262899
6.37960078226318	6.60549212126015	6.71853747129169
5.93114028144688	5.86210025793451	5.99819149869497
4.04661749886682	3.79621232227805	3.85814353858727
6.04661749886682	5.98548267343979	6.07853360701258
3.34617778072573	3.54659843220657	3.30092602834902
6.21654250030913	6.04058727288024	6.30863412348429
8.51359592655747	8.51468918425183	8.69814225054062
6.03267830790895	5.40347349010798	5.06038626030232
9.4041695034849	9.34907889554873	9.48764163403262
4.77244253542783	4.96163593148542	4.80826763194771
7.57979745748543	7.59874378601145	7.50031793873201
5.43364062197607	5.49353718845516	5.38596213220482
10.9377001272965	10.7927320079802	10.8291847711074
11.1238440616065	11.0175509892466	11.0133056320164
6.03267830790895	6.13156093292774	6.34906254939329
6.60356562341838	6.40568451742334	6.49131513235105
5.59410529416931	5.22967101837758	5.38596213220482
6.56534630118789	6.59777715613214	6.75284359332901
5.2041587758533	5.43412370294817	5.38596213220482
5.39057190008418	5.30267284932049	5.25910585265439
7.42299337777656	7.36308436601631	7.44776741667829
6.80560939936302	6.57241472401072	6.74339565490761
6.32345770422565	6.30741076832715	6.41004775072914
6.59410529416931	6.5625399760756	6.82985449415585
7.81378333080873	7.89788124698825	8.05046029601829
6.99003397050045	6.25686915970736	6.2591058526544
11.1189047299656	10.8050336034686	10.847379566766
5.12753749425039	5.25931648012611	5.62285412323638
4.93114028144689	5.03202525937682	5.09645551500984
8.42299337777656	8.31918793610351	8.38231435518968
5.64995852890283	5.73070236881865	5.53796522564987
6.60356562341838	6.80461476327375	6.95627785696158
7.56049690152649	7.71027605903254	7.84406835337555
6.07409823528893	6.19940357870879	6.30349997201285
8.04661749886682	8.16588100611161	8.23773220186183
8.02213481366748	8.04271986017306	8.14462279747035
5.04661749886682	5.17368640860041	5.15463658609836
2.51610278216804	3.07711314890536	2.63107463004135
7.99363620718065	7.97062471471267	8.10901683159621
8.92926054822866	8.90219423985934	9.02651139466429
4.55563114635468	4.25441768071327	4.31119436380285
9.69379914929386	9.5540929687535	9.65847803296711
6.89307224061336	6.71652343364889	6.8476000443458
7.09437063031519	6.92665057353609	6.73388543562513
9.71031243573378	9.58612679639321	9.69618472643991
10.8643391364827	10.7360935710507	10.8705646737439
5.77244253542783	5.58612679639322	5.57252244768624
8.23492102962399	8.10323220986924	8.05657665935382
7.45991994677492	7.23341018688338	7.17867027829803
8.53352985392622	8.5797766810009	8.65192833234043
9.08257971204402	9.09811444983459	9.23064940660517
5.17906779489047	4.7271706778484	4.7490718394398
4.25306837633425	4.57830729193392	4.36146757028407
9.69711696227216	9.481010090579	9.62748392053046
6.3003740911126	6.34706696867894	6.28538517745324
8.51860528937121	8.46148181856863	8.4419383378761
7.64079852961736	7.73334547497636	7.81910143785898
3.86973973678274	4.40347349010798	4.22692544690524
5.12753749425039	5.0936643251692	4.88588852907018
10.3198751470311	10.1218435216253	10.299314978443
10.0300496493483	9.90512754152905	9.95791263905252
8.96456328298434	8.85443169720815	8.82672645660203
6.63157999958798	6.63594591780186	6.73197584561649
4.34617778072573	4.23465442589184	4.55534730387811
5.57499647122161	5.56649798964428	5.62697023170861
8.74278256190759	8.71340312800299	8.89573047319804
10.915558740248	10.8242732890442	10.7655009502623
9.90268383539766	9.78117639199114	9.83653468069014
10.1543375535941	9.91873797304771	10.026316633268
4.99003397050046	5.36762829116126	5.52478983690214
4.63157999958798	4.7271706778484	4.97899793346166
13.3878369323629	13.2918619128723	13.259582307546
6.55563114635468	6.64533238579194	6.74907183943981
7.99722947190466	8.02557023723952	8.18984319021728
7.8420328076129	7.73773991955859	7.85463759508574
7.69490593495681	7.73686210082698	7.93153119462589
8.00795587849771	7.95787401268922	8.01163408194394
7.29454501231041	7.09503505690262	7.06494454226462
6.52608687074066	6.1866022964857	6.15178258904321
6.50604911750412	6.68955638604862	6.51149301428868
7.36298606841228	7.27633245714171	7.35030786241053
6.56534630118789	6.44491429207709	6.43373785677424
7.08088740095157	7.21082841216559	7.34532014770748
4.90076663240337	4.53856111314116	4.77897332515367
7.87365478678612	7.9197052510195	8.02339205282011
5.68602778361035	5.56649798964428	5.50703336609798
8.80560939936302	8.64580010991368	8.79140447470248
6.35740503614898	5.63594591780186	5.94972014093941
8.68825244872487	8.69769955935724	8.73864838165109
8.71468424223342	8.81255200807413	8.8807268239544
5.68602778361035	5.64720237314499	5.56824779258591
5.64995852890283	5.93432858548969	5.92986622613078
6.98280240126938	7.12217969663343	7.09348394847855
5.88533659183376	6.00018917225482	5.99182197381924
4.25306837633425	4.38566221399152	4.49357110629142
7.51108470740142	7.51212621494944	7.63720941621346
10.5204793251934	10.4854592216688	10.6507917055588
6.31196206538782	6.34476418280952	6.54014947291175
9.34617778072573	9.24364320911909	9.37926747963081
6.88533659183376	6.90649437729296	6.86687130289981
9.07409823528893	8.98029977575046	9.06570285767808
6.82191121169212	6.83117836832164	7.0029502552061
10.5433944738358	10.472466019535	10.5060559776951
8.44157480351828	8.37328814557963	8.3974529520276
6.62230218599997	6.61889482586264	6.63107463004135
9.39738672164049	9.26632948895643	9.37192861662835
16.2150847152631	16.11686527656	16.0679842854769
10.8658140335689	10.7055727100157	10.6971638204991
4.77244253542783	4.57830729193392	4.89274220011124
6.82191121169212	6.81296855060363	6.7166074441933
8.37131734300424	8.29791931934986	8.33968827962814
5.3003740911126	5.21965226255259	5.15463658609836
6.21654250030913	6.02052962053899	6.07552485714024
7.48572913312453	7.44813579332089	7.43725805788851
8.10440099545245	8.13955372368127	8.10238034896694
6.99722947190465	6.9943245501916	6.90804494272235
8.10772901317021	8.0270071846102	8.03428036896285
6.71249999497154	6.5605568897965	6.54450807151664
5.90076663240337	5.7129568186287	5.83342110917604
4.43364062197607	4.66945517999211	4.54668244275098
7.64538579911301	7.65465817806403	7.59265586718328
7.74705721700791	7.77669894867829	7.73959908681952
10.1987072901299	9.91214322757819	10.0369896562208
7.82595804475483	7.54860078511773	7.52478983690214
16.2433023707579	16.1777173706094	16.1523125660564
7.77244253542783	7.41009643230172	7.26967509436459
9.67821432908738	9.46254418609888	9.55912187724644
11.6044493570086	11.6616131732511	11.6009189733285
7.61764080863011	7.45455729520259	7.48679257366035
7.93863481799381	7.74823229337623	7.85726785113041
4.3003740911126	4.481010090579	4.55534730387811
7.23492102962398	7.35280790359592	7.34656869390473
6.58458252005081	6.34936608476853	6.11122222571875
7.58935176419868	7.50904462949681	7.44543861061833
7.07409823528892	7.09503505690262	7.22692544690524
7.17906779489047	7.31448859956769	7.35279526826962
6.46511885344924	6.62839252337023	6.72814906607599
7.98280240126938	8.25380415952992	8.29834748424725
7.63619662765835	7.79368201755304	7.87986474144241
5.34617778072573	5.69499027209925	5.70302447192037
5.49592490023041	5.40347349010798	5.35155210141899
12.1565485809095	12.1235655911101	12.0760894759098
6.77244253542783	6.64906993980175	6.57465503497905
7.62694855085633	7.53956823013905	7.54014947291175
5.4754607976707	5.24456989475692	5.39564468560216
5.4122669711835	4.95561214385766	4.80099963148366
5.32345770422564	4.93738838523874	5.0045330255688
6.24099554403367	6.34245771542635	6.34906254939329
11.4533948563171	11.3893677982899	11.3890706546612
8.44420986368626	8.46625632388898	8.43020904529399
10.6094469810984	10.5022160534827	10.451833803621
4.96088762484094	4.76210446795779	4.7262318630817
8.62230218599997	8.56699197870608	8.55912187724644
7.13408034011716	7.18015880636022	7.12292772637103
13.9679435044307	13.81707546321	13.7410981450972
9.73096153081908	9.80230896613202	9.79872085192145
8.06727696943292	7.82540922879366	7.81640060392032
6.56534630118789	6.50595644770923	6.50479836171467
6.42299337777656	6.20449245538159	6.16316485747975
3.86973973678274	3.66945517999212	3.96605887775417
9.37822350765654	9.22592213352868	9.26506057579202
5.51610278216804	5.76210446795779	5.82985449415585
7.93489241630799	7.73158394235106	7.78543247587663
6.3003740911126	6.24950219029915	6.22963473416323
5.25306837633425	5.09913945523536	4.74149861973501
6.95350809447534	6.90023538682128	6.7659676153289
8.30327982228802	8.14088156090421	8.12729291893243
6.8380308770554	6.82788454259659	6.76783276754846
6.35740503614898	6.03488491351606	6.03892175111372
6.12753749425039	5.80293818546637	5.741498619735
8.85990537667817	8.67496516138439	8.6382293491233
5.25306837633425	5.19940357870879	5.38596213220482
6.12753749425039	5.99138327487947	6.17164301140406
6.82191121169212	6.83117836832164	6.81369470433203
5.4754607976707	5.55060036276407	5.37131535624042
5.85397242092443	5.97062471471268	6.16882249234168
6.73849520350449	6.68774053301987	6.69716382049913
5.90076663240337	5.35852608405401	5.16599644826292
6.75556871686344	6.67129417965589	6.5767844745404
6.4754607976707	6.481010090579	6.48679257366036
7.36854559375419	7.18015880636022	7.05275697207915
5.51610278216804	5.51007255618147	5.40046170189994
5.34617778072573	5.13156093292773	5.16032769817622
11.1703409904699	10.8503791803837	11.0272901774313
6.60356562341838	6.37892588249565	6.53796522564987
8.15674941546688	8.0161950302751	7.97899793346166
4.43364062197607	4.5141769545142	4.48452596668841
9.85793043449311	9.69318124986738	9.68092317949191
7.40146021622692	7.61412242640359	7.59054974266195
7.24099554403367	6.90180268196824	7.05428606076589
6.81378333080873	6.91272633100447	6.92485976058301
6.62230218599997	6.620799374048	6.75284359332901
8.00081380925369	7.96238713954243	8.11854928586045
4.90076663240337	4.85564523579721	4.87900214348494
4.39057190008418	4.27391385633906	4.56396043418282
4.43364062197607	4.76899085354303	4.83697892858923
9.07579852427877	9.0016516103333	9.14246791276667
4.63157999958798	5.11002777137809	4.93982733618098
6.67709465884035	6.62460094420785	6.79369483086043
9.44157480351829	9.31006902588504	9.45096339934666
9.21500033550073	9.20035911139029	9.3083137737459
10.8269679818215	10.7601617347596	10.8973287912915
14.3278788374947	14.2718321268776	14.2969051168969
4.59410529416931	4.60933418755454	4.58103394754176
5.1010652828892	5.38566221399152	5.37131535624042
5.34617778072573	5.58612679639322	5.49357110629142
6.54585012556209	6.481010090579	6.48225579306358
10.9334865090593	10.8336438118853	10.7502515721418
7.69047368864155	7.41119730609866	7.46511466024219
4.90076663240337	4.73422543538235	4.82985449415585
5.3003740911126	5.29315007520198	5.45704523026631
3.59410529416932	3.34014755473915	3.49357110629142
13.5254648853717	13.4113004699616	13.4197929627318
10.0194868562874	9.83610504940156	9.90253765794573
10.9976780013785	10.8207565371315	10.6900502880754
9.80253219583402	9.71985914621215	9.8970092692997
6.37960078226318	6.19940357870879	6.21056200069636
8.72988207319978	8.58563931707082	8.72142767935192
4.73849520350449	4.91893148053118	5.0542860607659
6.86973973678274	6.96463841964695	7.13598387919648
4.8380308770554	4.81629656832138	5.23773220186183
6.78912127657445	6.68774053301987	6.77897332515366
10.6012063505445	10.5020869012476	10.5280949816258
6.4547022375039	6.77925918899685	6.82806787468184
10.6624593124719	10.5510998244415	10.7078902270922
7.73849520350449	7.70040376828562	7.75754446109483
6.50604911750412	5.49353718845516	5.5767844745404
9.19323512681706	9.07919245991755	9.21501212536174
7.98280240126938	7.91194880738507	7.99739684428717
6.61296432142063	6.61889482586264	6.60000318410835
10.9050767618724	10.8585737466677	10.9523878090818
4.73849520350449	5.08816833741435	5.15463658609836
8.40687371241328	8.38229797995814	8.6135497159463
6.86973973678274	6.73598374765471	6.90804494272235
5.83803087705541	5.65093509202132	5.85814353858727
6.57499647122161	6.73949395629853	6.88588852907018
4.2041587758533	4.20449245538159	4.58949552628996
10.646530341054	10.6661160064526	10.6933661240619
10.8959624486736	10.8327197642169	10.9269478996665
7.70372978534381	7.69136995642056	7.8182017215586
7.96088762484094	7.94728815252546	8.05199181956008
6.2041587758533	4.48937356351363	4.89956346596726
7.86973973678274	7.4577573594519	7.45241378153466
6.56534630118789	6.49145687801412	6.64128482864357
9.67148323581541	9.55234772266039	9.59265586718328
10.2806058213525	10.1853158986823	10.2648954982656
6.4547022375039	6.35166154275619	6.29576432323324
8.33201971772907	8.1645759901557	8.31821168714484
11.0348652039483	10.9647321467895	10.9982907997268
9.15674941546688	9.04449461133904	9.04200773098746
7.30617971279381	7.30148593437004	7.22963473416323
7.74278256190759	7.47470551372479	7.4570452302663
9.40687371241328	9.28175952952604	9.38505105226239
9.05698421442508	8.93164592691721	8.96849380667122
9.28428710694497	9.1955751066499	9.16458134756987
2.66810587561309	2.34014755473915	2.12583932179093
8.01151369791091	8.02915992568243	7.99501025145029
10.4533948563171	10.3240181477224	10.3980552041928
6.87755924124204	6.98696008784529	7.00611406138828
9.11104937146182	9.01872512369224	9.066460774712
10.1275374942504	10.0054834719243	10.0878957102163
3.93114028144689	3.99725984121614	3.80099963148367
7.80150500103029	7.84590822443192	7.90041386094672
5.4122669711835	5.53856111314116	5.53796522564987
8.06727696943292	8.18788754827751	8.25645139920842
6.3003740911126	6.17368640860041	6.25645139920842
5.17906779489047	5.06597259130016	5.13164494347214
7.4283268220796	7.2799527728204	7.38474723104596
10.5476891252259	10.4569580085916	10.5242382425384
6.27691511828862	6.42978476722383	6.36885970451411
4.25306837633425	3.88763535004164	3.95300272492871
4.96088762484094	4.86852652709394	5.010846799501
5.53600233960575	5.31684018124708	5.52478983690214
8.95350809447534	8.81046748951919	8.90465833309002
4.1010652828892	4.42978476722383	4.63924856148705
4.34617778072573	4.39459533876153	4.36146757028407
10.3946646547181	10.2504251213729	10.2923668901119
6.88533659183376	6.7826657904401	6.82089918892137
10.2642956317575	10.2163496398798	10.3087942716824
7.70812155446097	7.55956432350975	7.64940127784794
3.15353270278333	3.481010090579	3.63107463004135
4.73849520350449	4.72008125306208	4.93319424384853
7.3518023299196	7.51622478316306	7.59685891470344
8.64767397570828	8.57192258856645	8.59528420647991
7.76403029561163	7.87092901730925	7.99580622114822
8.41495605871114	8.48989467424383	8.57038670334225
5.36854559375418	5.27391385633906	5.39564468560216
11.0897499696614	11.0334557949833	11.1742822493635
9.41495605871114	9.37328814557963	9.47256750238036
12.5948466204489	12.4521860065342	12.4991956554853
11.1127066893246	10.9788155214622	11.0393078597848
6.14059364707584	6.10186924799093	6.14030980459926
5.12753749425039	4.99138327487948	5.12001024298873
3.43364062197607	3.09913945523536	3.71080182251209
8.21036392538001	8.08954429845417	8.30542742058396
7.02565788023117	6.88129382316782	7.01242093499912
8.1822281357838	8.08472268246648	8.18845129909061
7.17906779489047	7.40125906904254	7.46281371072592
8.08088740095157	7.88763535004164	7.97011481250567
7.49592490023041	7.39904124379272	7.4243084438543
7.1209648403269	7.18788754827751	7.26704003419661
8.25005962646191	7.99872525022064	8.1294705722378
10.514849898858	10.4449142920771	10.5311180602536
5.83803087705541	6.11544126756446	6.0045330255688
4.04661749886682	4.36762829116126	4.37131535624042
7.05353691280661	7.09229228983908	7.18007163347464
6.4122669711835	6.29315007520198	6.44310603930843
4.34617778072573	4.81629656832138	4.7262318630817
9.54093463514798	9.49483586082739	9.60913502152941
8.09772183981483	8.07085717409741	8.15035347051041
9.53105312363401	9.36422168971801	9.48990335511647
8.39330169283975	8.44168558120121	8.51093631158415
7.14059364707584	7.1788666477061	7.27230535040925
9.81886861996851	9.71518698608608	9.83453387054312
6.40146021622692	6.39459533876153	6.45009246962454
6.06042329839185	5.78606436690197	5.79002851366266
9.41495605871114	9.22904688034454	9.41570947559887
6.96822960018211	7.07294551469013	6.82985449415585
7.92737836265068	7.92742021614751	7.91899684088212
6.50604911750412	6.44706275865566	6.34407052004954
6.32345770422565	6.24950219029915	6.29317652874409
7.03966473822505	6.89866638716594	6.98221464614521
5.51610278216804	5.36308436601631	5.54233041821127
7.07409823528892	7.02485122648909	7.00136574649011
4.73849520350449	4.80293818546637	4.92653051356753
7.11436210550266	6.89552325947196	6.8876050016592
3.93114028144689	3.65465817806404	3.88588852907018
4.70372978534381	4.82953239547808	4.85814353858727
9.4547022375039	9.24549598553927	9.44747652141753
8.50856910948263	8.39626415912215	8.42667158122279
10.4041695034849	10.2959837150003	10.3748380487853
9.35740503614898	9.28416502410732	9.32297673069571
6.69490593495681	5.86852652709394	6.06342671462237
5.27691511828861	4.84916120222701	5.23773220186183
2.80560939936303	2.755185054018	2.69520496746107
11.6686693183232	11.6246009442079	11.7123159544293
10.5604969015265	10.4702230435749	10.491597322091
6.06042329839185	6.23216487386614	6.23773220186183
4.96088762484094	4.69860152565163	4.66349610773373
4.86973973678274	4.53856111314116	4.66349610773373
5.63157999958798	5.62079937404799	5.5767844745404
4.39057190008418	3.99725984121614	4.07853360701258
9.22729174140083	9.15146049036544	9.21124752935781
3.93114028144689	4.03202525937682	3.92653051356753
4.99003397050046	5.29315007520198	5.34656869390473
10.2203907155566	10.1684875019261	10.2429377648939
10.237961483944	10.0635240841574	10.1147072195661
10.147077680646	9.94025106566916	10.1234740982923
4.39057190008418	4.44706275865567	4.23773220186183
5.64995852890283	5.66577013318426	5.71853747129169
7.01860312269723	6.95712045036293	7.0994209734864
5.3003740911126	4.94956309918484	4.7490718394398
10.4156275481535	10.3797696460683	10.4962455014938
7.52608687074066	7.64439648239169	7.78635285551927
4.39057190008418	4.84916120222701	4.84406835337555
8.69269151389136	8.63735778714392	8.73388543562513
6.31196206538782	6.36080702530524	6.37865733158159
11.687696603971	11.5078873358505	11.6115388100086
7.57979745748543	7.45669145985345	7.51704825812185
6.27691511828862	6.47048710416699	6.29317652874409
10.6333129668124	10.428018340299	10.5224441029728
10.346882049737	10.2056032584158	10.2672048665351
9.56292363892104	9.49561450348777	9.65923185779008
6.12753749425039	6.20449245538159	6.08752239023983
4.80560939936303	4.5141769545142	4.64737644237046
5.15353270278333	4.63217416391265	4.74149861973501
4.34617778072573	4.5625399760756	4.47542375958116
11.2824476383279	11.2224770769801	11.2682758179351
7.4547022375039	7.30148593437004	7.52037116563513
4.55563114635468	5.03202525937682	5.16599644826292
6.74705721700791	6.534525599906	6.83875455347908
11.3489927963328	11.2232607670645	11.2831862571538
9.42031924347824	9.28896401411537	9.42696670141219
5.78912127657446	5.58612679639322	5.47998204154346
8.56292363892104	8.46254418609888	8.54993786731595
8.4547022375039	8.30207951390563	8.47485296034883
11.2203907155566	11.0498941573232	11.0953418946991
9.49083602355761	9.44276262122204	9.52781984192041
8.67485270805368	8.52997211361917	8.71709019308215
11.4179753030099	11.3916702500589	11.5116321564059
10.9339552970539	10.9060063703063	11.0791909354508
9.92926054822866	9.88426988495525	9.99918420157656
10.4592687641681	10.3560986260957	10.4540075196279
10.2303482998342	10.1936570540197	10.347660286162
8.15674941546688	8.13622877397058	8.23840494379096
7.73849520350449	7.7595135752395	7.78266780871141
5.49592490023041	5.42543274268412	5.30092602834902
8.30617971279381	8.14485775554119	8.22489013731648
9.06727696943292	8.99945739692039	8.94519435783256
6.82999355798999	6.65465817806404	6.64128482864357
5.1010652828892	4.97955783948269	5.14318656535483
9.69711696227216	9.59632599586807	9.66524831846118
7.48572913312453	7.56154877367255	7.78727264837215
11.0629972420557	10.8964079564893	11.0139933548179
6.27691511828862	6.1866022964857	6.24042128938947
5.25306837633425	5.25441768071327	5.41004775072914
8.72772073191032	8.7646907161094	8.80054416343225
7.08764476712687	7.15409314628009	7.03892175111372
8.59647619863206	8.67816962574682	8.69520496746107
10.6810097088437	10.5664979896443	10.5651675420827
8.66810587561309	8.5570799160749	8.62439904043655
5.3003740911126	5.53856111314116	5.47085102979134
7.01860312269723	7.0589658021951	7.0029502552061
7.4283268220796	7.26906445667767	7.34532014770748
7.31196206538781	7.26663363042291	7.31884793634628
8.23796148394404	8.01257289671065	8.13309270580225
6.88533659183376	6.98843599082913	6.97577403258737
7.34053121758458	7.22842247218032	7.35030786241053
4.99003397050046	4.7129568186287	4.82269470258298
4.77244253542783	4.92511005546031	5.14892293490397
13.4150400119854	13.2996665763288	13.2748283520408
9.34194493160353	9.14816290026486	9.09497049682325
8.31484457392094	8.16522864569313	8.46166185833667
3.80560939936303	4.5141769545142	4.88588852907018
8.91793042422928	8.83158956827907	8.90381043706744
8.57258997351452	8.63170200058299	8.73054199255076
10.0361757521452	9.93929746986414	10.0819109672149
6.52608687074066	6.33086974115114	6.39323013266886
5.63157999958798	5.5822223419373	5.78266780871141
7.46511885344924	7.39348171845082	7.46626376029568
11.0269768152987	10.9011171998385	10.9984893812882
9.32059237053126	9.23682926538763	9.33277489438836
5.53600233960575	5.44276262122204	5.56396043418282
4.2041587758533	4.36762829116126	4.41957052484764
5.96088762484094	5.9158322418723	6.05122626101684
5.12753749425039	4.82953239547808	4.67943765160275
6.36854559375418	6.39459533876153	6.38838886959936
6.78080600836245	6.6583716808631	6.78266780871141
7.50099588977783	7.34821698471503	7.27624176496842
4.80560939936303	4.69136995642055	4.58103394754176
4.93114028144689	5.34014755473915	5.35651835431234
6.36854559375418	6.04909877273576	6.13164494347214
3.66810587561309	3.54659843220657	3.88588852907018
10.5179800694087	10.4240700382842	10.4487850884378
5.32345770422564	5.13156093292773	5.33654993807974
8.48316889280596	8.4534890278151	8.65847803296711
4.3003740911126	4.481010090579	4.30092602834903
10.7031798729907	10.7055727100157	10.7354351185282
10.9511942286371	10.9118515874625	11.0004736949782
9.53105312363401	9.4906759875805	9.55237462408705
8.98642271694808	8.98474339848593	9.13598387919648
7.26504101800033	7.16065384444806	7.24578447415656
11.2553208280656	11.1408815609042	11.1812967036382
9.67821432908738	9.74823229337623	9.76969551156566
6.4754607976707	6.29791931934986	6.5767844745404
9.25156478574386	8.99652657815543	9.23503809269256
2.80560939936303	2.7271706778484	3.07853360701257
5.96088762484094	5.79957917337645	6.02651139466429
6.27691511828862	6.5304787668433	6.49131513235105
7.03966473822505	7.11948810062716	7.02339205282011
8.27986843567797	8.26784955551881	8.17867027829802
8.40146021622692	8.31095402440429	8.30927460963948
8.82999355798999	8.82086009346363	8.81324322723841
10.2432669090385	10.0929784706087	10.1952241200271
9.83100067498787	9.77733943483349	9.82985449415585
9.51985491702915	9.44168558120121	9.61588144948216
6.33486246749789	6.57634577560063	6.63924856148705
8.74064047533605	8.67771228066741	8.98862663465944
8.7870469483366	8.81754259837513	8.89274220011124
7.32345770422564	7.14088156090421	7.31757515722457
9.48828483802828	9.31742747823907	9.43901494266933
8.33486246749789	8.29255280960004	8.36763030943256
11.2265265888818	11.3163261001866	11.27902357445
9.26056291288117	9.11982482487677	9.27951392568367
4.55563114635468	4.66945517999211	4.381096377033
6.8380308770554	6.73246497751792	6.82269470258298
13.0629972420557	12.8197205647755	12.6591376512248
6.40146021622692	6.27633245714171	6.22963473416323
2.66810587561309	3.42978476722383	3.64737644237046
4.43364062197607	4.89394912397385	4.55534730387811
9.03966473822506	8.85564523579721	8.86251402069637
2.34617778072573	3.56253997607559	3.54668244275098
6.43364062197607	6.5141769545142	6.45473136442806
7.64995852890284	7.35738425966445	7.60314061566211
10.265786019329	10.1161165285367	10.1739306298051
9.33201971772907	9.2904604306388	9.27820595184894
7.06727696943291	6.90649437729296	6.97092463292598
7.72555614779699	7.79199267890464	7.81730144381277
6.96088762484094	6.72363032014316	6.75284359332901
5.72121721207265	6.01474726794499	5.99501025145029
9.57379372413995	9.56501500677508	9.62130754988025
7.43893492164559	7.32620836378128	7.28277868163876
3.99003397050045	4.09913945523536	4.14892293490397
4.34617778072573	4.481010090579	4.41957052484764
7.70372978534381	7.70220376233183	7.76969551156565
6.69490593495681	6.60741443339118	6.62491364541468
9.09772183981483	8.89197903621599	8.97778981472458
5.80560939936303	5.85564523579721	5.97577403258737
5.17906779489047	5.48937356351363	5.38596213220482
8.74278256190759	8.74736083757148	8.76550095026228
9.80047707434563	9.76576695266874	9.85441819047108
8.84602366780893	8.73773991955859	8.84583527954974
7.56049690152649	7.67129417965589	7.68240717932195
8.84801496562803	8.82829668230541	8.78497206577511
6.98280240126938	7.06876580619184	7.10238034896695
5.17906779489047	5.16848750192609	5.15463658609836
10.6088599230879	10.5201841983584	10.5958093002222
8.62230218599997	8.4651966873809	8.59002273076901
10.5186052893712	10.422842502841	10.4592111142355
6.73849520350449	6.33551610600751	6.28538517745324
5.53600233960575	4.1942966882757	4.85814353858727
9.40281549583893	9.38061291645232	9.44135413254684
7.55563114635468	7.41997418512845	7.4243084438543
8.83602574116503	8.67725479056024	8.80463820854701
9.97917297786868	9.95277981186839	10.0615271817069
7.05353691280661	7.11408979670133	7.08752239023983
10.6748527080537	10.5722917058873	10.598955855539
6.04661749886682	6.12888679862941	6.21056200069636
3.51610278216804	3.91272633100447	3.741498619735
8.09101161822528	8.00675850076639	8.06494454226462
8.03617575214518	8.07503083672155	8.13453901674132
7.50604911750412	7.70040376828562	7.75190157890384
7.41764014328236	7.39348171845082	7.4946977717457
6.33486246749789	6.13423011970372	6.34407052004954
5.3003740911126	4.98548267343979	4.9131099978052
7.90076663240336	7.88049916876002	7.91899684088212
9.46122143088744	9.35538388987062	9.46425223416835
7.59410529416931	7.52540420993745	7.60104975291804
2.80560939936303	3.32153187657181	3.23773220186183
6.2041587758533	6.04343002264907	6.01713306234843
10.4882848380283	10.4488060349315	10.5275446497325
10.7576887687378	10.7018664344691	10.7316175159278
9.81886861996851	9.68523999738248	9.7659676153289
1.93114028144689	1.5141769545142	1.97899793346166
9.45731345096044	9.43059931229537	9.56019851538662
7.80150500103029	7.65744420089487	7.81640060392032
7.36298606841228	7.47154286348296	7.45125359245654
7.1010652828892	7.06317395794749	7.17023344114938
9.53476662643308	9.43601789158869	9.52092424022151
7.56049690152649	7.66207564962651	7.80645406157578
9.57138521766923	9.46360577190166	9.61017498916564
5.49592490023041	5.45988679901325	5.44310603930843
4.86973973678274	4.91893148053118	4.8511231109095
10.3097963981697	10.3839810776107	10.4016634471097
9.27247377550684	9.33667536283235	9.42134906837376
5.66810587561309	5.84916120222701	5.86861053763834
8.74064047533605	8.57830729193391	8.60991506752889
10.5123408633718	10.4416855812012	10.3783521607627
