k27_temp20_1	k27_temp20_2	k27_temp20_3
7.40051788516168	7.32800014471749	7.36020906438707
2.61392152327088	2.97582576296201	2.88947198487639
6.81555538444053	6.90375434834131	6.84545713001308
9.48798072641202	9.52337388379186	9.64358861069724
5.50144679401246	5.55261433223747	5.54217909223338
5.2227307659464	5.46822214494709	5.48365301562693
7.16235814796692	7.19778146716454	7.24295814826641
6.92135004846312	6.88922232242994	6.87202685041698
8.34998515114269	8.34170331853859	8.38317350559843
11.8620863025716	11.9095164179142	11.8791939730036
11.0220389312627	11.0175313132048	11.0528313704641
5.86184903671446	6.00906209243594	5.80374211085051
8.75142504702081	8.72344983862694	8.76267945422862
8.23743726476142	8.21730402542935	8.35519534938141
9.05852233698238	9.12557288246669	9.13630391919565
6.19888402399203	6.40152174373957	6.42982359889726
10.3032206838068	10.2296932743938	10.3220138852647
4.75142504702081	4.86136703837709	4.73592672662294
7.13119721648046	7.31959490638895	7.21969940298224
6.75959897846651	6.75139419635196	6.89639139881618
7.68001071372865	7.78841100509592	7.84902815916528
8.21977139046586	8.2511611635456	8.31056578407533
4.81555538444053	5.03569721893941	5.09592286234382
9.50144679401246	9.56434984732456	9.60160211354051
4.42127644532848	4.66303832193111	5.01558075402621
5.4417405478882	5.53197456617843	5.38378912115755
5.42127644532848	5.3693071188744	5.47443448559755
10.9688320348577	10.999885446061	11.0412691501203
6.19888402399203	6.25557404235707	6.31831528368027
3.81555538444052	3.61674466965719	3.98344813308541
9.95644071293148	9.95872268438587	10.0197455236872
5.55877996907842	5.84472677268927	5.88947198487639
3.5399209418271	3.34111022704375	3.52888226961992
6.97849395556674	7.12522844053098	7.20723244554853
11.4050844118259	11.4341454778519	11.4577204589635
9.23450793372275	9.22857136517921	9.37359771918146
5.19888402399203	5.3693071188744	5.26584786378613
7.47190251839845	7.54542395403098	7.71455307583037
10.1390507744748	9.98078413810888	9.99699086899178
10.0920844160085	10.0342303199407	10.0866886779864
9.66920395877207	9.66824917817882	9.7165092727957
5.01991388294671	4.75851863078535	4.93049925313645
9.19436854286954	9.05788457102061	9.04701326186287
5.99243314652461	5.91973120089108	5.9605217362359
8.26927335188343	8.22182152645277	8.29494077530646
6.18681119169146	6.35996925429507	6.32088922734409
8.22863136738608	8.33992331209331	8.45523317923426
9.00452042882334	9.00719404214142	9.08687772274081
4.9924331465246	5.05318464566825	5.07167531609714
5.12488344254826	5.40152174373958	5.39848563236425
8.05354466082799	8.07760117240131	8.24363658469597
8.14374246979957	8.08186740037233	8.11606943545559
5.35808261884129	5.62456417411648	5.7243076433561
4.19888402399204	4.48550013637893	4.48365301562692
4.37945626963385	4.13757683295862	4.33877938623998
9.00623894604964	8.96585759387077	9.06324520156617
6.30322068380677	6.30992857179547	6.44877553042608
3.46191842982582	3.6930955557873	3.71259422279232
7.85423585260459	7.97046684712336	7.92374188696114
5.78384652471319	5.86467218310077	5.92374188696114
8.63406809638265	8.47364377868914	8.69335471502719
8.97147352788896	8.91575354455033	9.04895523959706
7.88070806396578	7.96277655684095	8.03059661446587
10.9002482503614	10.8010810298413	10.7997111078344
9.71300628416274	9.5852862560794	9.57030482244709
6.95732934556869	7.12108871017005	7.09592286234382
7.38475056930337	7.52572461398843	7.65561860445454
10.6037417433885	10.5744776182313	10.6350816734519
7.94662945691148	7.91893654648328	8.00601588999068
4.90670327249872	5.41961220072247	5.34890360351369
6.77580920564778	6.61085210173398	6.74936510094773
5.35808261884129	5.58903774048734	5.80005706404265
8.67785582902498	8.66113878901563	8.80833522215099
9.46317022603529	9.44246394241762	9.48709483445432
9.13905077447485	9.21665751184431	9.23000686555261
6.93584961815824	6.9895151175101	7.06093750439449
7.32541642992097	7.36814318574077	7.47905111366792
8.07662827394103	8.12177949066727	8.08989907471605
3.5399209418271	3.39696346177727	3.696826906934
6.87695592910466	7.22632492600077	7.124197316339
11.2771238018504	11.2357684619565	11.2240031322071
9.11695216891204	8.97697151686013	9.13703439771297
7.22863136738608	7.23656592758999	7.23479192811799
4.33638754774197	4.78666967109949	4.75888787506625
7.26353698233429	7.31718438779827	7.36145977538078
6.2577777130456	6.29039940671022	6.23888081618586
4.93584961815824	5.04154994518485	4.8472437494871
8.90486192567455	8.97429667427527	9.03882828898091
9.45312531136782	9.43108331646109	9.58563704791716
8.48921012149357	8.24610128973679	8.45698935113814
10.1569533435261	10.1994184752159	10.2344506637661
4.42127644532848	4.37858493246241	4.10789550400989
4.04688093054698	4.24292983310485	4.03452231767967
5.5208121188794	5.60097735379886	5.68088536306498
5.70138436452121	6.04154994518485	5.80741776899391
11.5957741765606	11.5432985072594	11.6077413910931
8.31713299066202	8.25871785497809	8.34701071668073
9.02161417193655	9.09353489108047	9.0663164002585
4.57739564724576	4.68563975086825	4.91013145544249
5.92135004846312	6.06472626755094	6.0655492133003
4.78384652471319	4.83464970000132	5.04078130815136
7.63184343126814	7.58803829809137	7.61424817003469
4.6495454330016	4.87454242712483	5.01558075402621
10.3452405542959	10.3088673764252	10.3572342729726
9.17616394749195	9.16799317476062	9.2788137550893
9.570442886604	9.64801135503002	9.64769519960312
8.80572102433595	8.71523453305654	8.73977905211854
12.1482244057255	12.114943495977	12.1524702650816
11.2089924774663	11.1818881506388	11.2255493372218
7.30322068380677	7.53093478592377	7.51096036162267
10.9227155904874	10.8834293790451	10.8994082379398
4.71825818308561	4.6400771734878	4.8614576087068
10.199635232049	10.1567463241852	10.1508436748225
7.82726880500432	7.88841067962885	7.99235618577679
6.76772685934991	6.75139419635196	6.9067086898017
6.77580920564778	7.10161133567075	7.1932527330535
9.83115223949154	9.80527976468771	9.88990542187556
9.2242081803519	8.91814145412869	9.04234182213898
3.99243314652461	3.97582576296201	4.25512145719307
7.6451402538816	7.82195356314283	7.76929083423508
5.75142504702081	6.14303126305073	5.92712452635579
5.95020491113531	5.92290544868622	5.97039198025996
8.73286259599438	8.70420751090752	8.89466465409672
10.2685575517988	10.3498336978873	10.3686303975851
7.35268936007107	7.57296297762927	7.64230290074592
5.93584961815824	6.12935632615365	5.81108408619167
8.5889096352628	8.66066351474321	8.67636988194248
11.9984894464447	12.0249820956664	12.0230588254928
6.6407215826146	6.80398914729952	6.88599979296958
11.8410560869539	11.7501102872754	11.6798831434756
4.81555538444053	5.02982065260274	5.12567020573787
4.09934835044112	4.26310771504248	4.39848563236425
8.83695786117275	8.93749617480346	9.01478609961841
4.14997442351109	4.61674466965718	4.39848563236425
8.37680181618788	8.3698887334926	8.40759550292557
8.91037893064212	8.69356026670801	8.5845664021976
6.59577417656061	6.76029425567519	6.74936510094773
5.93584961815824	6.03569721893941	6.00601588999068
4.37945626963385	4.86796977320134	4.64024337856763
13.4416611720778	13.3936961523412	13.36278746884
7.28634686524237	7.23401248437316	7.42025344744649
6.82337488889982	7.17931893862747	7.38009148126696
3.75142504702081	3.66303832193112	4.10789550400989
7.33638754774196	7.35057055629282	7.21278662003472
7.77177369241261	7.8287387375117	7.81929939176207
4.9924331465246	5.08186740037233	5.19465681592918
4.71825818308561	5.12660571513762	5.00921122915049
11.0819345567744	11.1275518293069	11.12198515893
7.92861804892716	8.11416265250438	8.15481655139738
7.77177369241261	7.71523453305654	7.8064997320295
11.3985563688284	11.3536612584041	11.2755002601994
5.79978806858221	6.02096067568251	5.93386610423484
9.10256506312466	9.04483169950479	9.17238219441176
9.46567056468693	9.42409959171478	9.46806240318495
7.23450793372275	7.15927190405794	7.10938512215038
6.2577777130456	6.33873541985585	6.23342638609375
6.2577777130456	5.88759857995027	5.82202746387826
8.46191842982583	8.50363406510416	8.5416274978696
5.81555538444053	5.96969966016517	6.01558075402621
9.37147821221033	9.37279329465265	9.52358490048772
10.6944726005985	10.7286741198519	10.7870847668969
5.33638754774197	5.05318464566825	4.88947198487639
5.40051788516168	5.34111022704375	5.35393919341099
10.6533889615494	10.5472249110702	10.6068847816212
6.32541642992096	6.64392949898341	6.73592672662294
5.87695592910467	5.90053763565777	6.01558075402621
3.99243314652461	3.83464970000131	3.87553279391852
5.99243314652461	6.02392005116305	6.09592286234382
3.29199342838351	3.58503580992984	3.31831528368027
6.16235814796692	6.07902465060351	6.32602337881553
8.45941157421525	8.5531265619751	8.71553150587187
5.97849395556673	5.44191086783125	5.07777551563356
9.34998515114269	9.387516273272	9.50503088936386
4.71825818308561	5.00007330920869	4.82565688727895
7.52561310514322	7.63718116373471	7.51770719406325
5.37945626963385	5.53197456617843	5.40335138753607
10.8835157749543	10.8311693857034	10.8465740264387
11.0696597092643	11.0559883669699	11.0306948873477
5.97849395556673	6.169998310651	6.36645180472454
6.54938127107617	6.4441218951466	6.50870438768229
5.5399209418271	5.26810839610085	5.40335138753607
6.51116194884568	6.6362145338554	6.77023284866025
5.14997442351109	5.47256108067143	5.40335138753607
5.33638754774197	5.34111022704375	5.27649510798564
7.36880902543434	7.40152174373957	7.46515667200953
6.75142504702081	6.61085210173398	6.76078491023885
6.26927335188343	6.34584814605042	6.42743700606038
6.5399209418271	6.60097735379886	6.84724374948709
7.75959897846651	7.93631862471152	8.06784955134953
6.93584961815824	6.29530653743063	6.27649510798564
11.0647203776234	10.8434709811918	10.8647688220972
5.07335314190817	5.29775385784937	5.64024337856763
4.87695592910467	5.07046263710008	5.11384477034108
8.36880902543434	8.35762531382677	8.39970361052092
5.59577417656062	5.76913974654192	5.55535448098111
6.54938127107617	6.84305214099701	6.97366711229282
7.50631254918428	7.74871343675581	7.8614576087068
6.01991388294671	6.23784095643205	6.32088922734409
7.99243314652461	8.20431838383487	8.25512145719307
7.96795046132526	8.08115723789632	8.16201205280159
4.9924331465246	5.21212378632368	5.17202584142961
2.46191842982583	3.11555052662862	2.6484638853726
7.93945185483843	8.00906209243594	8.12640608692745
8.87507619588645	8.9406316175826	9.04390064999554
4.50144679401247	4.29285505843653	4.32858361913409
9.63961479695165	9.59253034647677	9.67586728829835
6.83888788827115	6.75496081137215	6.86498929967705
7.04018627797298	6.96508795125936	6.75127469095637
9.65612808339157	9.62456417411648	9.71357398177115
10.8101547841405	10.774530948774	10.8879539290751
5.71825818308561	5.62456417411648	5.58991170301748
8.18073667728177	8.14166958759251	8.07396591468506
7.4057355944327	7.27184756460664	7.19605953362927
8.47934550158401	8.61821405872417	8.66931758767167
9.02839535970181	9.13655182755786	9.24803866193641
5.12488344254826	4.76560805557166	4.76646109477105
4.19888402399204	4.61674466965718	4.37885682561532
9.64293260992994	9.51944746830226	9.6448731758617
6.24618973877039	6.38550434640221	6.30277443278449
8.464420937029	8.49991919629189	8.45932759320734
7.58661417727514	7.77178285269963	7.83649069319022
3.81555538444052	4.44191086783124	4.24431470223649
5.07335314190817	5.13210170289247	4.90327778440142
10.2656907946889	10.1602808993485	10.3167042337743
9.97586529700612	9.94356491925232	9.97530189438377
8.91037893064212	8.89286907493142	8.84411571193328
6.57739564724576	6.67438329552512	6.74936510094773
4.29199342838351	4.2730918036151	4.57273655920935
5.5208121188794	5.60493536736755	5.64435948703986
8.68859820956537	8.75184050572625	8.91311972852929
10.8613743879058	10.8627106667675	10.7828902055935
9.84849948305544	9.81961376971441	9.85392393602139
10.1001532012519	9.95717535077097	10.0437058885992
4.93584961815824	5.40606566888452	5.54217909223338
4.57739564724576	4.76560805557166	4.9963871887929
13.3336525800207	13.3302992905955	13.2769715628772
6.50144679401246	6.68376976351521	6.76646109477105
7.94304511956244	8.06400761496279	8.20723244554853
7.78784845527069	7.77617729728185	7.87202685041698
7.64072158261459	7.77529947855024	7.94892044995713
7.9537715261555	7.99631139041248	8.02902333727519
7.24036065996819	7.13347243462589	7.08233379759587
6.47190251839845	6.22503967420896	6.16917184437446
6.4518647651619	6.72799376377188	6.52888226961992
7.30880171607007	7.31476983486498	7.36769711774177
6.51116194884568	6.48335166980035	6.45112711210548
7.02670304860935	7.24926578988885	7.36270940303872
4.84658228006115	4.57699849086442	4.79636258048491
7.81947043444391	7.95814262874277	8.04078130815136
5.63184343126814	5.60493536736755	5.52442262142922
8.75142504702081	8.68423748763695	8.80879373003372
6.30322068380677	5.67438329552512	5.96710939627066
8.63406809638265	8.7361369370805	8.75603763698233
8.6604998898912	8.85098938579739	8.89811607928564
5.63184343126814	5.68563975086825	5.58563704791716
5.59577417656062	5.97276596321295	5.94725548146202
6.92861804892717	7.16061707435669	7.11087320380979
5.83115223949155	6.03862654997808	6.00921122915049
4.19888402399204	4.42409959171478	4.51096036162266
7.4569003550592	7.5505635926727	7.6545986715447
10.4662949728511	10.5238965993921	10.6681809608901
6.2577777130456	6.38320156053279	6.55753872824299
9.29199342838352	9.28208058684236	9.39665673496206
6.83115223949155	6.94493175501623	6.88426055823105
9.01991388294671	9.01873715347372	9.08309211300932
6.76772685934991	6.86961574604491	7.02033951053735
10.4892101214936	10.5109033972582	10.5234452330264
8.38739045117607	8.41172552330289	8.41484220735884
6.56811783365775	6.6573322035859	6.6484638853726
9.34320236929828	9.30476686667969	9.3893178719596
16.1609003629209	16.1553026542833	16.0853735408082
10.8116296812267	10.7440100877389	10.7145530758304
4.71825818308561	4.61674466965718	4.91013145544249
6.76772685934991	6.85140592832689	6.73399669952454
8.31713299066202	8.33635669707312	8.35707753495939
5.24618973877039	5.25808964027586	5.17202584142961
6.16235814796692	6.05896699826225	6.09291411247148
7.43154478078231	7.48657317104416	7.45464731321976
8.05021664311024	8.17799110140453	8.11976960429818
6.94304511956244	7.03276192791486	6.92543419805359
8.05354466082799	8.06544456233346	8.05166962429409
6.65831564262932	6.59899426751976	6.56189732684789
5.84658228006115	5.75139419635196	5.85081036450729
4.37945626963385	4.70789255771537	4.56407169808223
7.59120144677079	7.69309555578729	7.61004512251452
7.69287286466569	7.81513632640155	7.75698834215077
10.1445229377877	9.95058060530146	10.0543789115521
7.77177369241261	7.58703816284099	7.54217909223339
16.1891180184157	16.2161547483326	16.1697018213876
7.71825818308561	7.44853381002498	7.28706434969583
9.62402997674516	9.50098156382214	9.57651113257768
11.5502650046664	11.7000505509743	11.6183082286598
7.56345645628789	7.49299467292585	7.5041818289916
7.8844504656516	7.78666967109949	7.87465710646165
4.24618973877039	4.51944746830227	4.57273655920935
7.18073667728177	7.39124528131919	7.36395794923598
6.53039816770859	6.38780346249179	6.12861148104999
7.53516741185647	7.54748200722007	7.46282786594957
7.01991388294671	7.13347243462589	7.24431470223649
7.12488344254825	7.35292597729095	7.37018452360087
6.41093450110702	6.66682990109349	6.74553832140723
7.92861804892716	8.29224153725319	8.31573673957849
7.58201227531613	7.83211939527631	7.89725399677365
5.29199342838351	5.73342764982251	5.72041372725161
5.4417405478882	5.44191086783125	5.36894135675023
12.1023642285672	12.1620029688334	12.093478731241
6.71825818308562	6.68750731752502	6.5920442903103
7.57276419851411	7.57800560786232	7.55753872824299
5.42127644532848	5.28300727248018	5.4130339409334
5.35808261884129	4.99404952158092	4.81838888681491
5.26927335188343	4.97582576296201	5.02192228090004
6.18681119169146	6.38089509314962	6.36645180472454
11.3992105039749	11.4278051760131	11.4064599099924
8.39002551134404	8.50469370161224	8.44759830062523
10.5552626287562	10.5406534312059	10.4692230589522
4.90670327249872	4.80054184568105	4.74362111841294
8.56811783365775	8.60542935642935	8.57651113257768
7.07989598777494	7.21859618408348	7.14031698170227
13.9137591520885	13.8555128409333	13.7584874004285
9.67677717847687	9.84074634385528	9.81611010725269
8.0130926170907	7.86384660651693	7.83378985925156
6.51116194884568	6.5443938254325	6.52218761704592
6.36880902543435	6.24292983310485	6.180554112811
3.81555538444052	3.70789255771538	3.98344813308541
9.32403915531432	9.26435951125194	9.28244983112326
5.46191842982582	5.80054184568105	5.84724374948709
7.88070806396578	7.77002132007432	7.80282173120788
6.24618973877039	6.28793956802241	6.24702398949447
5.19888402399203	5.13757683295862	4.75888787506625
6.89932374213313	6.93867276454455	6.78335687066015
8.2490954699458	8.17931893862747	8.14468217426368
6.78384652471319	6.86632192031985	6.78522202287971
6.30322068380677	6.07332229123933	6.05631100644496
6.07335314190817	5.84137556318963	5.75888787506625
8.80572102433595	8.71340253910765	8.65561860445454
5.19888402399203	5.23784095643205	5.40335138753607
6.07335314190817	6.02982065260274	6.1890322667353
6.76772685934991	6.86961574604491	6.83108395966327
5.42127644532848	5.58903774048734	5.38870461157166
5.79978806858221	6.00906209243594	6.18621174767292
6.68431085116228	6.72617791074313	6.71455307583037
5.84658228006115	5.39696346177727	5.18338570359416
6.70138436452122	6.70973155737915	6.59417372987164
6.42127644532848	6.51944746830226	6.5041818289916
7.31436124141197	7.21859618408348	7.0701462274104
5.46191842982582	5.54850993390473	5.41785095723118
5.29199342838351	5.169998310651	5.17771695350747
11.1161566381277	10.8888165581069	11.0446794327626
6.54938127107617	6.41736326021891	6.55535448098112
8.10256506312466	8.05463240799836	7.9963871887929
4.37945626963385	4.55261433223747	4.50191522201966
9.80374608215089	9.73161862759064	9.69831243482316
7.3472758638847	7.65255980412685	7.6079389979932
7.18681119169146	6.9402400596915	7.07167531609714
6.75959897846651	6.95116370872774	6.94224901591425
6.56811783365775	6.65923675177126	6.77023284866025
7.94662945691148	8.00082451726569	8.1359385411917
4.84658228006115	4.89408261352047	4.89639139881618
4.33638754774197	4.31235123406233	4.58134968951406
4.37945626963385	4.80742823126629	4.85436818392047
9.02161417193655	9.04008898805657	9.15985716809792
4.57739564724576	5.14846514910136	4.95721659151223
6.62291030649814	6.66303832193111	6.81108408619167
9.38739045117607	9.3485064036083	9.46835265467791
9.16081598315851	9.23879648911356	9.32570302907714
10.7727836294793	10.7985991124829	10.9147180466228
14.2736944851525	14.3102695046009	14.3142943722282
4.5399209418271	4.6477715652778	4.598423202873
5.04688093054698	5.42409959171478	5.38870461157166
5.29199342838351	5.62456417411648	5.51096036162266
6.49166577321988	6.51944746830226	6.49964504839483
10.8793021567171	10.8720811896085	10.7676408274731
7.63628933629933	7.44963468382192	7.48250391557344
4.84658228006115	4.77266281310562	4.8472437494871
5.24618973877039	5.33158745292524	5.47443448559755
3.5399209418271	3.37858493246241	3.51096036162267
13.4712805330295	13.4497378476849	13.4371822180631
9.96530250394521	9.87454242712483	9.91992691327697
10.9434936490363	10.8591939148547	10.7074395434067
9.7483478434918	9.75829652393541	9.91439852463094
6.32541642992096	6.23784095643205	6.2279512560276
8.67569772085757	8.62407669479409	8.73881693468316
4.68431085116227	4.95736885825445	5.07167531609714
6.81555538444053	7.00307579737021	7.15337313452772
4.78384652471319	4.85473394604465	5.25512145719307
6.73493692423224	6.72617791074313	6.7963625804849
10.5470219982022	10.5405242789708	10.5454842369571
6.40051788516168	6.81769656672012	6.84545713001308
10.6082749601297	10.5895372021648	10.7252794824234
7.68431085116228	7.73884114600888	7.77493371642607
6.4518647651619	5.53197456617843	5.59417372987164
9.13905077447485	9.11762983764081	9.23240138069299
7.92861804892716	7.95038618510833	8.01478609961841
6.55877996907841	6.6573322035859	6.61739243943959
10.8508924095302	10.897011124391	10.9697770644131
4.68431085116227	5.12660571513762	5.17202584142961
8.35268936007107	8.42073535768141	8.63093897127754
6.81555538444053	6.77442112537797	6.92543419805359
5.78384652471319	5.68937246974458	5.87553279391852
6.5208121188794	6.77793133402179	6.90327778440142
4.14997442351109	4.24292983310485	4.6068847816212
10.5923459887117	10.7045533841759	10.7107553793932
10.8417780963314	10.8711571419402	10.9443371549977
7.6495454330016	7.72980733414382	7.83559097688985
7.90670327249872	7.98572553024872	8.06938107489133
6.14997442351109	4.52781094123689	4.9169527212985
7.81555538444053	7.49619473717516	7.4698030368659
6.51116194884568	6.52989425573738	6.65867408397482
9.6172988834732	9.59078510038366	9.61004512251453
10.2264214690103	10.2237532764056	10.2822847535968
6.40051788516168	6.39009892047946	6.31315357856449
8.27783536538686	8.20301336787896	8.33560094247608
10.9806808516061	11.0031695245127	11.0156800550581
9.10256506312466	9.0829319890623	9.0593969863187
7.2519953604516	7.33992331209331	7.24702398949448
7.68859820956537	7.51314289144806	7.47443448559755
9.35268936007107	9.3201969072493	9.40244030759364
9.00279986208287	8.97008330464047	8.98588306200246
9.23010275460275	9.23401248437317	9.18197060290111
2.61392152327088	2.37858493246242	2.14322857712218
7.95732934556869	8.0675973034057	8.01239950678153
10.3992105039749	10.3624555254457	10.4154444595241
6.82337488889982	7.02539746556855	7.02350331671952
9.0568650191196	9.05716250141551	9.08385003004324
10.0733531419082	10.0439208496476	10.1052849655475
3.87695592910467	4.0356972189394	3.81838888681491
7.74732064868807	7.88434560215518	7.91780311627796
5.35808261884129	5.57699849086442	5.55535448098111
8.0130926170907	8.22632492600077	8.27384065453966
6.24618973877039	6.21212378632367	6.27384065453966
5.12488344254826	5.10440996902342	5.14903419880338
7.37414246973739	7.31839015054366	7.4021364863772
10.4935047728837	10.4953953863148	10.5416274978696
6.2227307659464	6.46822214494709	6.38624895984535
4.19888402399204	3.92607272776491	3.97039198025996
4.90670327249872	4.9069639048172	5.02823605483224
5.48181798726353	5.35527755897034	5.54217909223338
8.89932374213312	8.84890486724245	8.92204758842126
4.04688093054698	4.4682221449471	4.6566378168183
4.29199342838351	4.43303271648479	4.37885682561532
10.3404803023759	10.2888624990961	10.3097561454431
6.83115223949155	6.82110316816336	6.83828844425262
10.2101112794153	10.254787017603	10.3261835270136
7.65393720211875	7.59800170123301	7.66679053317919
3.09934835044112	3.51944746830226	3.64846388537259
4.68431085116227	4.75851863078535	4.95058349917978
7.29761797757739	7.55466216088632	7.61424817003469
8.59348962336606	8.61035996628971	8.61267346181116
7.70984594326941	7.90936639503251	8.01319547647946
8.36077170636893	8.5283320519671	8.58777595867349
5.31436124141197	5.31235123406233	5.4130339409334
11.0355656173191	11.0718931727065	11.1916715046948
9.36077170636893	9.41172552330289	9.4899567577116
12.5406622681066	12.4906233842575	12.5165849108165
11.0585223369824	11.0172528991855	11.056697115116
6.08640929473362	6.14030662571419	6.15769905993051
5.07335314190817	5.02982065260274	5.13739949831998
3.37945626963386	3.13757683295862	3.72819107784333
8.15617957303779	8.12798167617744	8.32281667591521
6.97147352788896	6.91973120089108	7.02981019033036
8.12804378344158	8.12316006018975	8.20584055442185
7.12488344254825	7.4396964467658	7.48020296605716
8.02670304860935	7.92607272776491	7.98750406783692
7.44174054788819	7.43747862151599	7.44169769918555
7.06678048798468	7.22632492600077	7.28442928952786
8.19587527411969	8.0371626279439	8.14685982756905
10.4606655465157	10.4833516698003	10.5485073155848
5.78384652471319	6.15387864528772	6.02192228090004
3.99243314652461	4.40606566888452	4.38870461157167
6.9993525604644	7.13072966756234	7.19746088880588
6.35808261884129	6.33158745292525	6.46049529463967
4.29199342838351	4.85473394604465	4.74362111841294
9.48675028280576	9.53327323855066	9.62652427686065
8.04353748747261	8.10929455182068	8.16774272584166
9.4768687712918	9.40265906744127	9.50729261044772
8.33911734049754	8.48012295892448	8.52832556691539
7.08640929473362	7.21730402542936	7.28969460574049
9.76468426762629	9.75362436380934	9.85192312587436
6.3472758638847	6.43303271648479	6.46748172495578
6.00623894604964	5.82450174462523	5.80741776899391
9.36077170636893	9.2674842580678	9.43309873093012
6.91404524783989	7.11138289241339	6.84724374948709
7.87319401030847	7.96585759387077	7.93638609621336
6.4518647651619	6.48550013637893	6.36145977538078
6.26927335188343	6.28793956802241	6.31056578407533
6.98548038588284	6.9371037648892	6.99960390147645
5.46191842982582	5.40152174373958	5.55971967354252
7.01991388294671	7.06328860421235	7.01875500182136
4.68431085116227	4.84137556318963	4.94391976889877
7.06017775316044	6.93396063719523	6.90499425699044
3.87695592910467	3.6930955557873	3.90327778440142
4.6495454330016	4.86796977320134	4.87553279391852
9.40051788516168	9.28393336326253	9.46486577674877
8.45438475714042	8.43470153684541	8.44406083655403
10.3499851511427	10.3344210927236	10.3922273041166
9.30322068380677	9.32260240183058	9.34036598602695
6.6407215826146	5.9069639048172	6.08081596995361
5.2227307659464	4.88759857995027	5.25512145719307
2.75142504702081	2.79362243174126	2.71259422279231
11.614484965981	11.6630383219311	11.7297052097605
10.5063125491843	10.5086604212982	10.5089865774222
6.00623894604964	6.2706022515894	6.25512145719307
4.90670327249872	4.73703890337489	4.68088536306498
4.81555538444053	4.57699849086442	4.68088536306498
5.57739564724576	5.65923675177126	5.59417372987164
4.33638754774197	4.0356972189394	4.09592286234382
9.17310738905861	9.1898978680887	9.22863678468906
3.87695592910467	4.07046263710008	3.94391976889877
4.93584961815824	5.33158745292524	5.36395794923598
10.1662063632144	10.2069248796494	10.2603270202251
10.1837771316018	10.1019614618807	10.1320964748973
10.0928933283038	9.97868844339242	10.1408633536236
4.33638754774197	4.48550013637893	4.25512145719307
5.59577417656062	5.70420751090752	5.73592672662294
6.96441877035501	6.99555782808619	7.11681022881764
5.24618973877039	4.98800047690811	4.76646109477105
10.3614431958113	10.4182070237916	10.513634756825
7.47190251839845	7.68283386011495	7.80374211085051
4.33638754774197	4.88759857995027	4.8614576087068
8.63850716154915	8.67579516486719	8.75127469095637
6.2577777130456	6.39924440302851	6.39604658691283
11.6335122516288	11.5463247135738	11.6289280653398
7.52561310514322	7.49512883757671	7.53443751345309
6.2227307659464	6.50892448189026	6.31056578407533
10.5791286144702	10.4664557180222	10.539833358304
10.2926976973948	10.244040636139	10.2845941218663
9.50873928657882	9.53405188121104	9.67662111312133
6.07335314190817	6.24292983310485	6.10491164557107
4.75142504702081	4.55261433223747	4.6647656977017
5.09934835044112	4.67061154163591	4.75888787506625
4.29199342838351	4.60097735379886	4.4928130149124
11.2282632859857	11.2609144547034	11.2856650732663
7.40051788516168	7.33992331209331	7.53776042096638
4.50144679401247	5.07046263710008	5.18338570359416
6.69287286466569	6.57296297762927	6.85614380881032
11.2948084439906	11.2616981447878	11.300575512485
9.36613489113602	9.32740139183864	9.44435595674344
5.73493692423224	5.62456417411648	5.49737129687471
8.50873928657882	8.50098156382214	8.56732712264719
8.40051788516169	8.34051689162889	8.49224221568007
11.1662063632144	11.0883315350464	11.1127311500304
9.4366516712154	9.4811999989453	9.54520909725165
8.62066835571146	8.56840949134243	8.73447944841339
11.3637909506677	11.4301076277822	11.5290214117371
10.8797709447117	10.9444437480296	11.0965801907821
9.87507619588645	9.92270726267851	10.0165734569078
10.4050844118259	10.394536003819	10.4713967749592
10.1761639474919	10.2320944317429	10.3650495414932
8.10256506312466	8.17466615169384	8.2557941991222
7.68431085116228	7.79795095296277	7.80005706404265
5.4417405478882	5.46387012040738	5.31831528368027
8.2519953604516	8.18329513326446	8.24227939264772
9.0130926170907	9.03789477464365	8.9625836131638
6.77580920564778	6.6930955557873	6.65867408397482
5.04688093054698	5.01799521720595	5.16057582068607
9.64293260992994	9.63476337359134	9.68263757379242
7.43154478078231	7.59998615139581	7.8046619037034
11.0088128897135	10.9348453342126	11.0313826101491
6.2227307659464	6.22503967420896	6.25781054472071
5.19888402399203	5.29285505843653	5.42743700606038
8.6735363795681	8.80312809383266	8.81793341876349
7.03346041478466	7.19253052400336	7.05631100644497
8.54229184628985	8.71660700347008	8.71259422279231
10.6268253565015	10.6049353673675	10.582556797414
8.61392152327088	8.59551729379817	8.64178829576779
5.24618973877039	5.57699849086442	5.48824028512258
6.96441877035501	7.09740317991836	7.02033951053735
7.37414246973739	7.30750183440093	7.36270940303872
7.2577777130456	7.30507100814617	7.33623719167753
8.18377713160182	8.05101027443391	8.15048196113349
6.83115223949155	7.0268733685524	6.99316328791861
7.28634686524237	7.26685984990359	7.36769711774177
4.93584961815824	4.75139419635196	4.84008395791423
4.71825818308561	4.96354743318357	5.16631219023522
13.3608556596432	13.3381039540521	13.2922176073721
9.28776057926131	9.18660027798813	9.11235975215449
8.26066022157872	8.20366602341639	8.47905111366792
3.75142504702081	4.55261433223747	4.90327778440142
8.86374607188706	8.87002694600233	8.92119969239869
8.5184056211723	8.67013937830626	8.747931247882
9.98199139980296	9.9777348475874	10.0993002225461
6.47190251839845	6.3693071188744	6.4106193880001
5.57739564724576	5.62065971966056	5.80005706404265
7.41093450110702	7.43191909617409	7.48365301562693
10.9727924629565	10.9395545775618	11.0158786366194
9.26640801818904	9.27526664311089	9.35016414971961
5.48181798726353	5.4811999989453	5.58134968951406
4.14997442351109	4.40606566888452	4.43695978017889
5.90670327249872	5.95426961959556	6.06861551634808
5.07335314190817	4.86796977320134	4.696826906934
6.31436124141197	6.43303271648479	6.40577812493061
6.72662165602024	6.69680905858636	6.80005706404265
7.44681153743562	7.3866543624383	7.29363102029966
4.75142504702081	4.72980733414381	4.598423202873
4.87695592910467	5.37858493246241	5.37390760964358
6.31436124141197	6.08753615045902	6.14903419880338
3.61392152327088	3.58503580992984	3.90327778440142
10.4637957170665	10.4625074160075	10.466174343769
5.26927335188343	5.169998310651	5.35393919341099
8.42898454046374	8.49192640553836	8.67586728829835
4.24618973877039	4.51944746830227	4.31831528368027
10.6489955206485	10.7440100877389	10.7528243738595
10.8970098762949	10.9502889651857	11.0178629503094
9.4768687712918	9.52911336530376	9.56976387941829
8.93223836460586	9.02318077620919	9.15337313452772
7.21085666565811	7.19909122217132	7.2631737294878
11.2011364757234	11.1793189386275	11.1986859589694
9.62402997674516	9.78666967109949	9.7870847668969
6.42127644532848	6.33635669707312	6.59417372987164
9.19738043340165	9.0349639558787	9.25242734802381
2.75142504702081	2.76560805557166	3.09592286234382
5.90670327249872	5.83801655109971	6.04390064999554
6.2227307659464	6.56891614456656	6.50870438768229
6.98548038588284	7.15792547835043	7.04078130815136
8.22568408333575	8.30628693324207	8.19605953362927
8.3472758638847	8.34939140212755	8.32666386497073
8.77580920564777	8.85929747118689	8.83063248256966
10.1890825566963	10.1314158483319	10.2126133753583
9.77681632264566	9.81577681255675	9.8472437494871
9.46567056468693	9.48012295892448	9.63327070481341
6.28067811515568	6.61478315332389	6.6566378168183
8.68645612299383	8.71614965839068	9.00601588999068
8.73286259599438	8.8559799760984	8.91013145544248
7.26927335188343	7.17931893862747	7.33496441255582
9.43410048568606	9.35586485596233	9.45640419800057
8.28067811515568	8.33099018732331	8.38501956476381
11.1723422365395	11.3547634779098	11.2964128297812
9.20637856053895	9.15826220260003	9.29690318101491
4.50144679401247	4.70789255771537	4.39848563236425
6.78384652471319	6.77090235524118	6.84008395791423
13.0088128897135	12.8581579424988	12.6765269065561
6.3472758638847	6.31476983486497	6.24702398949447
2.61392152327088	3.46822214494709	3.6647656977017
4.37945626963385	4.93238650169711	4.57273655920935
8.98548038588284	8.89408261352047	8.87990327602761
2.29199342838351	3.60097735379886	3.56407169808222
6.37945626963385	6.55261433223746	6.4721206197593
7.59577417656062	7.39582163738772	7.62052987099335
10.2116016669868	10.15455390626	10.1913198851364
9.27783536538685	9.32889780836206	9.29559520718018
7.0130926170907	6.94493175501623	6.98831388825722
7.67137179545477	7.83043005662791	7.83469069914401
6.90670327249872	6.76206769786642	6.77023284866025
5.66703285973044	6.05318464566825	6.01239950678153
9.51960937179774	9.60345238449834	9.63869680521149
7.38475056930337	7.36464574150454	7.30016793697
3.93584961815824	4.13757683295862	4.16631219023521
4.29199342838351	4.51944746830227	4.43695978017889
7.6495454330016	7.74064114005509	7.7870847668969
6.6407215826146	6.64585181111444	6.64230290074592
9.04353748747261	8.93041641393925	8.99517907005582
5.75142504702081	5.89408261352047	5.99316328791862
5.12488344254826	5.52781094123689	5.40335138753607
8.68859820956537	8.78579821529475	8.78289020559352
9.74629272200341	9.804204330392	9.87180744580233
8.79183931546672	8.77617729728185	8.86322453488098
7.50631254918428	7.70973155737915	7.69979643465319
8.79383061328581	8.86673406002867	8.80236132110635
6.92861804892717	7.1072031839151	7.11976960429819
5.12488344254826	5.20692487964936	5.17202584142961
10.5546755707457	10.5586215760817	10.6131985555534
8.56811783365775	8.50363406510416	8.60741198610026
10.464420937029	10.4612798805642	10.4766003695667
6.68431085116228	6.37395348373077	6.30277443278449
5.48181798726353	4.23273406599896	4.87553279391852
9.34863114349671	9.41905029417558	9.45874338787808
7.50144679401247	7.45841156285171	7.44169769918555
8.78184138882281	8.7156921682835	8.82202746387826
9.92498862552647	9.99121718959165	10.0789164370381
6.9993525604644	7.15252717442459	7.10491164557107
10.6206683557115	10.6107290836106	10.6163451108703
5.99243314652461	6.16732417635267	6.2279512560276
3.46191842982582	3.95116370872774	3.75888787506624
8.03682726588306	8.04519587848965	8.08233379759586
7.98199139980296	8.11346821444481	8.15192827207256
7.4518647651619	7.73884114600888	7.76929083423508
7.36345579094014	7.43191909617409	7.51208702707695
6.28067811515568	6.17266749742698	6.36145977538078
5.24618973877039	5.02392005116305	4.93049925313645
7.84658228006115	7.91893654648328	7.93638609621336
9.40703707854522	9.39382126759389	9.4816414894996
7.5399209418271	7.56384158766072	7.61843900824928
2.75142504702081	3.35996925429507	3.25512145719307
6.14997442351109	6.08186740037233	6.03452231767967
10.4341004856861	10.4872434126548	10.5449339050637
10.7035044163956	10.7403038121924	10.749006771259
9.76468426762629	9.72367737510574	9.78335687066015
1.87695592910467	1.55261433223746	1.9963871887929
9.40312909861822	9.46903669001864	9.57758777071786
7.74732064868807	7.69588157861813	7.83378985925156
7.30880171607007	7.50998024120623	7.46864284778778
7.04688093054698	7.10161133567075	7.18762269648062
9.48058227409086	9.47445526931195	9.53831349555275
7.50631254918428	7.70051302734978	7.82384331690702
9.51720086532702	9.50204314962493	9.62756424449688
5.4417405478882	5.49832417673651	5.46049529463967
4.81555538444053	4.95736885825445	4.86851236624074
10.2556120458275	10.422418455334	10.4190527024409
9.21828942316463	9.37511274055561	9.438738323705
5.61392152327088	5.88759857995027	5.88599979296959
8.68645612299383	8.61674466965718	8.62730432286013
10.4581565110296	10.4801229589245	10.3957414160939
