k27_temp20_1	k27_temp20_2	k27_temp20_3
173.999431820707	162.355335903492	164.075661683957
4.93138447402607	13.5650360962319	9.06305230221667
115.524768828622	122.496154366992	115.361435665717
744.127395993535	722.461228895222	792.010482612715
45.6094109033025	51.6065350870935	47.7810065074651
37.3466867848557	49.0098457361814	45.9507032177625
147.304476976494	148.85255127875	151.404331216785
124.423087110026	121.327644159082	117.473324076912
337.34713170077	321.792062049492	331.618808972123
Inf	Inf	Inf
Inf	Inf	Inf
58.9568883254089	68.6148503355674	56.9325229559784
446.033733566493	417.480064630602	430.877564298306
311.923365182472	295.695334072826	325.283143738537
552.177958780387	549.781387059571	557.731661530775
74.846742399345	88.2198549349534	86.9213383949527
Inf	Inf	Inf
26.5415860145792	34.2087164359827	28.070048002975
144.126506161707	161.446494630673	149.010857684097
111.07560968792	110.811052287888	119.444419927361
211.499487435196	221.17034970165	229.544202431014
308.109800204728	302.576560852743	315.427664486292
27.8127743404941	37.8440815272596	35.532053722532
751.118931786067	743.104909234973	769.342880332551
20.8212385479622	30.5733513447058	33.7017504328293
43.7026284144302	50.9573627493654	42.994059442089
43.0670342514728	46.1534874501781	45.6691180962698
Inf	Inf	Inf
74.846742399345	80.2999524146717	80.5856731613666
13.1941085924728	17.8495735252368	17.3698133862518
Inf	974.859433803874	Inf
47.5161933921749	61.8634580231961	60.311544413891
10.6517319406431	15.7722220445071	13.146036563861
129.507840413686	141.841490031287	147.74372463738
Inf	Inf	Inf
624.000099194578	590.030071998708	657.131209417704
36.7110926218983	46.1534874501781	39.7558305449227
182.897750102111	187.80289154243	209.270073683538
Inf	989.790397571619	1011.36529225555
Inf	Inf	Inf
843.915679577854	798.154723474309	832.981117789905
32.2619334811962	32.2611994227987	31.8714471431267
606.839056794727	524.853169290815	524.363824633888
64.6772357920259	64.8496507767449	63.2681881895646
318.914900975004	296.604175345646	312.04864302838
74.2111482363876	85.8828345191326	80.726465722113
310.0165826936	321.402558646856	348.513916261686
531.838945565748	506.936012769522	539.006250951509
31.6263393182387	38.2335849298964	34.9688834795466
34.804310133026	47.0623287229974	43.416437124328
274.423309567983	268.949433758432	301.20761585091
292.219946130792	269.728440563706	275.864954916565
41.1602517626004	53.9435555029143	53.9758791803049
17.643267733175	27.7169930587026	23.8462711805842
20.1856443850047	23.0429522270609	21.7343827693889
532.474539728706	492.784055807051	530.277112185235
80.567089865962	83.1563107006749	88.0476788809236
10.0161377776856	18.4987458629648	14.694754732071
238.830036442366	250.12343596432	241.6523626552
55.7789175106217	62.6424648284697	61.7194700213546
411.076054603834	352.043492987618	410.744228111577
519.762656469557	476.165243961214	525.06778743762
243.279195583068	248.825091288864	260.096188112973
Inf	Inf	Inf
869.975040259109	753.881170041258	752.870150725227
127.601057924813	141.45198662865	136.90269745991
172.092649331835	185.336036659064	200.963312599503
Inf	Inf	Inf
254.719890516302	241.55436110631	255.731618729836
29.7195568293664	47.5816665931798	42.0085115168645
112.346798013835	101.073467221968	108.040222506906
41.1602517626004	52.7750452950039	56.7917303952321
423.787937862983	400.082245979491	444.675235251449
731.415512734386	683.381054163996	710.773175062066
583.957666928259	585.22619669952	595.04169012856
125.694275435941	129.637050082	133.664468562744
165.101113539303	166.769707800043	178.014125197847
278.872468708685	277.129005213805	270.937215290443
10.6517319406431	16.1617254471439	14.5539621713246
120.609522132281	151.708909564753	139.577756114091
Inf	Inf	Inf
575.059348646855	496.549255365874	558.013246652267
154.296012769026	152.747585305118	150.559575852307
19.5500502220473	32.7805372929811	28.4924256852141
158.109577746771	161.186825695582	164.216454244703
78.0247132141322	82.1176349603101	76.3618963389759
30.3551509923239	37.9739159948052	30.1819364141704
496.245672440131	495.640414093055	521.407180858214
726.330759430727	678.057840994626	760.89532668777
371.669216500472	301.537885112378	348.936293943925
Inf	Inf	Inf
20.8212385479622	26.1589794481553	18.7777389937153
15.7364852443026	24.3412969025169	17.9329836292372
46.24500506626	53.1645486976407	52.427161012095
52.6009466958344	70.0430294785691	57.0733155167248
Inf	Inf	Inf
329.720001745281	304.13457446329	323.452840448835
538.194887195323	537.836616045375	531.403452671206
23.363615199792	30.9628547473426	31.4490694608876
61.4992649772387	71.0817052189339	67.9143426941944
27.1771801775366	33.6893785658003	34.2649206758148
204.507951642664	193.255939179346	195.331610169649
24.6348035257068	34.4683853710739	33.7017504328293
Inf	Inf	Inf
599.211926839238	566.010695502771	615.456611436782
787.983393237599	787.118793732933	794.263163584657
463.194775966344	415.143044214781	424.119521382481
Inf	Inf	Inf
Inf	Inf	Inf
162.558736887473	185.985208996792	181.956316898745
Inf	Inf	Inf
25.9059918516217	30.183847942069	30.4635215356631
Inf	Inf	Inf
234.380877301664	236.620651339577	253.338145197148
111.711203850877	110.811052287888	120.28917529184
112.346798013835	139.634304083012	146.335799029916
944.33955732513	877.094079742035	939.138708592659
619.550940053876	476.944250766488	522.674313904932
15.1008910813452	21.2252696814224	20.608042283418
206.414734131537	226.233893935929	217.29524964608
54.5077291847068	74.7170703102107	61.860262582101
62.7704533031535	64.9794852442905	63.6905658718036
440.313386099876	412.027016993686	471.988992036243
Inf	Inf	Inf
168.27908435409	191.308422166162	199.1330093098
62.1348591401961	74.0678979724827	57.2141080774711
398.364171344685	399.952411511945	405.957281046201
Inf	Inf	Inf
102.177291406516	114.706086314256	118.599664562883
Inf	Inf	Inf
27.8127743404941	37.714247059714	36.2360165262638
16.3720794072601	24.6009658376081	22.579138133867
473.364282573663	483.306139676222	512.818834652686
17.0076735702175	29.7943445394322	22.579138133867
343.703073330345	328.024116491681	337.250511401978
498.152454929004	409.040824240138	381.036997794095
98.9993205917276	111.460224625616	108.040222506906
62.1348591401961	69.7833605434778	65.2392840400136
20.1856443850047	34.3385509035283	26.3805372740187
Inf	Inf	Inf
160.6519543986	152.487916370026	170.974497160529
116.160362991579	147.034868733111	166.328342655899
12.5585144295154	18.2390769278736	18.7777389937153
166.372301865217	164.822190786859	148.306894880365
225.48255902026	227.272569676294	224.898047926384
31.6263393182387	38.8827572676244	37.9255272552201
25.9059918516217	39.9214330079892	33.560957872083
Inf	Inf	Inf
251.541919701515	275.700826070803	283.326960636122
225.48255902026	210.523923362911	222.926952075935
Inf	Inf	Inf
56.4145116735791	69.1341882057498	62.1418477035937
569.339001180238	520.179128459173	571.810917605411
732.686701060301	674.811979305986	701.480866052807
154.931606931983	145.087351719927	138.169830506627
78.0247132141322	84.7143243112222	76.0803112174832
78.0247132141322	63.5513061012889	57.6364857597102
364.67768070794	359.314223170172	369.914385495133
57.0501058365365	66.9270022574746	65.6616617222526
686.288327164407	651.441775147778	728.935415398346
Inf	Inf	Inf
40.524657599643	38.2335849298964	31.0266917786485
42.4314400885153	45.3744806449045	42.1493040776108
Inf	Inf	Inf
81.8382781918769	103.280653170243	107.054674581682
59.5924824883663	64.0706439714713	65.6616617222526
15.1008910813452	19.7970905384208	16.2434729002809
64.6772357920259	69.2640226732954	69.322268301658
8.74494945177072	17.5899045901455	11.5973183956511
72.9399599104727	71.7308775566619	81.0080508436057
364.042086544983	371.648497587004	417.079893345163
64.0416416290684	48.2308389309078	35.1096760402929
676.118820557088	658.063332992603	719.643106389087
25.9059918516217	37.065074721986	29.7595587319313
189.889285894643	199.747662556626	182.801072263223
41.7958459255579	50.9573627493654	43.5572296850744
Inf	Inf	Inf
Inf	Inf	Inf
64.0416416290684	76.0154149856668	83.2607318155474
95.8213497769407	90.6867098183199	91.7082854603289
46.8805992292174	43.4269636317205	43.5572296850744
93.2789731251109	102.761315300061	109.588940675116
35.4399042959834	49.139680203727	43.5572296850744
40.524657599643	45.3744806449045	40.0374156664154
170.185866842962	170.534907358865	176.32461446889
110.440015524962	101.073467221968	108.884977871385
78.6603073770897	85.103827713859	86.7805458342064
95.1857556139832	100.42429488424	115.502228226463
223.575776531388	244.410719392313	266.854231028799
125.694275435941	82.3773038954013	78.3329921894249
Inf	Inf	Inf
33.5331218071111	44.2059704369941	51.0192354046314
29.083962666409	38.6230883325332	35.9544314047711
341.796290841472	325.297592673224	335.420208112275
48.7873817180898	59.0070997371928	48.2033841897042
95.8213497769407	117.692279067805	125.920877721694
187.346909242813	215.327798662098	231.515298281463
65.9484241179408	79.3911111418525	80.726465722113
262.982614634749	293.098644721914	303.601089383598
258.533455494047	269.59860609616	284.734886243586
31.6263393182387	41.9987844887189	37.3623570122346
4.29579031106863	14.3440429015055	7.9367118162458
253.448702190387	256.744993809145	277.836050767015
486.076165832812	484.344815416587	523.237484147917
22.0924268738771	24.9904692402449	21.5935902086425
826.754637178003	757.646369600081	809.891137827502
117.431551317494	111.070721222979	116.910153833927
135.228187880303	127.559698601271	108.181015067653
836.288549622365	774.524850381009	831.291607060949
Inf	Inf	Inf
53.2365408587919	53.9435555029143	49.3297246756751
299.847076086281	280.894204772628	267.980571514769
174.635025983664	156.382950396395	146.617384151409
369.126839848642	388.526978367932	403.986185195752
540.737263847153	553.93609002103	602.503695848117
34.804310133026	32.3910338903443	28.6332182459604
17.643267733175	29.7943445394322	22.2975530123743
828.661419666875	720.513711882038	792.714445416447
77.3891190511748	87.3110136621342	79.7409177968885
365.313274870898	358.405381897352	349.499464186911
198.15201001309	218.703494818284	227.573106580565
13.1941085924728	27.0678207209745	20.4672497226716
33.5331218071111	40.0512674755348	31.3082769001412
Inf	Inf	Inf
Inf	964.732345335317	996.300488255681
498.152454929004	468.764679311115	455.797847550411
97.728132265813	105.358004650973	108.040222506906
18.9144560590898	24.7308003051537	25.2541967880478
46.24500506626	53.2943831651863	51.1600279653777
426.96590867777	425.659636085975	478.043072148336
Inf	Inf	Inf
955.780252258364	885.792989067591	916.048728630257
Inf	973.820758063509	Inf
30.3551509923239	47.192163190543	47.7810065074651
23.363615199792	32.3910338903443	33.2793727505902
Inf	Inf	Inf
92.6433789621535	106.007176988701	109.307355553624
254.084296353345	266.482578875066	293.745610131353
228.02493567209	219.352667156012	233.204809010419
205.779139968579	219.222832688466	245.876139477591
255.991078842217	254.53780786087	259.814602991481
155.567201094941	142.620496836561	135.635564413193
90.7365964732811	78.7419388041244	72.8420823203169
89.4654081473662	109.123204209795	92.9754185070461
163.19433105043	160.927156760491	164.920417048435
93.2789731251109	93.0237302341407	88.18847144167
133.956999554388	154.045929980574	164.35724680545
28.4483685034515	29.1451722017042	29.1963884889459
233.109688975749	248.04608448359	261.926491402676
50.0585700440046	53.2943831651863	47.2178362644797
446.033733566493	406.444134889225	444.816027812195
80.567089865962	55.6314035810071	63.5497733110573
411.076054603834	421.115429721879	428.906468447857
418.703184559323	455.521563621463	473.115332522213
50.0585700440046	56.020906983644	49.1889321149287
48.7873817180898	67.0568367250202	62.7050179465791
125.058681272984	145.217186187473	138.310623067374
57.685699999494	69.9131950110235	65.3800766007599
17.643267733175	26.8081517858833	24.2686488628233
180.990967613239	188.452063880158	200.822520038757
Inf	Inf	Inf
78.0247132141322	87.1811791945886	94.8057217967488
649.423865712876	612.10193148146	667.690651473681
116.795957154537	125.871850523178	118.458872002137
537.559293032365	510.960881263436	537.598325344046
111.711203850877	119.769630548535	130.003861983338
Inf	Inf	Inf
346.245449982174	337.50203262251	338.940022130934
97.0925381028556	104.189494443063	100.859801908842
672.940849742301	621.709682079835	664.311630015768
Inf	Inf	Inf
Inf	Inf	Inf
25.9059918516217	29.7943445394322	31.4490694608876
111.711203850877	118.341451405533	106.913882020936
329.720001745281	320.623551841582	325.705521420776
37.9822809478132	43.1672946966293	37.3623570122346
72.9399599104727	70.8220362838427	69.1814757409116
177.812996798452	180.532161359877	175.057481422173
273.787715405026	287.90526602009	276.568917720297
126.329869598898	133.402249640823	121.83789346005
274.423309567983	266.742247810157	263.897587253125
103.44847973243	100.294460416695	95.0873069182415
58.3212941624514	58.3579273994648	58.7628262456811
20.1856443850047	31.3523581499794	25.1134042273015
198.787604176047	207.407896141816	194.768439926663
213.406269924068	225.195218195564	215.464946356378
Inf	969.406386166959	Inf
225.48255902026	193.1261047118	185.898508599643
Inf	Inf	Inf
217.219834901813	175.987954995781	156.050485721415
817.856318896599	711.425299153846	756.108379622394
Inf	Inf	Inf
194.974039198303	181.31116816515	181.111561534266
243.914789746026	220.910680766559	233.627186692658
18.2788618961324	28.236330928885	25.2541967880478
149.211259465366	169.366397150955	164.498039366196
94.5501614510258	87.4408481296798	70.8709864698679
191.160474220558	188.062560477522	176.043029347398
133.32140539143	142.620496836561	151.545123777531
143.490911998749	165.08185972195	165.202002169928
86.9230314955365	104.838666780791	107.758637385414
251.541919701515	311.145635710753	316.554004972263
197.516415850132	227.791907546476	237.287793272063
39.2534692737281	57.7087550617368	53.8350866195586
43.7026284144302	48.2308389309078	42.5716817598499
Inf	Inf	Inf
107.897638873133	106.266845923792	97.0584027686905
196.245227524217	191.95759450389	187.869604450092
43.0670342514728	43.8164670343573	43.8388148065671
41.1602517626004	36.9352402544404	29.6187661711849
38.6178751107706	36.5457368518035	33.8425429935757
74.2111482363876	87.051344727043	83.2607318155474
Inf	Inf	Inf
346.881044145132	359.573892105263	346.683612971984
Inf	Inf	Inf
29.7195568293664	33.0402062280723	28.2108405637214
392.643823878068	385.151282211747	378.9251093829
139.041752858047	150.929902759479	141.126474282301
Inf	Inf	Inf
848.364838718556	898.776435822151	892.395578424868
266.796179612494	232.725617313209	227.150728898326
93.2789731251109	96.7889297929632	92.5530408248071
84.3806548437067	79.6507800769437	73.4052525633024
13.1941085924728	18.6285803305104	17.3698133862518
664.042531460897	604.701366831361	617.005329604992
44.3382225773876	60.1756099451032	58.6220336849347
243.279195583068	218.443825883193	222.363781832949
77.3891190511748	81.9878004927645	76.7842740212149
36.7110926218983	40.1811019430804	28.4924256852141
122.516304621154	125.352512652996	110.574488600341
314.465741834302	288.164934955181	281.355864785674
112.982392176792	119.509961613443	110.715281161087
80.567089865962	71.4712086215707	67.4919650119553
68.4908007697706	61.7336235556505	55.2430122270221
463.194775966344	414.623706344598	400.1847860556
36.7110926218983	42.6479568264469	43.5572296850744
68.4908007697706	69.5236916083866	73.8276302455414
111.711203850877	119.769630548535	114.235095179746
43.0670342514728	52.7750452950039	43.1348520028353
56.4145116735791	68.6148503355674	73.6868376847951
105.355262221303	108.99336974225	105.505956413472
58.3212941624514	46.9324942554518	37.6439421337274
106.626450547218	107.824859534339	97.1991953294369
87.5586256584939	95.230916182416	91.4267003388362
163.829925213388	150.929902759479	134.509223927222
44.3382225773876	51.4767006195479	43.9796073673135
39.2534692737281	40.960108748354	37.503149572981
Inf	Inf	Inf
95.8213497769407	89.1286962077727	94.6649292360025
283.957222012345	264.794730796973	254.04210800088
20.1856443850047	28.7556687990674	24.127856302077
926.542920762322	833.729367581804	822.562468294675
167.643490191132	201.825014037356	194.48685480517
149.846853628324	125.482347120541	134.650016487968
111.07560968792	126.39118839336	123.245819067513
97.0925381028556	104.319328910608	109.588940675116
254.719890516302	255.316814666144	279.666354056717
28.4483685034515	34.8578887737107	31.1674843393949
19.5500502220473	25.2501381753361	25.3949893487942
20.1856443850047	33.1700406956179	30.3227289749167
538.194887195323	518.491280381081	566.883177979288
23.363615199792	40.4407708781716	32.4346173861121
100.906103080601	104.578997845699	112.686377011536
693.915457119897	640.665514341493	701.621658613553
592.855985209663	594.184774960167	635.730740184257
Inf	Inf	Inf
Inf	Inf	Inf
22.7280210368345	30.3136824096146	25.6765744702869
32.8975276441536	47.7115010607254	43.1348520028353
39.2534692737281	53.9435555029143	46.7954585822406
92.007784799196	95.230916182416	91.1451152173435
Inf	Inf	Inf
205.143545805622	176.117789463326	178.436502880086
28.4483685034515	32.5208683578899	30.1819364141704
37.9822809478132	45.1148117098133	45.6691180962698
10.6517319406431	16.0318909795983	13.0052440031147
Inf	Inf	Inf
Inf	919.939454032084	958.849667097149
Inf	Inf	Inf
891.585241799662	849.179669219731	955.189060517744
81.8382781918769	79.3911111418525	75.7987260959904
423.152343700025	390.084991978479	423.837936260988
25.2703976886643	36.1562334491667	34.9688834795466
115.524768828622	130.805560289911	142.393607329018
27.1771801775366	34.0788819684371	39.47424542343
109.168827199047	108.99336974225	111.560036525565
Inf	Inf	Inf
86.287437332579	115.744762054621	115.361435665717
Inf	Inf	Inf
212.135081598154	213.899619519097	218.140005010559
89.4654081473662	50.9573627493654	49.4705172364214
583.957666928259	546.795194306022	596.027238053784
251.541919701515	246.747739808134	257.280336898046
96.4569439398981	104.189494443063	98.7479134976468
Inf	Inf	Inf
25.2703976886643	39.9214330079892	37.3623570122346
337.982725863728	339.57938410324	393.426743139775
115.524768828622	112.498900365981	121.83789346005
55.7789175106217	56.1507414511896	59.7483741709056
93.9145672880684	112.758569301072	120.007590170347
17.0076735702175	24.3412969025169	25.8173670310333
Inf	Inf	Inf
Inf	Inf	Inf
207.050328294494	212.601274843641	227.432314019818
247.72835472377	252.720125315232	267.135816150291
72.3043657475152	28.3661653964306	31.589862021634
232.474094812792	181.700671567787	176.887784711876
93.2789731251109	95.880088520144	101.563764712574
814.042753918854	756.737528327262	773.848242276435
Inf	Inf	Inf
86.287437332579	87.5706825972254	80.3040880398739
320.821683463877	292.838975786823	320.9185743554
Inf	Inf	Inf
569.339001180238	533.941582019007	528.869186577771
156.838389420856	163.653680578948	151.826708899024
212.770675761111	183.778023048517	177.450954954861
677.390008883003	628.331239924661	670.365710127861
531.203351402791	494.212234950053	502.681770278949
622.093316705706	592.237257946983	575.612316745562
4.93138447402607	10.9683467453198	6.10640852654315
256.626673005175	267.131751212794	256.857959215807
Inf	Inf	Inf
116.160362991579	132.753077303095	130.285447104831
551.542364617429	524.593500355724	537.879910465538
Inf	Inf	Inf
13.8297027554303	21.8744420191504	15.6803026572955
221.668994042515	235.971479001849	240.666814729976
41.1602517626004	52.3855418923671	48.2033841897042
266.796179612494	297.513016618465	307.543281084496
77.3891190511748	78.0927664663964	78.1921996286785
34.804310133026	39.4020951378068	36.7991867692492
170.82146100592	161.316660163127	168.862608749333
Inf	Inf	Inf
76.1179307252599	92.1148889613215	84.3870723015183
17.643267733175	20.70593181124	17.2290208255054
29.7195568293664	35.1175577088019	33.983335554322
44.9738167403451	45.7639840475413	47.7810065074651
494.338889951259	454.872391283735	480.99971592401
15.7364852443026	27.4573241236114	26.6621223955114
18.9144560590898	26.9379862534289	22.2975530123743
Inf	Inf	Inf
116.795957154537	116.004430989712	114.798265422732
Inf	Inf	Inf
207.685922457451	194.554283854802	202.512030767713
7.47376112585585	17.0705667199631	14.1315844890855
25.2703976886643	32.2611994227987	32.2938248253657
161.923142724515	188.971401750341	195.331610169649
399.6353596706	386.449626887203	388.499003513652
215.948646575898	239.996347495763	256.998751776554
339.8895083526	365.416443144815	381.881753158573
39.8890634366855	44.5954738396309	43.8388148065671
Inf	Inf	Inf
681.203573860748	669.09926273398	712.18110066953
Inf	Inf	Inf
Inf	Inf	Inf
69.126394932728	74.5872358426651	72.2789120773315
33.5331218071111	37.714247059714	36.5176016477565
9.38054361472822	14.4738773690511	14.8355472928173
294.762322782621	278.297515421716	318.102723140473
128.872246250728	123.794499042448	130.848617347817
289.041975316004	277.388674148896	293.46402500986
143.490911998749	174.949279255416	178.154917758593
269.338556264324	242.72287131422	252.49338983267
179.084185124366	174.689610320325	173.508763253963
137.770564532132	151.708909564753	155.768900599922
303.025046901068	261.678703575878	281.778242467913
Inf	Inf	Inf
55.7789175106217	75.2364081803932	65.9432468437454
15.1008910813452	26.5484828507921	22.4383455731207
131.414622902558	142.360827901469	146.758176712155
83.7450606807492	84.3248209085854	88.7516416846554
18.9144560590898	34.0788819684371	28.2108405637214
743.491801830578	727.394938661955	782.718173603455
272.516527079111	274.791984797984	285.861226729557
738.407048526918	664.944559772521	720.769446875058
334.80475504894	353.601506598165	366.53536403722
139.677347021005	150.800068291934	156.332070842907
901.754748406981	846.453145401273	914.781595583539
83.1094665177918	90.0375374805919	89.1740193668945
65.3128299549833	61.0844512179225	57.0733155167248
681.203573860748	605.999711506817	684.72655132399
123.787492947069	140.543145355831	115.502228226463
242.008007257153	249.344429159046	243.764251066396
89.4654081473662	93.1535647016863	82.9791466940547
78.6603073770897	81.9878004927645	80.1632954791275
130.143434576643	125.22267818545	128.173558693636
44.3382225773876	47.0623287229974	48.3441767504506
133.32140539143	136.128773459281	129.863069422592
25.2703976886643	33.8192130333459	32.1530322646194
137.134970369175	124.963009250359	120.148382731093
13.8297027554303	18.4987458629648	16.5250580217736
24.6348035257068	34.3385509035283	30.7451066571558
700.271398749471	612.880938286734	699.932147884597
362.770898219068	342.82524579188	345.838857607506
Inf	Inf	Inf
654.508619016535	629.369915665025	642.20719797859
102.177291406516	64.3303129065625	68.6183054979262
37.3466867848557	34.7280543061651	39.47424542343
5.56697863698352	12.6561948234127	8.21829693773852
Inf	Inf	Inf
Inf	Inf	Inf
65.3128299549833	81.0789592199453	77.206651703454
29.7195568293664	31.8716960201618	27.0845000777505
27.8127743404941	29.1451722017042	27.0845000777505
48.1517875551323	55.1120657108247	49.4705172364214
19.5500502220473	21.8744420191504	18.636946432969
597.940738513323	574.579770360781	594.478519885574
13.8297027554303	22.2639454217872	16.9474357040127
30.3551509923239	45.1148117098133	42.4308891991035
Inf	Inf	Inf
Inf	Inf	Inf
Inf	988.362218428617	Inf
19.5500502220473	27.7169930587026	20.608042283418
48.7873817180898	56.670079321372	54.398256862544
128.236652087771	130.156387952183	138.873793310359
37.9822809478132	36.8054057868947	28.6332182459604
Inf	Inf	Inf
182.897750102111	205.979716998815	222.504574393696
19.5500502220473	34.7280543061651	30.4635215356631
412.347242929749	404.107114473405	427.498542840393
78.0247132141322	88.0900204674078	84.9502425445037
Inf	Inf	Inf
189.889285894643	181.570837100242	184.912960674418
76.1179307252599	94.581743844688	80.1632954791275
Inf	Inf	Inf
Inf	Inf	Inf
754.932496763812	727.784442064592	810.313515509741
68.4908007697706	79.6507800769437	69.744645983897
26.5415860145792	28.7556687990674	26.8029149562578
34.1687159700685	30.7031858122514	28.4924256852141
18.9144560590898	29.534675604341	23.9870637413306
Inf	Inf	Inf
173.999431820707	163.653680578948	185.335338356657
22.0924268738771	38.6230883325332	37.6439421337274
105.99085638426	98.6066123386017	116.206191030195
Inf	Inf	Inf
683.745950512578	631.447267145755	690.076668632352
53.8721350217493	53.9435555029143	46.3730809000016
376.753969804132	358.665050832444	376.531635850212
349.423420796962	321.532393114401	357.524640149453
Inf	Inf	Inf
718.06803531228	701.817548555472	739.917235136562
407.262489626089	375.543531613372	422.570803214271
Inf	Inf	Inf
Inf	Inf	Inf
973.576888821173	950.969891775483	Inf
Inf	Inf	Inf
Inf	Inf	Inf
283.957222012345	287.256093682362	303.741881944344
212.135081598154	222.598528844652	221.94140415071
43.7026284144302	48.8800112686358	41.1637561523863
315.10133599726	288.943941760455	300.926030729417
535.016916380536	517.712273575807	494.656594316406
112.346798013835	106.656349326429	101.563764712574
32.8975276441536	37.4545781246228	37.0807718907419
828.661419666875	779.977898017925	813.692536967654
177.812996798452	194.813952789893	222.645366954442
Inf	Inf	Inf
76.1179307252599	78.7419388041244	77.3474442642004
36.7110926218983	44.0761359694485	44.2611924888062
422.516749537068	440.85026878881	447.631879027123
134.592593717345	148.333213408567	133.242090880505
385.652288085536	415.532547617418	416.235137980685
Inf	Inf	Inf
405.355707137217	382.554592860835	396.383386915448
37.9822809478132	52.3855418923671	46.0914957785089
128.236652087771	139.244800680375	130.003861983338
170.82146100592	160.148149955217	164.35724680545
157.473983583813	159.888481020126	161.400603029776
300.482670249238	264.145558459245	282.482205271644
116.795957154537	132.88291177064	127.61038845065
160.6519543986	155.863612526212	164.920417048435
30.3551509923239	32.1313649552531	30.041143853424
25.9059918516217	36.2860679167123	37.2215644514883
Inf	Inf	Inf
647.517083224003	573.281425685325	548.580145082261
317.008118486132	292.968810254369	354.286411252287
12.5585144295154	28.7556687990674	31.3082769001412
482.262600855068	461.493949128561	480.718130802517
379.296346455962	402.549100862857	426.512994915169
Inf	987.713046090889	Inf
90.7365964732811	86.402172389315	85.7949979089819
48.1517875551323	53.8137210353687	56.7917303952321
175.270620146622	174.040437982597	178.577295440832
Inf	Inf	Inf
637.983170779642	609.245573195457	646.571767361727
44.9738167403451	49.3993491388182	49.0481395541824
17.0076735702175	26.5484828507921	23.1423083768525
60.8636708142812	66.2778299197466	68.0551352549407
33.5331218071111	34.3385509035283	27.3660851992432
81.2026840289195	90.0375374805919	85.5134127874892
108.53323303609	106.91601826152	111.841621647058
179.719779287324	168.847059280772	156.754448525146
26.5415860145792	31.7418615526162	25.6765744702869
29.083962666409	46.4131563852693	42.7124743205963
81.2026840289195	72.1203809592987	71.8565343950924
11.2873261036005	17.5899045901455	16.5250580217736
Inf	Inf	Inf
38.6178751107706	40.960108748354	42.1493040776108
356.414956589494	356.457864884168	405.816488485454
18.2788618961324	28.236330928885	21.4527976478962
Inf	Inf	Inf
Inf	Inf	Inf
738.407048526918	725.317587181226	752.588565603735
505.779584884493	512.518894873983	564.348911885854
152.389230280154	148.982385746295	153.51621962798
Inf	Inf	Inf
817.856318896599	865.928315533114	874.655715770827
87.5586256584939	84.5844898436766	97.1991953294369
608.110245120642	516.673597835442	604.333999137819
5.56697863698352	12.5263603558671	10.1893927881875
60.8636708142812	61.6037890881049	66.9287947689699
76.1179307252599	98.3469434035104	91.7082854603289
130.143434576643	144.957517252382	131.834165273041
309.380988530643	314.131828464302	291.492929159411
336.711537537813	323.479910127585	318.947478504951
453.660863521983	458.118252972375	451.574070728021
Inf	Inf	Inf
909.381878362471	883.45596865177	911.824951807866
732.686701060301	701.298210685289	786.378780182861
79.2959015400471	101.333136157059	101.422972151828
426.330314514813	415.402713149872	509.721398316267
440.313386099876	457.07957723201	477.057524223111
158.745171909728	147.034868733111	161.25981046903
716.796846986365	643.911376030133	695.849163622952
321.457277626834	319.455041633672	332.041186654362
Inf	Inf	Inf
611.923810098386	562.245495943949	623.200202277831
22.0924268738771	31.3523581499794	22.579138133867
112.982392176792	112.23923143089	114.939057983478
Inf	Inf	Inf
83.1094665177918	83.4159796357661	76.7842740212149
4.93138447402607	16.6810633173263	14.2723770498319
20.1856443850047	35.6368955789843	25.2541967880478
524.847409773217	469.154182713752	467.202044970866
3.66019614811118	17.7197390576911	13.4276216853537
85.0162490066641	97.3082676631456	89.4556044883872
199.423198339005	169.885735021137	196.176365534127
Inf	Inf	Inf
643.067924083301	632.096439483483	622.637032034846
132.685811228473	125.871850523178	127.188010768411
210.228299109281	227.532238611385	227.291521459072
123.151898784111	111.590059093162	109.588940675116
51.3297583699195	70.5623673487515	65.5208691615063
760.652844230429	763.359086172087	789.335423958534
172.092649331835	166.380204397406	157.458411328878
14.4652969183877	23.0429522270609	19.4817017974471
18.9144560590898	28.236330928885	23.1423083768525
207.050328294494	214.159288454188	219.970308300261
102.177291406516	103.410487637789	100.437424226603
546.45761131377	480.969119260401	505.919999176115
54.5077291847068	63.8109750363801	64.6761137970281
34.804310133026	50.8275282818198	43.5572296850744
426.96590867777	435.656890086986	436.931644410399
890.314053473747	876.444907404307	927.452926050712
458.745616825642	432.800531800983	461.851927662505
187.346909242813	209.744916557637	207.158185272343
459.3812109886	460.455273388196	442.844931961746
125.058681272984	140.153641953194	139.155378431852
34.804310133026	41.8689500211733	37.3623570122346
Inf	Inf	Inf
392.643823878068	359.314223170172	387.091077906189
Inf	Inf	Inf
105.355262221303	86.6618413244062	79.7409177968885
44.9738167403451	24.2114624349713	30.7451066571558
675.483226394131	672.474958890165	696.975504108923
186.711315079856	177.156465203691	173.508763253963
455.567646010855	415.272878682326	448.89901207384
1007.89897362087	996.931293286627	Inf
131.414622902558	144.438179382199	137.747452824388
Inf	Inf	Inf
64.6772357920259	75.8855805181212	75.7987260959904
10.0161377776856	20.9656007463312	15.11713241431
271.245338753196	263.10688271888	269.529289682979
261.075832145877	275.570991603258	282.763790393137
180.355373450281	213.899619519097	217.29524964608
169.550272680005	174.040437982597	182.097109459491
79.2959015400471	76.1452494532124	82.9791466940547
37.9822809478132	37.5844125921684	31.8714471431267
237.558848116451	241.55436110631	243.764251066396
703.449369564259	660.919691278607	708.098116407885
191.796068383515	190.139911958251	195.894780412634
5.56697863698352	15.9020565120527	11.174940713412
72.3043657475152	71.8607120242075	66.5064170867308
Inf	Inf	Inf
Inf	Inf	Inf
901.754748406981	829.185161217708	872.403034798885
2.38900782219629	8.76116079704459	5.68403084430407
701.542587075386	695.97499751592	756.671549865379
221.668994042515	207.797399544453	227.150728898326
163.19433105043	183.38851964588	176.746992151129
135.86378204326	139.634304083012	145.77262878693
740.31383101579	698.571686866832	736.397421117903
187.346909242813	208.446571882181	225.602010730116
759.381655904514	711.944637024029	783.281343846441
43.7026284144302	49.9186870090006	45.2467404140307
27.8127743404941	36.1562334491667	30.6043140964094
Inf	Inf	Inf
617.008563402046	652.480450888143	687.401609978171
49.4229758810472	63.5513061012889	60.1707518531447
426.330314514813	388.137474965295	392.44119521455
Inf	Inf	Inf
