k27_temp20_1	k27_temp20_2	k27_temp20_3
7.43836983135884	7.33076265028356	7.32069934557181
2.825858996799	2.825858996799	2.825858996799
6.85592980266806	6.87625491364342	6.80218104082009
9.53579600918084	9.54440783986885	9.61484382317918
5.54806557825621	5.5249897103407	5.5249897103407
5.25593926847017	5.44945053473432	5.47402515317978
7.20742339986817	7.16326030891147	7.20742339986817
6.96146654016221	6.86911544314455	6.85075395815502
8.36829613210928	8.36829613210928	8.34321813429049
11.8830514709257	11.8830514709257	11.8830514709257
11.0205170822439	11.045768841744	11.0423214419733
5.90034558835141	5.98602021198034	5.76281031690747
8.77125064301092	8.75448796131425	8.72090927652224
8.25778441669346	8.25161963205949	8.30787665710305
9.07135716930979	9.15557239593801	9.09812973434117
6.18539888484095	6.41007364902874	6.41007364902874
10.3251651070043	10.2547428693783	10.2767010117934
4.82434302619797	4.8397013587655	4.63544759385301
7.19431434932321	7.32609333543092	7.18674819674919
6.77371826879835	6.76124173431617	6.86911544314455
7.74122382559161	7.78989344998718	7.80737372777368
8.23187859590321	8.28192668229604	8.25161963205949
4.86281566276425	5.03272113361629	5.06478205261559
9.54440783986885	9.59061575280925	9.53579600918084
4.57362353885734	4.6198899140551	4.98228316895566
5.47970415884579	5.50107035897154	5.34313927593304
5.44945053473432	5.34945429270576	5.46039374710065
10.9726379083258	11.0205170822439	11.0205170822439
6.18539888484095	6.25650667313703	6.30964619034963
3.86416085754277	3.63797040194608	3.94075217244089
9.96511807348776	9.99425923069193	9.98371463025066
5.58399491958372	5.83122764168882	5.86886017453531
3.62248236425233	3.13640275901085	3.33505775727039
7.05004610887411	7.07744128081115	7.16326030891147
11.4555363402342	11.4555363402342	11.4284654366694
9.25618844104631	9.24452903198069	9.31534315123168
5.21570441707291	5.34945429270576	5.25168158170703
7.511562968284	7.52913585318818	7.66383961059788
10.0923079264169	10.0529079545623	9.96511807348776
10.0493490052423	10.0923079264169	10.0529079545623
9.68312827933658	9.68312827933658	9.70510718188867
5.04586568768428	4.74086634628777	4.90343376008807
9.19770693920362	9.09861391704865	9.00863553382516
6.01613678855059	5.91410011024849	5.92949605890285
8.29111988094332	8.25778441669346	8.24110032058826
6.17354443346403	6.34471599679184	6.32000456296768
8.25161963205949	8.35903399413316	8.39742955248297
9.00562070091569	9.02828754356485	9.06072981640156
5.03076227817073	5.0677690372818	5.03174170589351
5.1442812787414	5.38348864461832	5.36326317517545
8.10636340844176	8.07953349383002	8.20068330663098
8.17466626210988	8.0902074782339	8.0569559720769
5.39087688682285	5.62033250092285	5.67629736314569
4.32444925418223	4.4213614331066	4.41983476655902
4.52315196783344	4.08849051529783	4.25998886249177
9.00863553382516	9.00311899912677	9.03398474875472
6.32040101676481	6.29604180901398	6.42167146503146
3.56443803018248	3.7774278704186	3.61196956461232
7.9068168561109	7.97548865087114	7.87530521428265
5.81408275299296	5.84611692162973	5.88758816661016
8.66912994396063	8.45492053293954	8.64548582827348
8.97403784053285	8.93679108549421	9.0124590309452
7.93487771559218	7.96764926717843	7.98471057294691
10.908790834564	10.8094338707858	10.8267102074519
9.74211316723374	9.61484382317918	9.50855142398369
7.00974343364087	7.07457021183107	7.06371461997592
7.42823563577826	7.51014078837589	7.61199158348473
10.5976407305926	10.5976407305926	10.6104171850114
8.00323002295727	7.91640715204151	7.94640342001277
4.95051649333726	5.39313464212918	5.29706830647372
6.81303574704756	6.59456953252202	6.68760923279172
5.39087688682285	5.55202066449426	5.7423512124996
8.71056525005886	8.66969870351929	8.75205418030105
9.48076846109779	9.48076846109779	9.43041357326717
9.13637017979268	9.23737280312865	9.1875969116441
6.99012179418125	6.97841529584878	7.04037239131852
7.3489615500335	7.37197108509679	7.44425970373675
8.11959251223253	8.11959251223253	8.04162686726836
3.62248236425233	3.4171287691769	3.58071295532579
6.91926757466604	7.21804197521352	7.10059508622022
11.2742815797308	11.2228893319774	11.2017951592857
9.11720500392992	9.0124590309452	9.09861391704865
7.24932810126388	7.24932810126388	7.19431434932321
4.47843092249197	4.78350977431997	4.68814952524785
7.30145364952625	7.32069934557181	7.32151817015151
6.27352336944712	6.28310309060934	6.23260341928401
4.98733103937213	5.04586568768428	4.7858218034169
8.91996195721551	9.00863553382516	8.98776600391135
9.46871708253478	9.46871708253478	9.52426273321185
8.53322450949792	8.27437274481561	8.41462480330554
10.1327119594393	10.2192461489259	10.1940572796995
4.57362353885734	4.31822783378582	4.06756870161719
4.17759622636712	4.18984121669323	3.98184439500382
5.56157068894616	5.56716562716001	5.63319381100993
5.73466888625303	6.03001575350591	5.78068044380464
11.5862549460273	11.5665542074355	11.5665542074355
8.34442022910969	8.29111988094332	8.29111988094332
9.03523721899269	9.13026685098031	9.03648968923065
4.6808445997717	4.655846510132	4.87571886231044
5.95326646939199	6.0683508816983	6.04759593793232
4.84312501306252	4.80424107036048	5.02046427552214
7.69342834949797	7.5973851248043	7.56887375903687
4.71826472902379	4.86391110508483	4.98228316895566
10.3618864251958	10.3251651070043	10.3123840629171
9.1875969116441	9.19770693920362	9.23737280312865
9.59061575280925	9.66693653084415	9.62087108070425
8.85131793042091	8.72090927652224	8.6986368795371
12.1536851196427	12.1030480583577	12.1536851196427
11.2228893319774	11.2017951592857	11.2228893319774
7.33076265028356	7.5129851481921	7.48410811850705
10.9265556440984	10.908790834564	10.884146291374
4.78813383251382	4.58019890038966	4.8108898582144
10.2192461489259	10.183831516811	10.1489412018855
7.88347443337808	7.88347443337808	7.93249823226506
6.79264417334354	6.76124173431617	6.89005976192539
6.81303574704756	7.04862118948003	7.14370238137637
9.84634305012307	9.81145924754749	9.84634305012307
9.24452903198069	8.94068572470478	9.00311899912677
4.07875440092694	3.94486251481327	4.18984121669323
7.70938774899151	7.81784752784998	7.70145043865457
5.78068044380464	6.15381539674529	5.89086738712081
5.98894531733648	5.92949605890285	5.95326646939199
8.75327107080765	8.71056525005886	8.84991092783926
10.2826286052344	10.3618864251958	10.3472965039908
7.38598496308119	7.57039399069829	7.5973851248043
5.97490365140835	6.13543331666748	5.80593002493927
8.62231496950396	8.66856118440196	8.63562106107508
12.0149626956305	12.0149626956305	12.0149626956305
6.68760923279172	6.80787106741603	6.85650954758091
11.7730764344258	11.7730764344258	11.6706012217888
4.86281566276425	5.02561327684643	5.08928123467795
4.19858578667558	4.24325171384051	4.35571089404571
8.86824816902994	8.97403784053285	8.97403784053285
4.25000252184933	4.55039882513235	4.35571089404571
8.41462480330554	8.39742955248297	8.36458199257563
8.9387384050995	8.7051823182451	8.51699304120616
6.66309845808084	6.77644501320703	6.68760923279172
5.97490365140835	6.01613678855059	5.98309510662419
4.52315196783344	4.85942475858192	4.54493401238212
13.3988341708489	13.3988341708489	13.3988341708489
7.32110875786166	7.23546686626893	7.38598496308119
6.87268517839399	7.14527063727638	7.35982749660039
3.7774278704186	3.69790215043487	4.06756870161719
7.35982749660039	7.34366221157809	7.17837300134733
7.82363233320967	7.82363233320967	7.75732976076213
5.03076227817073	5.10087082012387	5.2013407818442
4.78813383251382	5.13541611558414	4.96742423261501
11.088305532933	11.1612624721679	11.1082770171306
7.96920648723468	8.10696052800582	8.10696052800582
7.82363233320967	7.71674081741425	7.7459605797451
11.4103930580406	11.3144134171545	11.2543452400587
5.83867228165928	6.00340395243949	5.90034558835141
9.09837182569491	9.07135716930979	9.14247350860504
9.49775358399164	9.4554671975552	9.40433702507953
7.25639859753171	7.11706301194878	7.07744128081115
6.27352336944712	6.32040101676481	6.22651818184561
6.27352336944712	5.86568200004234	5.81408275299296
8.51258961517112	8.52001539471131	8.49543212661203
5.86250382554936	5.95326646939199	6.0087574587475
9.40433702507953	9.40071722727505	9.46871708253478
10.719471204834	10.6983246255065	10.8094338707858
5.37911308577472	5.0677690372818	4.84654866735954
5.41954580983727	5.32672192713727	5.30681866498762
10.6983246255065	10.5771986754831	10.5771986754831
6.35588341412447	6.61991375710812	6.66309845808084
5.91410011024849	5.89086738712081	6.0087574587475
4.07875440092694	3.86416085754277	3.77280370533811
6.01613678855059	6.00545082668124	6.08751909224583
3.4171287691769	3.59634125996905	3.13640275901085
6.15191714700134	6.08121654142362	6.32448330932014
8.50833853748068	8.56573140843175	8.66969870351929
6.00442738956036	5.415232704533	5.04586568768428
9.37149419532468	9.41387236613789	9.45217979617107
4.78813383251382	4.98328713356028	4.75797783776687
7.56887375903687	7.62964786449225	7.49536938661941
5.41091959922874	5.50107035897154	5.38710448980154
10.884146291374	10.8267102074519	10.8499257049413
11.0735286621013	11.0735286621013	10.9847257354237
6.00442738956036	6.18448393386789	6.35588341412447
6.60366200968679	6.44374592823952	6.49771686682157
5.57628369213317	5.25168158170703	5.38710448980154
6.54333431136028	6.61353044701253	6.73205094773744
5.16723871901465	5.45554324362839	5.38710448980154
5.37911308577472	5.32672192713727	5.26019695523331
7.40156202709844	7.40955641532814	7.4267280189249
6.76584651438179	6.59456953252202	6.71218301215871
6.29360480328651	6.32448330932014	6.40149846600348
6.58884106742946	6.57463565688894	6.81360351395477
7.80737372777368	7.9372571989193	8.00729960666155
6.99012179418125	6.29116779755903	6.27352336944712
11.045768841744	10.8499257049413	10.8672075376522
5.09703090949792	5.29706830647372	5.61964648284414
4.91913361312859	5.09123611677496	5.07075602194801
8.39742955248297	8.38811768003621	8.35903399413316
5.62101851900155	5.77544676061478	5.5427875688609
6.60366200968679	6.82713339793608	6.93876010957663
7.55439095304596	7.7459605797451	7.81784752784998
6.04759593793232	6.23787044363944	6.32000456296768
8.0569559720769	8.24110032058826	8.20685048044902
8.03321741754758	8.08700813244359	8.11959251223253
5.03076227817073	5.2013407818442	5.14336875706371
2.62478269668593	2.94125087717701	2.62478269668593
7.98471057294691	8.00729960666155	8.06848457557052
8.88822018452506	8.98776600391135	9.00562070091569
4.6198899140551	4.25998886249177	4.25000252184933
9.63909739634535	9.62087108070425	9.63909739634535
6.900450856719	6.77099152438967	6.83286649066828
7.11706301194878	6.96146654016221	6.69848512346614
9.66693653084415	9.64749187215182	9.68312827933658
10.7835614265584	10.7835614265584	10.8762644199473
5.75003353874616	5.62033250092285	5.58399491958372
8.20068330663098	8.15797054824788	8.0249496193437
7.44425970373675	7.2719438882152	7.14683889317638
8.52303774821646	8.63562106107508	8.62231496950396
9.04826971595918	9.17888457353108	9.21012569753796
5.1442812787414	4.75676650435619	4.72890112323645
4.32444925418223	4.55039882513235	4.30718888405248
9.65019448217615	9.53579600918084	9.61934865742608
6.24483376021914	6.37572817216248	6.2826931174947
8.51699304120616	8.50833853748068	8.42193704045084
7.62964786449225	7.76086069948658	7.79337333804292
3.86416085754277	4.38974059856045	4.17409580602338
5.09703090949792	5.14245623538601	4.86281566276425
10.2767010117934	10.1940572796995	10.2675894768775
9.98371463025066	9.96511807348776	9.94045183395882
8.9387384050995	8.9041993749245	8.80337101177951
6.6556940898813	6.68760923279172	6.68760923279172
4.41983476655902	4.25000252184933	4.48669871949216
5.56157068894616	5.58013930585844	5.62101851900155
8.7318342018467	8.77455024530434	8.88065252657758
10.8499257049413	10.8762644199473	10.7971589061969
9.86733402360979	9.84634305012307	9.81145924754749
10.0630094442258	9.98371463025066	9.99425923069193
4.98733103937213	5.38861913151653	5.5249897103407
4.6808445997717	4.75676650435619	4.95909131451378
13.3130937175937	13.3130937175937	13.3130937175937
6.51952701288583	6.69073805545508	6.7153129079358
7.99283184580466	8.0569559720769	8.17466626210988
7.83852652220278	7.77272360636351	7.82363233320967
7.70296105449572	7.76677330725173	7.9068168561109
8.01955764942615	7.99283184580466	7.97548865087114
7.26509094496666	7.09001131780607	7.0577916955605
6.49771686682157	6.22560566016792	6.16940646688045
6.47773973421493	6.74544333657999	6.51952701288583
7.33763676031332	7.30621269923788	7.34096108332119
6.54333431136028	6.47773973421493	6.431150682995
7.10059508622022	7.25639859753171	7.32842799285724
4.88532511138928	4.51774522755299	4.74584992724008
7.87530521428265	7.95853437577024	7.99283184580466
5.68010995291402	5.58013930585844	5.50555777890706
8.77125064301092	8.6986368795371	8.75448796131425
6.32040101676481	5.67629736314569	5.94214666921755
8.66912994396063	8.7679510407175	8.71808467279051
8.69115656957642	8.84991092783926	8.85272493300257
5.68010995291402	5.68392254268234	5.57628369213317
5.62101851900155	5.96671219619251	5.91410011024849
6.97968649906413	7.13115947355733	7.08435106925018
5.86886017453531	6.02131324449002	5.98894531733648
4.32444925418223	4.35571089404571	4.4550510323182
7.49536938661941	7.55439095304596	7.60790743019318
10.49178044594	10.5382535179464	10.6307141344189
6.27352336944712	6.37169470118352	6.53989090953795
9.31534315123168	9.31534315123168	9.34127349208126
6.89005976192539	6.94243116063163	6.85592980266806
9.02828754356485	9.03398474875472	9.04826971595918
6.79264417334354	6.85621967512449	6.98341595869865
10.5075988618	10.5201691902646	10.49178044594
8.42193704045084	8.41462480330554	8.36829613210928
6.63489371339941	6.65090718366761	6.60366200968679
9.35473243447631	9.34127349208126	9.3249432127722
16.1333114257667	16.1333114257667	16.1333114257667
10.7971589061969	10.7438091341745	10.6983246255065
4.78813383251382	4.55039882513235	4.87571886231044
6.79264417334354	6.83286649066828	6.6556940898813
8.34442022910969	8.34562232392888	8.31413343421495
5.30361262851047	5.23681761358289	5.14336875706371
6.15191714700134	6.04759593793232	6.08121654142362
7.46758829588507	7.46632652889587	7.40955641532814
8.10278362511737	8.19160259545925	8.06555483433668
6.99936213257763	7.00974343364087	6.89890008197984
8.10636340844176	8.06555483433668	7.99916043925299
6.69848512346614	6.5707792785195	6.54677771318261
5.88922777686548	5.76281031690747	5.83122764168882
4.52315196783344	4.67830014032948	4.47275481113806
7.64730513494618	7.69342834949797	7.55645918395761
7.76677330725173	7.80737372777368	7.69342834949797
10.1062993272068	9.97693809514739	10.0346082067785
7.82363233320967	7.58194889831638	7.52913585318818
16.1911107691412	16.1911107691412	16.1911107691412
7.77932542420561	7.44061463335731	7.25639859753171
9.62010986906516	9.51916977597286	9.5109792073675
11.5665542074355	11.6706012217888	11.5862549460273
7.5973851248043	7.46885006287427	7.47980297791474
7.94640342001277	7.77932542420561	7.82507285826329
4.35719974817404	4.4550510323182	4.48669871949216
7.21657800826891	7.39825216357753	7.33701356556235
6.57463565688894	6.38334064185046	6.13543331666748
7.57665658241859	7.53656366797835	7.42241571704958
7.09001131780607	7.09001131780607	7.21657800826891
7.18256059904826	7.3489615500335	7.3489615500335
6.431150682995	6.68509143464784	6.67661488970806
7.96920648723468	8.30787665710305	8.25778441669346
7.61199158348473	7.83852652220278	7.83852652220278
5.34945429270576	5.75003353874616	5.66397657386049
5.47970415884579	5.415232704533	5.32589421832171
12.1030480583577	12.1536851196427	12.1030480583577
6.73767555392557	6.69848512346614	6.55817564535765
7.60790743019318	7.57665658241859	7.53656366797835
5.44945053473432	5.26019695523331	5.40438877807723
5.39087688682285	4.98127920435103	4.75555517094552
5.32672192713727	4.95909131451378	4.99137494518398
6.17354443346403	6.35704034902761	6.35588341412447
11.4284654366694	11.4103930580406	11.4103930580406
8.43404529371502	8.53322450949792	8.38811768003621
10.5589435255546	10.5589435255546	10.4543203814967
4.95051649333726	4.78813383251382	4.66580109550963
8.60521744272346	8.60917450460978	8.51258961517112
7.15608170662396	7.20086887459569	7.11002019804169
13.8420390375793	13.8420390375793	13.8420390375793
9.70510718188867	9.86733402360979	9.77370406465587
8.0670197049536	7.86518760884104	7.76974845680762
6.54333431136028	6.53642265818233	6.51055285928526
6.38929501773387	6.24618333816891	6.17768240004761
3.86416085754277	3.80836114861501	3.94075217244089
9.34127349208126	9.28494275926861	9.24452903198069
5.50555777890706	5.78591412699449	5.82360785222587
7.93487771559218	7.75732976076213	7.73131926620774
6.24483376021914	6.2779032569136	6.24398561410701
5.21570441707291	5.1442812787414	4.68814952524785
6.93876010957663	6.900450856719	6.74544333657999
8.26553159704983	8.20068330663098	8.08700813244359
6.82999994430218	6.85075395815502	6.75663695425054
6.32040101676481	6.07528304079627	6.03803077248352
6.07528304079627	5.82360785222587	5.70455030794299
8.85131793042091	8.71808467279051	8.60917450460978
5.21570441707291	5.23006805230162	5.38710448980154
6.07528304079627	6.01206409081376	6.18631383581401
6.79264417334354	6.85621967512449	6.78641207872244
5.44945053473432	5.55202066449426	5.34945429270576
5.83867228165928	5.98602021198034	6.18448393386789
6.71374796004725	6.7348632508315	6.64612027745391
5.88922777686548	5.37835337211434	5.1815447472612
6.73205094773744	6.72373166333094	6.57270746770422
6.4407333267432	6.50501177858775	6.47996814994005
7.34366221157809	7.20086887459569	7.04719627008594
5.50555777890706	5.51698839175055	5.41954580983727
5.34945429270576	5.16211209717306	5.15698547533148
11.1082770171306	10.9265556440984	11.0272574312941
6.60366200968679	6.42167146503146	6.53642265818233
8.13613159344381	8.04162686726836	7.9372571989193
4.52315196783344	4.48669871949216	4.43723794599771
9.82989601993256	9.74211316723374	9.66693653084415
7.37197108509679	7.64730513494618	7.55439095304596
7.21950594215814	6.91926757466604	7.05004610887411
6.77371826879835	6.95224332125798	6.91926757466604
6.63489371339941	6.66309845808084	6.73205094773744
8.00323002295727	7.99916043925299	8.07953349383002
4.88532511138928	4.88532511138928	4.85942475858192
4.47843092249197	4.29614993431913	4.5039260035577
4.52315196783344	4.79280410585336	4.79280410585336
9.03523721899269	9.06072981640156	9.13026685098031
4.6808445997717	5.14791071745564	4.94194167216074
6.67661488970806	6.67661488970806	6.77644501320703
9.41387236613789	9.38801334242184	9.41387236613789
9.15557239593801	9.25618844104631	9.28494275926861
10.7559919367885	10.7971589061969	10.8940556106046
14.2988720270898	14.2988720270898	14.2988720270898
4.655846510132	4.60948714721432	4.51774522755299
5.0677690372818	5.39785795692573	5.34945429270576
5.34945429270576	5.62033250092285	5.50107035897154
6.51055285928526	6.50501177858775	6.47773973421493
10.8672075376522	10.8940556106046	10.7835614265584
7.69993982281342	7.44425970373675	7.46632652889587
4.88532511138928	4.77645422446439	4.7858218034169
5.30361262851047	5.31169449410227	5.46039374710065
3.62248236425233	3.33505775727039	3.20690412740875
13.4521861060217	13.4521861060217	13.4521861060217
9.97693809514739	9.88930108519198	9.88930108519198
10.951514182591	10.8672075376522	10.6477839009355
9.77370406465587	9.77370406465587	9.86733402360979
6.35588341412447	6.23787044363944	6.22254049050934
8.7051823182451	8.64548582827348	8.69115656957642
4.7507025490928	4.93160260412771	5.03174170589351
6.85592980266806	6.98587421511783	7.11706301194878
4.84312501306252	4.8255130974776	5.23344283294226
6.75663695425054	6.7348632508315	6.76584651438179
10.5382535179464	10.5473549615297	10.5382535179464
6.4158725570301	6.81303574704756	6.80218104082009
10.6104171850114	10.6104171850114	10.719471204834
7.75164517025361	7.73437842837085	7.70938774899151
6.47773973421493	5.50107035897154	5.59751301443121
9.13637017979268	9.14247350860504	9.19770693920362
7.96920648723468	7.94640342001277	7.96920648723468
6.61991375710812	6.65090718366761	6.58884106742946
10.8267102074519	10.951514182591	10.9265556440984
4.7507025490928	5.13541611558414	5.14336875706371
8.38149977268012	8.42193704045084	8.57999934273251
6.85592980266806	6.79352988730994	6.89890008197984
5.81408275299296	5.70455030794299	5.84611692162973
6.5707792785195	6.79649101422416	6.87625491364342
4.25000252184933	4.18984121669323	4.52855870811387
10.5875079465448	10.6875540011684	10.6875540011684
10.8094338707858	10.884146291374	10.908790834564
7.72133166711975	7.72592251682526	7.78989344998718
7.95853437577024	7.98471057294691	8.01955764942615
6.12451331480522	4.47843092249197	4.88532511138928
7.86518760884104	7.48410811850705	7.43612502936037
6.54333431136028	6.51952701288583	6.62179045322651
9.61484382317918	9.61934865742608	9.54440783986885
10.2547428693783	10.2394355948488	10.2325595439831
6.4158725570301	6.38929501773387	6.30231974929095
8.30787665710305	8.21768018680286	8.28192668229604
10.9847257354237	11.0272574312941	10.951514182591
9.09837182569491	9.11720500392992	9.02828754356485
7.2719438882152	7.33763676031332	7.21950594215814
7.76086069948658	7.49536938661941	7.44061463335731
9.37476694815476	9.35473243447631	9.35473243447631
9.00311899912677	9.00562070091569	8.93679108549421
9.25268938848127	9.25268938848127	9.15557239593801
2.825858996799	2.27072155241861	2.27072155241861
8.0249496193437	8.06848457557052	7.95853437577024
10.4116093164984	10.36884660399	10.3899271261474
6.87268517839399	6.99436937324467	6.99436937324467
9.06072981640156	9.09812973434117	9.05454667048241
10.0346082067785	10.1062993272068	10.0923079264169
3.94486251481327	4.00189343395677	3.69790215043487
7.79163339401505	7.87530521428265	7.86518760884104
5.39087688682285	5.53531366134097	5.5427875688609
8.0670197049536	8.26553159704983	8.23187859590321
6.24483376021914	6.22038784252846	6.26685944615412
5.1442812787414	5.11223221696846	5.10087082012387
7.41598606618886	7.32151817015151	7.37197108509679
10.514050137113	10.5075988618	10.514050137113
6.22560566016792	6.46352174971867	6.37169470118352
4.32444925418223	3.90345927058437	3.90345927058437
4.95051649333726	4.8941343857675	4.99545448114708
5.53311776321635	5.34313927593304	5.5249897103407
8.9041993749245	8.84033215861453	8.9041993749245
4.17759622636712	4.39851102426573	4.55039882513235
4.41983476655902	4.35868860230238	4.30718888405248
10.3472965039908	10.3123840629171	10.2547428693783
6.89005976192539	6.81417128086198	6.79175845937714
10.2325595439831	10.2826286052344	10.2826286052344
7.73131926620774	7.60790743019318	7.62964786449225
3.33505775727039	3.54816310503916	3.49816667308042
4.7507025490928	4.74086634628777	4.93767111640688
7.32609333543092	7.55645918395761	7.56887375903687
8.6281531002031	8.62231496950396	8.54936750654826
7.77272360636351	7.89689749686491	7.96764926717843
8.38811768003621	8.54936750654826	8.52303774821646
5.36326317517545	5.30361262851047	5.40438877807723
11.0272574312941	11.088305532933	11.1612624721679
9.38962961612709	9.43569235961581	9.43569235961581
12.5154094274895	12.5154094274895	12.5154094274895
11.0423214419733	11.0423214419733	11.045768841744
6.08751909224583	6.1500188972574	6.15381539674529
5.09703090949792	5.02561327684643	5.09319099887198
3.49816667308042	3.04749368548674	3.62248236425233
8.19160259545925	8.14165466407302	8.26553159704983
7.04719627008594	6.88474513888692	6.99936213257763
8.15797054824788	8.13060852281459	8.15797054824788
7.18256059904826	7.43612502936037	7.44930224976787
8.07953349383002	7.93249823226506	7.92599744797212
7.47980297791474	7.42974325263162	7.39990709533798
7.14683889317638	7.21804197521352	7.24932810126388
8.21768018680286	8.01955764942615	8.0902074782339
10.4673597844641	10.4865883609807	10.5473549615297
5.81408275299296	6.16940646688045	6.01613678855059
4.07875440092694	4.33230084471074	4.33067067457864
7.07600574632111	7.08435106925018	7.15608170662396
6.38334064185046	6.30964619034963	6.43772072524689
4.41983476655902	4.8255130974776	4.66580109550963
9.52426273321185	9.55879868922075	9.55424488267698
8.0902074782339	8.10278362511737	8.13060852281459
9.50976531567559	9.43041357326717	9.4554671975552
8.35903399413316	8.47859692853044	8.47859692853044
7.16326030891147	7.18674819674919	7.26509094496666
9.80268747511349	9.76178652399912	9.80638981439346
6.373711436673	6.43443570412094	6.44374592823952
6.03402326299471	5.80593002493927	5.78068044380464
9.38962961612709	9.29468110958977	9.36756333184837
6.95224332125798	7.06371461997592	6.81360351395477
7.92599744797212	7.96920648723468	7.89018596512149
6.47773973421493	6.47996814994005	6.34627230755506
6.29360480328651	6.2779032569136	6.29360480328651
7.06075315776821	6.89734930724068	6.96146654016221
5.50555777890706	5.38348864461832	5.55597575073232
7.09001131780607	7.02745870010001	6.97841529584878
4.7507025490928	4.81753864606832	4.92553409184853
7.14370238137637	6.89005976192539	6.88474513888692
3.94486251481327	3.7774278704186	3.79520659205705
4.71826472902379	4.85942475858192	4.83319226376137
9.42477945384763	9.3249432127722	9.40071722727505
8.49543212661203	8.43404529371502	8.38149977268012
10.36884660399	10.3472965039908	10.3618864251958
9.3249432127722	9.36756333184837	9.29468110958977
6.68760923279172	5.90034558835141	6.07528304079627
5.25593926847017	4.87571886231044	5.23344283294226
3.13640275901085	2.70616529903072	2.70616529903072
11.6349363575132	11.6349363575132	11.7730764344258
10.5201691902646	10.514050137113	10.4837543242336
6.03402326299471	6.26685944615412	6.24753291611867
4.95051649333726	4.71460997691015	4.59484302380199
4.86281566276425	4.51774522755299	4.59484302380199
5.59751301443121	5.66397657386049	5.59751301443121
4.47843092249197	4.00189343395677	4.02194247290972
9.17888457353108	9.21568716531306	9.17888457353108
3.94486251481327	4.05638300230743	3.86416085754277
4.98733103937213	5.31169449410227	5.31336428673977
10.1489412018855	10.2325595439831	10.2192461489259
10.183831516811	10.1327119594393	10.1062993272068
10.0529079545623	10.0493490052423	10.1327119594393
4.47843092249197	4.4213614331066	4.18984121669323
5.62101851900155	5.73466888625303	5.68392254268234
7.03391554570927	6.98095770227947	7.08951808855932
5.30361262851047	4.96742423261501	4.72890112323645
10.3899271261474	10.4116093164984	10.4865883609807
7.511562968284	7.66383961059788	7.73743759053396
4.47843092249197	4.87571886231044	4.8108898582144
8.6804945691855	8.69115656957642	8.71056525005886
6.27352336944712	6.40149846600348	6.37572817216248
11.6706012217888	11.5862549460273	11.6349363575132
7.56887375903687	7.47980297791474	7.51014078837589
6.22560566016792	6.4959630357529	6.29360480328651
10.5771986754831	10.4673597844641	10.5075988618
10.3123840629171	10.2767010117934	10.2394355948488
9.55424488267698	9.5617632257033	9.64749187215182
6.07528304079627	6.24618333816891	6.11359331294296
4.82434302619797	4.48669871949216	4.56704817732502
5.13020799170055	4.63544759385301	4.68814952524785
4.41983476655902	4.52855870811387	4.42288809965418
11.2543452400587	11.2543452400587	11.2742815797308
7.43836983135884	7.33763676031332	7.5129851481921
4.6198899140551	5.09123611677496	5.1815447472612
6.72373166333094	6.55817564535765	6.82713339793608
11.3144134171545	11.2742815797308	11.3391625534501
9.40071722727505	9.37149419532468	9.37476694815476
5.76281031690747	5.62033250092285	5.48981471007635
8.54936750654826	8.51258961517112	8.50833853748068
8.45492053293954	8.36458199257563	8.45492053293954
11.1612624721679	11.1082770171306	11.088305532933
9.4554671975552	9.5109792073675	9.49275802374831
8.64548582827348	8.57999934273251	8.6804945691855
11.3391625534501	11.4284654366694	11.4555363402342
10.8762644199473	10.9847257354237	11.0735286621013
9.88930108519198	9.94045183395882	9.97693809514739
10.4306783100722	10.3899271261474	10.4634728070947
10.1734651527253	10.2675894768775	10.3251651070043
8.13613159344381	8.17466626210988	8.21768018680286
7.75164517025361	7.79337333804292	7.72592251682526
5.47970415884579	5.43698043036132	5.28523926672497
8.27437274481561	8.20685048044902	8.19160259545925
9.0124590309452	9.05454667048241	8.91996195721551
6.81303574704756	6.71218301215871	6.62179045322651
5.0677690372818	4.99137494518398	5.11223221696846
9.65019448217615	9.65289709220047	9.65289709220047
7.46758829588507	7.61199158348473	7.74122382559161
10.996280728112	10.9726379083258	10.996280728112
6.22560566016792	6.22560566016792	6.25650667313703
5.21570441707291	5.28523926672497	5.43698043036132
8.6986368795371	8.81884988782269	8.7679510407175
7.11002019804169	7.15608170662396	7.02745870010001
8.57999934273251	8.75205418030105	8.66856118440196
10.6477839009355	10.6307141344189	10.5589435255546
8.63562106107508	8.60126038083714	8.60126038083714
5.30361262851047	5.53531366134097	5.48538316451179
7.03391554570927	7.04037239131852	6.98341595869865
7.41598606618886	7.30145364952625	7.32842799285724
7.28712479248316	7.28712479248316	7.30621269923788
8.20685048044902	8.03321741754758	8.10278362511737
6.89005976192539	6.99936213257763	6.95224332125798
7.32110875786166	7.26509094496666	7.34096108332119
4.98733103937213	4.72191948113744	4.77645422446439
4.78813383251382	4.94194167216074	5.13020799170055
13.3298449801183	13.3298449801183	13.3298449801183
9.30384969712651	9.21012569753796	9.07135716930979
8.28192668229604	8.23187859590321	8.43404529371502
3.7774278704186	4.48669871949216	4.86281566276425
8.88065252657758	8.88822018452506	8.88822018452506
8.56573140843175	8.6804945691855	8.7051823182451
9.99425923069193	10.0346082067785	10.0630094442258
6.49771686682157	6.34782861831829	6.38929501773387
5.59751301443121	5.59686227202189	5.7423512124996
7.44930224976787	7.42457186798724	7.46885006287427
10.9761892367051	10.9761892367051	10.9726379083258
9.28494275926861	9.30384969712651	9.30384969712651
5.53311776321635	5.46524425057292	5.56716562716001
4.25000252184933	4.33230084471074	4.39412581141309
5.9358213640602	5.94214666921755	6.0683508816983
5.09703090949792	4.85942475858192	4.6198899140551
6.34627230755506	6.43443570412094	6.38334064185046
6.74544333657999	6.7153129079358	6.77099152438967
7.48410811850705	7.38598496308119	7.2719438882152
4.82434302619797	4.68814952524785	4.51774522755299
4.91913361312859	5.36326317517545	5.32754963595282
6.34627230755506	6.11359331294296	6.1500188972574
3.69790215043487	3.59634125996905	3.79520659205705
10.4837543242336	10.4634728070947	10.4306783100722
5.32672192713727	5.16211209717306	5.30681866498762
8.47859692853044	8.49543212661203	8.6281531002031
4.35719974817404	4.4550510323182	4.24325171384051
10.6875540011684	10.7438091341745	10.7559919367885
10.8940556106046	10.996280728112	10.9761892367051
9.50976531567559	9.55424488267698	9.50274914423496
8.9556761292745	9.03648968923065	9.11720500392992
7.23546686626893	7.17837300134733	7.23546686626893
11.2017951592857	11.182901617808	11.182901617808
9.62010986906516	9.79898513583353	9.76178652399912
6.4407333267432	6.31960810917056	6.57270746770422
9.21012569753796	9.04826971595918	9.21568716531306
3.13640275901085	2.62478269668593	2.94125087717701
5.9358213640602	5.81408275299296	6.03001575350591
6.22560566016792	6.54677771318261	6.49771686682157
7.06075315776821	7.11002019804169	7.00974343364087
8.24110032058826	8.31413343421495	8.14165466407302
8.36458199257563	8.38149977268012	8.27437274481561
8.79365890159566	8.86824816902994	8.79365890159566
10.1940572796995	10.1489412018855	10.183831516811
9.81145924754749	9.82989601993256	9.79898513583353
9.49775358399164	9.50855142398369	9.5617632257033
6.30598296982029	6.60366200968679	6.61353044701253
8.71949697465637	8.7351556361167	8.9556761292745
8.75327107080765	8.85272493300257	8.86824816902994
7.30621269923788	7.14527063727638	7.30145364952625
9.45217979617107	9.39124588983235	9.38801334242184
8.31413343421495	8.34321813429049	8.34562232392888
11.182901617808	11.3391625534501	11.3144134171545
9.21568716531306	9.1875969116441	9.25618844104631
4.6198899140551	4.67830014032948	4.35571089404571
6.82999994430218	6.79175845937714	6.79352988730994
12.8472851526853	12.8472851526853	12.8472851526853
6.373711436673	6.30231974929095	6.24398561410701
2.825858996799	3.49816667308042	3.54816310503916
4.52315196783344	4.91273313440865	4.48669871949216
8.98776600391135	8.91996195721551	8.84033215861453
2.27072155241861	3.62248236425233	3.4171287691769
6.40149846600348	6.53989090953795	6.46352174971867
7.66383961059788	7.40156202709844	7.58194889831638
10.2394355948488	10.1734651527253	10.1734651527253
9.29468110958977	9.37476694815476	9.25268938848127
7.08435106925018	6.94243116063163	6.94610221168662
7.73743759053396	7.82507285826329	7.77932542420561
6.94610221168662	6.78641207872244	6.73205094773744
5.70455030794299	6.03803077248352	6.00340395243949
9.5617632257033	9.63909739634535	9.59061575280925
7.42823563577826	7.35982749660039	7.28712479248316
4.02194247290972	4.08849051529783	4.09822662966872
4.41983476655902	4.4550510323182	4.39412581141309
7.72133166711975	7.74122382559161	7.71674081741425
6.68760923279172	6.6236671493449	6.60029799761459
9.05454667048241	8.9556761292745	8.94068572470478
5.78068044380464	5.88758816661016	5.96671219619251
5.1442812787414	5.48538316451179	5.38710448980154
8.7318342018467	8.80337101177951	8.7285127675767
9.76178652399912	9.80638981439346	9.82989601993256
8.81884988782269	8.79365890159566	8.81884988782269
7.55439095304596	7.70938774899151	7.64730513494618
8.84033215861453	8.88065252657758	8.7351556361167
6.97968649906413	7.0577916955605	7.09050454705283
5.1442812787414	5.19585077550775	5.14336875706371
10.5473549615297	10.5875079465448	10.5875079465448
8.60521744272346	8.52001539471131	8.53322450949792
10.4865883609807	10.4543203814967	10.4673597844641
6.71374796004725	6.35472647922133	6.2826931174947
5.53311776321635	4.17409580602338	4.83319226376137
9.36756333184837	9.45217979617107	9.39124588983235
7.52913585318818	7.44930224976787	7.39990709533798
8.80337101177951	8.7285127675767	8.77455024530434
9.94045183395882	10.0630094442258	10.0493490052423
7.07600574632111	7.10059508622022	7.07457021183107
10.6307141344189	10.6477839009355	10.5976407305926
6.01613678855059	6.17768240004761	6.22254049050934
3.56443803018248	3.93664183006851	3.63797040194608
8.08700813244359	8.0249496193437	8.03321741754758
8.04162686726836	8.10576628887769	8.10576628887769
7.49076325091093	7.73437842837085	7.70145043865457
7.39825216357753	7.42457186798724	7.49076325091093
6.30598296982029	6.18631383581401	6.34627230755506
5.30361262851047	4.99545448114708	4.90343376008807
7.89689749686491	7.91640715204151	7.89018596512149
9.43569235961581	9.42477945384763	9.42477945384763
7.58194889831638	7.56735352737544	7.57665658241859
3.13640275901085	3.20690412740875	3.04749368548674
6.12451331480522	6.08751909224583	6.02131324449002
10.4543203814967	10.49178044594	10.5201691902646
10.7316263315604	10.719471204834	10.7316263315604
9.80268747511349	9.70510718188867	9.74211316723374
1.80810505647425	1.80810505647425	1.80810505647425
9.43041357326717	9.49275802374831	9.51916977597286
7.79163339401505	7.69993982281342	7.76974845680762
7.33763676031332	7.49076325091093	7.42974325263162
7.13115947355733	7.04862118948003	7.13115947355733
9.51916977597286	9.50274914423496	9.48076846109779
7.55439095304596	7.70296105449572	7.76086069948658
9.55879868922075	9.52426273321185	9.55879868922075
5.47970415884579	5.47402515317978	5.44945053473432
4.86281566276425	4.93160260412771	4.82434302619797
10.2675894768775	10.4306783100722	10.4116093164984
9.23737280312865	9.40433702507953	9.37149419532468
5.66397657386049	5.86568200004234	5.86250382554936
8.71949697465637	8.6281531002031	8.56573140843175
10.4634728070947	10.4837543242336	10.36884660399
