k27_temp20_1	k27_temp20_2	k27_temp20_3
7.44415855037032	7.31589292731297	7.3303699105915
2.70830584101767	2.93608217380667	2.85457832118273
6.86539735254589	6.88895316384956	6.81503600982113
9.50949178613605	9.52520732212931	9.61633099196237
5.56521988658885	5.52923338864208	5.51028451663021
5.28945858213341	5.44430530971312	5.4516922718219
7.20852359154396	7.18484735922989	7.21298643335048
6.97007046645945	6.87432885935852	6.84163576932425
8.38356032651289	8.33603313129403	8.3544908912731
11.858429000617	11.9265018966662	11.8544638769638
11.0272871372521	11.0288526733375	11.027167008356
5.9218014340003	5.98857959887476	5.77214325222712
8.78074447884147	8.72020374743605	8.73442590037802
8.27220558248344	8.21084390083202	8.32648110361254
9.08458616983478	9.12488027855695	9.10847277635307
6.25526344687298	6.38353137477388	6.39893257323789
10.3160892238768	10.2360118513175	10.2955232781443
4.82314926813364	4.83359666423293	4.70312062111097
7.17769300324096	7.30743431559662	7.18970139227747
6.81003415147309	6.73562552263964	6.86602786370723
7.72068842031127	7.77922740347042	7.81974165270929
8.25472698760717	8.2449160322765	8.28180108117253
4.88659974719197	5.00903384402248	5.06352375997226
9.52281509729669	9.56644348363702	9.57429702586222
4.49650063691377	4.63400855750159	4.98309081876188
5.50614659816117	5.50846255976303	5.35171547358877
5.48589943959073	5.3447621717606	5.4424633195399
10.9746442976548	11.0110947546761	11.0155917160384
6.25526344687298	6.23665690332709	6.28729818934969
3.89720094451501	3.58107092504709	3.94979129302308
9.97298553590046	9.9633205940517	9.99291317908633
5.62194526135278	5.82320074741498	5.85797005042661
3.62448855701676	3.30368619964276	3.49471150811346
7.02660857972805	7.11183361980318	7.17722033999571
11.4062718770921	11.4481123440974	11.4325138549093
9.2587061085381	9.22853280315941	9.34603485511248
5.26586464419602	5.3447621717606	5.23364087461345
7.51478642102431	7.5346973810342	7.6851145350168
10.1536597121482	9.98552213833243	9.97013279851502
10.1071912533155	10.0393077042101	10.059932017737
9.68879383525032	9.67100257678027	9.68933409644154
5.08879180093085	4.73009516773048	4.89791312673389
9.21899224328775	9.05676214533117	9.01908116910907
6.0510011958951	5.8986814548462	5.92910012895927
8.30370416896388	8.2153900880538	8.26615840713726
6.24331860104987	6.34171502640629	6.28987504305351
8.26349303816379	8.33424182178147	8.42663203387639
9.03115674655995	9.00574973084321	9.05899069980626
5.06160239321814	5.02663231616992	5.03924880002168
5.19264855751815	5.37718135997055	5.36642860032441
8.09026246033056	8.07025393261917	8.2147962132189
8.17950406453113	8.07454725120097	8.08708483956831
5.42337554332772	5.60164011308212	5.69261897799726
4.27646584151906	4.455343001843	4.45056169540728
4.45512380515376	4.10521038029555	4.30552427531185
9.03285704544604	8.96415079551412	9.03533146026056
6.35849401316899	6.29135658483205	6.41790593137352
3.5473129650369	3.65790664043438	3.6786311616872
7.89306656411135	7.96243930278977	7.89453985008364
5.84462584202045	5.84327281147785	5.89227869725439
8.66463165239426	8.46881141531968	8.6650227842615
8.9984601823433	8.9137285847388	9.02102534239748
7.91925813833632	7.95470017905023	8.00151538502308
10.9067875833911	10.8110279274705	10.7737605739272
9.73213180354632	9.58751283889738	9.54296435078965
7.00566833993686	7.10766760209318	7.06578491280151
7.42855838693867	7.51487294989076	7.62611343371763
10.6134244004062	10.5829855808422	10.608945013389
7.9844806855876	7.9105817839778	7.97690687016055
4.97678135850328	5.39538669162309	5.31679051520145
6.82607253083735	6.59419098364034	6.71883534137409
5.42337554332772	5.56588808607352	5.76845403919226
8.70795518264251	8.6574970217373	8.78013328563479
9.48494430676949	9.4437836014296	9.45966028754699
9.16426090947128	9.21654329667946	9.20228166105116
6.98441632335513	6.97525851517212	7.03076000123163
7.36985326047586	7.356290877241	7.44934631989034
8.11310135950606	8.11471278386012	8.06088489123615
3.62448855701676	3.35989410324364	3.66284601967345
6.9261469779203	7.21357206945227	7.09409133322751
11.2796678027926	11.2484756312144	11.1985322928556
9.1423965755866	8.97533529207899	9.10920408073217
7.27409423548683	7.22387810155318	7.20481098066616
4.41251166328111	4.75842496756735	4.72610772888717
7.30862980912329	7.30500849017721	7.33162203560956
6.3135327923078	6.27170340925941	6.20777391511982
5.00561871800122	5.01492373516622	4.81456349637573
8.93255474286797	8.97264346420411	9.01088694248981
9.4750058802245	9.43233070832979	9.55831391051222
8.52130934548078	8.2398240281941	8.4283901912668
10.1713724925324	10.2055448067166	10.2078610597327
4.49650063691377	4.34774888479891	4.07437936120999
4.12607416286133	4.21123237355228	4.00092322088584
5.58437991582565	5.57790351610632	5.64914760550017
5.76303787946035	6.02127374996955	5.77582306598293
11.5949401020034	11.5579584968575	11.5827043971665
8.35105643826797	8.25252070881145	8.31828721755917
9.04806927552944	9.09263884545115	9.03840613117769
4.65096478836561	4.65675350584705	4.87752230168824
5.9806716637825	6.04459724232575	6.03424634761213
4.85522703934349	4.80670967036296	5.00831986403916
7.67303176871664	7.57758232681021	7.58469622686036
4.72234970000583	4.84685571689425	4.98309081876188
10.3576636334274	10.3156887100688	10.3307834851919
9.20098063841794	9.1675699403349	9.25114373050603
9.59107974869614	9.65063624315488	9.62044222368081
8.83446485378724	8.71193627455367	8.71149960761344
12.1415336972778	12.1332334397157	12.1280491287723
11.2122587520221	11.1942531791223	11.2000802459732
7.34789281584595	7.52011620649502	7.48129164368823
10.9290167428111	10.8938991899108	10.8735704192565
4.7903340126676	4.61090160542577	4.82879342544942
10.213601901933	10.1626016868951	10.1241595466993
7.86638539950391	7.87986207741696	7.96323172260724
6.81807586708742	6.73562552263964	6.8763568191786
6.82607253083735	7.08806654597748	7.16322482236745
9.84902527028976	9.808903309542	9.86292628311794
9.24851554488511	8.91613165757832	9.0144044479656
4.07220359054118	3.94243218861	4.22177176458346
7.68618762908981	7.81298295725747	7.73991417864016
5.81254807081059	6.12339947570614	5.89566516098136
6.00922063036176	5.90187585916183	5.93898153204843
8.76237881202117	8.70083923065076	8.86656031960017
10.2817935625711	10.3569151682786	10.3421924939941
7.39683706491186	7.56241127784001	7.61278267558845
5.99501752067818	6.10963770275733	5.77949352823245
8.61995192503154	8.65701872946621	8.6480187485251
11.9933861078464	12.0427007831813	11.998491379662
6.69241699835185	6.78855445230429	6.85562450935615
11.8376217304649	11.766083534738	11.6549277113127
4.88659974719197	5.00311996140258	5.09330473501115
4.17798536528414	4.23153838533891	4.36529802390979
8.86537054275299	8.93560928101589	8.98681757159506
4.2280747413638	4.58742093985042	4.36529802390979
8.41009270280039	8.36439752405022	8.37894049953442
8.93801326097724	8.69012437629297	8.55611147793124
6.6479460886186	6.74458209747132	6.71883534137409
5.99501752067818	6.01538385882581	5.97464571733129
4.45512380515376	4.84024132652105	4.60732909571908
13.4212584852451	13.4201061943776	13.3397346886155
7.33119787996174	7.22130844393413	7.39048217841424
6.87313396089544	7.16626759336331	7.35027480606298
3.83375046545668	3.62765854269827	4.07437936120999
7.38070807131198	7.33860666133593	7.18278079390058
7.81147860155126	7.81981121758403	7.78997927466282
5.06160239321814	5.05549720679098	5.16236933983686
4.7903340126676	5.1005196105173	4.97671409265156
11.086547797419	11.1395718213456	11.096398980464
7.96666022009339	8.10704757866213	8.12587576208552
7.81147860155126	7.70558625975034	7.77716514393684
11.3998130391666	11.3671170486647	11.2500876422862
5.86039838643728	6.00055373830108	5.90241436072936
9.12816199034659	9.043626387888	9.14459184081622
9.48741813883771	9.42530263682795	9.44060633865972
7.27990850318418	7.14609325982749	7.0792623927215
6.3135327923078	6.32034635680405	6.2023133183777
6.3135327923078	5.86634479128674	5.79044927824374
8.49430697842169	8.4989921404974	8.51312402789074
5.87599854986893	5.94896721457637	5.98422139517651
9.39422433807603	9.37367054401997	9.49619160838842
10.7031934018956	10.7381612325308	10.7611199579464
5.40191046595807	5.02663231616992	4.85683947401198
5.4653609450164	5.31638622924942	5.32183179821792
10.6625452986108	10.5555598185873	10.5807162428175
6.3804544577989	6.62747842285196	6.70538177394023
5.93674817524334	5.87936601018953	5.98422139517651
4.07220359054118	3.80035965555963	3.84175394731895
6.0510011958951	6.00353190585974	6.06465433638688
3.37918937206499	3.54916071359108	3.2839064601058
6.219124788867	6.05898642032237	6.29501499907551
8.49182669848211	8.54879891545612	8.68722464766286
6.03720977705109	5.4178269555981	5.04535589629982
9.37295912918985	9.3884870137715	9.47761662053719
4.7903340126676	4.97318372193762	4.7929522285703
7.56792761124066	7.62703725037786	7.48804610393844
5.44452260783073	5.50846255976303	5.37129985660427
10.8902324922575	10.8413073448378	10.820676474642
11.0744030779894	11.0675539299633	11.0050054982538
6.03720977705109	6.15053776445788	6.33548913240933
6.60204500347959	6.42640203777296	6.4779025427823
5.60328616237067	5.24292083559935	5.37129985660427
6.56423085182561	6.61971446758118	6.73972668166999
5.21747354404076	5.44867179774354	5.37129985660427
5.40191046595807	5.31638622924942	5.24430015633613
7.41278584252184	7.38988138957721	7.43543616950392
6.80194687348755	6.59419098364034	6.73026806163224
6.32490656360996	6.32750424891524	6.39654328217544
6.59268496504763	6.58425353090966	6.81682464920497
7.79943295415005	7.9280742386601	8.03881043919856
6.98441632335513	6.27664170033253	6.24543073275076
11.0695161091778	10.8536870556396	10.8388918409074
5.14166453976327	5.27275454646883	5.60845967213371
4.94734937256639	5.04402002310312	5.08146593005601
8.4021846451988	8.35205623148798	8.37103968474235
5.65854728594165	5.74713374253266	5.52347480116172
6.60204500347959	6.82786549659002	6.94339094328295
7.54883166428389	7.73927775498369	7.8321851546933
6.07819060360781	6.21881121204393	6.28987504305351
8.02979880124901	8.19777580022118	8.22629407024197
8.00557566182647	8.07383257918272	8.1330793985539
5.06160239321814	5.18658072272134	5.13971277929128
2.55791416235994	3.07669419179096	2.6132977436059
7.97737917469043	8.00127962848142	8.09743317741453
8.90308477747876	8.93876463390309	9.01596503819616
4.5758210839119	4.26147462480387	4.29531698111214
9.65951835397299	9.59480292937601	9.64864616307507
6.88848250389936	6.739214785718	6.83459026209544
7.08764688965115	6.95067623605407	6.72074709032015
9.6758565798049	9.62704017229544	9.68639548684619
10.8176492157831	10.7843092529953	10.8621031604204
5.77973281534456	5.60164011308212	5.55807109277828
8.21610608912	8.13472918319526	8.04493371755022
7.44932094567578	7.25938377748718	7.16603479624576
8.51154930235341	8.61429971877306	8.64095848109672
9.05477857458511	9.13592894011196	9.22033384375867
5.19264855751815	4.73722961046913	4.73368951069554
4.27646584151906	4.58742093985042	4.3456470252949
9.66280099416122	9.52125597384323	9.61761700942591
6.30206766443446	6.36741226672631	6.27173976833442
8.4967829560522	8.49525368221317	8.43073107689734
7.62828199897	7.76249366206026	7.8071900121709
3.89720094451501	4.41147694079476	4.2109527917646
5.14166453976327	5.10605049787575	4.87066088204834
10.278957196519	10.1661587066631	10.2902076236872
9.99220419612641	9.94806657688517	9.94841930286386
8.93801326097724	8.89069879839903	8.81595422799493
6.62976239371953	6.65812560145253	6.71883534137409
4.36858817474195	4.24158587302177	4.53974595474301
5.58437991582565	5.58188666311976	5.61258043418109
8.71858368108708	8.74877469569172	8.88503625890462
10.8683258304221	10.8730489135035	10.756920654371
9.86618861230163	9.8233283357128	9.8269041174445
10.1151744997744	9.96176343484545	10.0169006330219
5.00561871800122	5.38175413910744	5.51028451663021
4.65096478836561	4.73722961046913	4.96387555373641
13.314394913585	13.3563067616214	13.2538217612134
6.55461868926581	6.6675716736533	6.7359506635248
7.98093434650607	8.05657405588969	8.17835091641034
7.82738295267635	7.76691601143063	7.84276634573889
7.6818158010288	7.76603261853708	7.91974687936912
7.99154704034627	7.98844795931136	7.99994032912231
7.28569918352381	7.12012996338263	7.05218048457746
6.52538761834735	6.20592864148923	6.137986131989
6.50556228928678	6.71207649696627	6.49810323735735
7.35341468248495	7.30257860479704	7.33786642976272
6.56423085182561	6.4658809220765	6.4202601716957
7.07430659866256	7.23665860816564	7.33287307606706
4.9172977205698	4.54742237223395	4.76362480232392
7.85866970100861	7.95003682544002	8.01171159328304
5.69423416336272	5.58188666311976	5.49250797077896
8.78074447884147	8.6807423974368	8.78059231189573
6.35849401316899	5.6517755866492	5.93569523684709
8.66463165239426	8.7329714091526	8.72777657404981
8.69078323724422	8.84855317261905	8.87001564688901
5.69423416336272	5.66310352065039	5.55379160485371
5.65854728594165	5.9520529886939	5.91581887567064
6.97726141741644	7.14744697197756	7.08075215677094
5.89143005958193	6.01833179115994	5.97784466906619
4.27646584151906	4.3935525628113	4.47789991444434
7.49994329857889	7.53986965645738	7.6250923476957
10.4774347302047	10.5320833717847	10.6420817221009
6.3135327923078	6.36509485813253	6.52679209429666
9.31558218812675	9.28238180917223	9.36911994087247
6.88082886225889	6.93039204766642	6.85388330827985
9.04638701163869	9.01736614110335	9.05520081015369
6.81807586708742	6.8545977809232	6.99011610824015
10.5001069508347	10.5190076626249	10.497182359437
8.42056908557969	8.40649997809514	8.3861953969208
6.62058293606409	6.64096623482708	6.61782004926441
9.36624825295417	9.30521214722237	9.36177278072459
16.1116704848575	16.199248938488	16.0653988521834
10.8191084771943	10.7535945840409	10.6885062642607
4.7903340126676	4.58742093985042	4.87752230168824
6.81807586708742	6.83627233059311	6.70344956479871
8.35105643826797	8.3306525587031	8.32836541714513
5.3126688617575	5.23283846052656	5.13971277929128
6.219124788867	6.03880140159183	6.0616421848929
7.47485652374815	7.47547289470422	7.42491492908096
8.08696972358533	8.17128133915767	8.09078919173452
6.99153554382911	7.01877994346314	6.89510349804848
8.09026246033056	8.05802012789744	8.0226122194992
6.70982454026465	6.58225785200332	6.53115562063034
5.90669652324676	5.7292755078363	5.81926472014137
4.45512380515376	4.67914761834707	4.53107129732826
7.63282063791655	7.6833066996477	7.5804884274738
7.73341421704824	7.80612243096197	7.72759777764845
10.159073863978	9.95512681264458	10.0275857226427
7.81147860155126	7.57657584068618	7.51254566945947
16.1395889994184	16.2604874442353	16.1498224723279
7.75853042069847	7.43719198317947	7.25714250021098
9.64409875152075	9.5026728105963	9.5491776776281
11.5499133818204	11.7157059183704	11.5932831813505
7.60536977755248	7.48193517321793	7.47450544740804
7.92296086608341	7.77747501197734	7.84539957548901
4.32327005908054	4.48950589982658	4.53974595474301
7.22670728644304	7.37953967146833	7.3341230338412
6.58326314373662	6.3697259822371	6.09737991207439
7.57738063086316	7.53676850289151	7.43310473055075
7.06758940628476	7.12012996338263	7.21434452100848
7.17144616287206	7.34097703929226	7.34035664782421
6.46506593503762	6.65052424285444	6.71500423536689
7.96666022009339	8.28625726696526	8.28697788283602
7.62372888268171	7.82321334257548	7.86802201331223
5.35798697741891	5.71119487347043	5.68872065952306
5.50614659816117	5.4178269555981	5.3368509226492
12.0961596929068	12.1805917409213	12.0689909004949
6.76913161802152	6.6713329611864	6.56133666753861
7.61457884656673	7.56748592884968	7.52792267071129
5.48589943959073	5.25791432006426	5.38099335686811
5.42337554332772	4.96712168316924	4.78567601107635
5.335507760933	4.94878220341333	4.98943951521643
6.24331860104987	6.36277374464733	6.33548913240933
11.4004602396973	11.4417317812481	11.3811953519706
8.42317621095486	8.50005850571299	8.41898852345368
10.5654592224341	10.5489466097286	10.4428988830516
4.97678135850328	4.77238523066285	4.71082371199886
8.59938054141801	8.60143383342941	8.54804710121347
7.12693562898386	7.20579424990939	7.11022922310426
13.8883516614138	13.8848554257787	13.7358819892139
9.69628676975866	9.84459510201231	9.78904753725285
8.05023925669105	7.85514202207715	7.80448612473309
6.56423085182561	6.52731069630054	6.49140101596703
6.42338703984488	6.22393240315894	6.14938126894978
3.89720094451501	3.67279760354375	3.94979129302308
9.347288191983	9.26454820448949	9.2547839174018
5.52611057039082	5.77873524546618	5.81569407279035
7.91925813833632	7.76072094367671	7.77348298485423
6.30206766443446	6.26922795055952	6.21592629490812
5.26586464419602	5.11156039509887	4.72610772888717
6.94827766534916	6.92409331251259	6.75286554137963
8.28374019673423	8.17261760816664	8.11572992726405
6.83402464469741	6.85128303935604	6.75473280229629
6.35849401316899	6.05324785089181	6.02499769625801
6.13106334244022	5.81982825768541	5.72723830530179
8.83446485378724	8.71009264741608	8.62724401013226
5.26586464419602	5.2124611972406	5.37129985660427
6.13106334244022	6.00946997620591	6.15786900807495
6.81807586708742	6.8545977809232	6.80064658950392
5.48589943959073	5.56588808607352	5.35663652134041
5.86039838643728	5.98857959887476	6.15504530020024
6.73554416846249	6.7102491132439	6.68398395860218
5.90669652324676	5.37259413285031	5.15108548464807
6.75243668213732	6.6936983252926	6.5634685145941
6.47529824226769	6.50220592943324	6.47337487099342
7.35891527020169	7.20579424990939	7.03997913541259
5.52611057039082	5.52510292731917	5.3858158191709
5.35798697741891	5.14418774965454	5.14541032560623
11.120407083735	10.8993205776394	11.0190058542659
6.60204500347959	6.39947348511737	6.52460537757635
8.13876318766963	8.04713931622226	7.96726728298029
4.45512380515376	4.52288337383875	4.46884454861983
9.82190965103095	9.73477442313393	9.67111668555317
7.39148095826677	7.64251354536415	7.57837992181776
7.23271740372683	6.92567056000693	7.04150995285093
6.81003415147309	6.93666357437625	6.91193732634563
6.62058293606409	6.64288287692161	6.73972668166999
7.9844806855876	7.9929897445869	8.10697640884674
4.9172977205698	4.86651998376277	4.86376671087798
4.41251166328111	4.2810946014335	4.5483688228497
4.45512380515376	4.7793153448985	4.82169598552664
9.04806927552944	9.03885356015187	9.13205265400303
4.65096478836561	5.1225178522103	4.9246606711023
6.67479454308808	6.64670858710826	6.78062410464707
9.40996788825665	9.34922943085797	9.44089691830417
9.18579538088291	9.23882285678211	9.29808601640115
10.7806742401067	10.8085302499001	10.8888975368481
14.2444712489885	14.3424998009925	14.292317343267
4.61388735969371	4.61864485671753	4.56546163912016
5.11547296553829	5.39990257761463	5.35663652134041
5.35798697741891	5.60164011308212	5.47903049085897
6.54494135900467	6.50220592943324	6.4688329612195
10.8860635434186	10.8824789393033	10.7416540356633
7.67743054183132	7.43829984754131	7.45280302545225
4.9172977205698	4.74432916581786	4.81456349637573
5.3126688617575	5.30680298537429	5.4424633195399
3.62448855701676	3.34139886999558	3.47676933802972
13.4505638455068	13.4765037553163	13.4142135467874
9.98175338131902	9.87860579091091	9.89298171610946
10.9495745290613	10.869509830164	10.681384689445
9.76709870003123	9.76162172451541	9.88744707719762
6.3804544577989	6.21881121204393	6.19683199825863
8.70581995300562	8.62019958266881	8.71053640243077
4.75674656310857	4.93020809708765	5.03924880002168
6.86539735254589	6.98890530555008	7.12330013690816
4.85522703934349	4.82692145166598	5.22290234099809
6.78563354454214	6.7102491132439	6.76588595515317
10.5573059524308	10.5488166373749	10.5192462801457
6.45475974769336	6.80234891404113	6.81503600982113
10.6179095596222	10.5981407933567	10.6992447978761
7.72494297113945	7.72934277504438	7.74556344054067
6.50556228928678	5.50846255976303	5.56233793817947
9.16426090947128	9.11688679527884	9.20467888337388
7.96666022009339	7.94223112827368	7.98568699518043
6.61134406402973	6.64096623482708	6.58671347468746
10.8579549735676	10.9075671795407	10.9440188030653
4.75674656310857	5.1005196105173	5.13971277929128
8.38623586758882	8.41556702505533	8.60253647474407
6.86539735254589	6.75879867300584	6.89510349804848
5.84462584202045	5.66685994234684	5.8440151001482
6.57377871850261	6.76233117152651	6.8729220348776
4.2280747413638	4.21123237355228	4.57393278432972
10.6021494543734	10.7138873298261	10.6847042742374
10.8489372830015	10.8815490239186	10.9185501318884
7.69054610803671	7.72025159834025	7.8062892786725
7.94497776653415	7.97779487877885	8.04034369424475
6.20687234671772	4.49792248093815	4.88435127950655
7.85479615522285	7.48515555792259	7.44008778743081
6.56423085182561	6.51271905412322	6.62804179127636
9.63743901589676	9.59304660094437	9.58274958030306
10.2401041727107	10.2300341342541	10.2557492296572
6.45475974769336	6.37203601641697	6.28213064853184
8.31217541487267	8.19646249739463	8.3068645437329
10.9863675027588	11.0143996870747	10.9899736905489
9.12816199034659	9.08196861484821	9.03147889431169
7.2972105422516	7.32789180697813	7.21705687132275
7.72918487841012	7.50221133322601	7.44472447236915
9.37563467026578	9.32074016877801	9.37491005227485
9.02945441988701	8.96840333960977	8.95788185688647
9.25434762959119	9.2340084735408	9.15419108973407
2.70830584101767	2.33504885519225	2.10749122823214
7.99506714261382	8.06018653890735	7.98329770411798
10.4110614370203	10.3696171446288	10.3890594828074
6.87313396089544	7.01136871667191	6.99328349134697
9.0829464215257	9.05603549057339	9.05595958407073
10.0886585531481	10.0490597689241	10.0785493298222
3.95795056988943	4.00268382921915	3.78454543466173
7.78728478936839	7.87577118664116	7.8885943651664
5.42337554332772	5.55377238703728	5.52347480116172
8.05023925669105	8.2199220842556	8.24503443107158
6.30206766443446	6.19293073752467	6.24277327824232
5.19264855751815	5.07818292108671	5.11669514285617
7.41806274592941	7.30622190953388	7.37234473473606
10.504356073778	10.5034011755824	10.51538518072
6.27885738481037	6.45065532451645	6.3553086697268
4.27646584151906	3.89236322090288	3.93672037921918
4.97678135850328	4.87948307144992	4.99576042735252
5.54579916869348	5.33064352394347	5.51028451663021
8.92707527070307	8.84645541734042	8.89397421242443
4.12607416286133	4.4379552949098	4.62374206913496
4.36858817474195	4.40254241305583	4.3456470252949
10.3529538458773	10.2955568014726	10.2832516800112
6.88082886225889	6.80577714745397	6.80785921931362
10.2239668906539	10.2612649401675	10.2996976339919
7.69489131914286	7.58760899770929	7.6372979931614
3.18858656260718	3.48315588502324	3.61442832002053
4.75674656310857	4.73009516773048	4.9180200795521
7.34234950501085	7.54399425063983	7.58469622686036
8.62448335977718	8.60639575273537	8.58425031472348
7.75020736069649	7.90095086192365	7.98409457372048
8.39423253133874	8.52384695994253	8.55932466305598
5.38011766484777	5.28744461623683	5.38099335686811
11.0406704242405	11.0835597314518	11.1661641119677
9.3836313340157	9.41284999289847	9.46252544642721
12.5298112484428	12.5112989008481	12.4925754339379
11.0633837751887	11.0285724913851	11.0310371235276
6.14398108441329	6.12065753688219	6.12650037668555
5.14166453976327	5.00311996140258	5.10504728845481
3.46572500247681	3.09886036549221	3.69424565017467
8.19180931958379	8.12095435334008	8.29406582358178
7.01966257698938	6.90503146964952	6.99959749536036
8.16397180304493	8.11610212001949	8.17695745164439
7.17144616287206	7.42829850253277	7.45049947453672
8.06370540133952	7.91776328011621	7.95837411897727
7.48494420351508	7.42606659405979	7.41195067451854
7.11395916919487	7.21357206945227	7.25450446090613
8.23108419870565	8.02955860280584	8.11791004257288
10.4718649825287	10.4912809812898	10.5222727765949
5.84462584202045	6.13431573898092	5.99057009163106
4.07220359054118	4.3754041243041	4.35550594492579
7.04724605843931	7.11736977970763	7.16743773576148
6.41277434600468	6.31315300017762	6.42963894567611
4.36858817474195	4.82692145166598	4.71082371199886
9.50827438670525	9.53516953793737	9.59924736559242
8.08036137499457	8.10214856546703	8.13881655055775
9.4984976310447	9.40372596490792	9.47988089866956
8.37280772767286	8.47533173844543	8.49980705808712
7.13337988709025	7.20449388602869	7.25977572996109
9.78326193850992	9.75691989610337	9.82490104522871
6.40208215558982	6.4152424426625	6.43663327468556
6.06466063741516	5.80284729012335	5.77582306598293
9.3836313340157	9.26769279349388	9.40560313730167
6.96284310546904	7.09790015225009	6.81682464920497
7.91182374264453	7.95780078071079	7.90719835458063
6.50556228928678	6.46804303144965	6.33049145919494
6.32490656360996	6.26922795055952	6.27953992834327
7.03352094551779	6.92251434968621	6.9693570559887
5.52611057039082	5.37718135997055	5.52784492890687
7.06758940628476	7.04950046460702	6.98852980811597
4.75674656310857	4.81347824288208	4.91134881541481
7.10742643126537	6.91935126308485	6.87464044807004
3.95795056988943	3.65790664043438	3.86953030563371
4.72234970000583	4.84024132652105	4.84288452373358
9.42295615572423	9.2842463507501	9.43740609819309
8.48685317168699	8.42962188966377	8.41544706000903
10.3623579318668	10.3414046928439	10.3658160786316
9.32669042119986	9.32316093828549	9.31276555094425
6.69241699835185	5.88583308625325	6.04953036450044
5.28945858213341	4.85999477648341	5.22290234099809
2.84435166277972	2.75272184873545	2.67750058527257
11.613452534653	11.6784586611249	11.7048061052507
10.5170280723148	10.5167504437343	10.4827073572178
6.06466063741516	6.25178054191051	6.22403291741271
4.97678135850328	4.70847904373299	4.64801702908554
4.88659974719197	4.54742237223395	4.64801702908554
5.64036359104257	5.63653286211828	5.56233793817947
4.41251166328111	4.00268382921915	4.06239318355763
9.19795648316368	9.18961372878988	9.2009100312065
3.95795056988943	4.03767000829979	3.91021823900018
5.00561871800122	5.30680298537429	5.33186188101195
10.1805274191331	10.2130988769293	10.2337666713901
10.1979119163378	10.107468939904	10.1053911516321
10.107991590172	9.98341313592351	10.1141679419846
4.41251166328111	4.455343001843	4.22177176458346
5.65854728594165	5.68178918624077	5.7042511975256
7.01268260833212	6.98133959704982	7.08669589403923
5.3126688617575	4.96103422697321	4.73368951069554
10.3736945075429	10.4257226658145	10.4873607917426
7.51478642102431	7.67297984205593	7.77440440505638
4.41251166328111	4.85999477648341	4.82879342544942
8.66902365815499	8.67224646579248	8.7230082431494
6.3135327923078	6.38123957291559	6.36511737376036
11.6322781082912	11.5610039196268	11.6039150245674
7.56792761124066	7.48408288984591	7.5047953382328
6.27885738481037	6.49161612190174	6.27953992834327
10.5890722001243	10.4742777399678	10.5135890127425
10.3056777937202	10.2504503190221	10.258061208844
9.53003028071037	9.53595312499017	9.64940084015462
6.13106334244022	6.22393240315894	6.07365328212045
4.82314926813364	4.52288337383875	4.63187913920879
5.1673841679611	4.64162986726363	4.72610772888717
4.36858817474195	4.57155350130299	4.4597320507719
11.2313252668979	11.2737813013875	11.2602639474511
7.44415855037032	7.32789180697813	7.50812200254694
4.5758210839119	5.04402002310312	5.15108548464807
6.74401541437128	6.55606126303668	6.82573477072537
11.2971649665518	11.2745699679156	11.2751912440607
9.3889376626028	9.32799040195114	9.41687309026899
5.79623474186519	5.60164011308212	5.46542606263491
8.54063147803342	8.49632279579297	8.53885270805796
8.43355735304728	8.33483917055589	8.46368291186593
11.1699262218101	11.1001024776359	11.0871345092002
9.45870688038197	9.48276563248966	9.5178402529592
8.651373965018	8.56417889165118	8.70619401230133
11.3654161760638	11.44404885362	11.5038954188585
10.8865273616993	10.9553010010415	11.0709652900583
9.89248358015572	9.92707647388335	9.98973752604308
10.4168730744152	10.4019013345147	10.4450750566107
10.1903794410949	10.2384282560513	10.3386075894708
8.13876318766963	8.1679352759671	8.22696757275726
7.72494297113945	7.78882793014744	7.77071519202151
5.50614659816117	5.43992564975317	5.28616761293506
8.28660934492856	8.17661905169843	8.21343748676133
9.03963805936801	9.0366454134513	8.93455606624048
6.82607253083735	6.67695668484437	6.62804179127636
5.11547296553829	4.99121943431597	5.12824981342435
9.66280099416122	9.63730413683795	9.65542410289424
7.47485652374815	7.58960604916	7.77532523780537
11.0142013075791	10.9456416371547	11.0056939985784
6.27885738481037	6.20592864148923	6.22672504515929
5.26586464419602	5.26782463960721	5.39541270576082
8.70368152452165	8.80038796074184	8.78974233374201
7.08099232866566	7.1795630725019	7.02612827267264
8.57382834043825	8.71331746017465	8.68428404376033
10.6362632995817	10.6136367371364	10.5563607539651
8.64469865707942	8.59145882905379	8.6133980652247
5.3126688617575	5.55377238703728	5.45628472757626
7.01268260833212	7.08383166837377	6.99011610824015
7.41806274592941	7.29526445242246	7.33287307606706
7.30293159498476	7.292818190385	7.30637093584806
8.21911431098385	8.04349418205605	8.12153627123611
6.88082886225889	7.01285399166155	6.96290916082508
7.33119787996174	7.25436439072192	7.33786642976272
5.00561871800122	4.72292549303298	4.80739561011137
4.7903340126676	4.93642590605904	5.13399266837761
13.3413096079926	13.3641609848064	13.2690850425266
9.31139421227333	9.18629519894335	9.08450153860139
8.2951823481531	8.19711929730439	8.45047689630496
3.83375046545668	4.52288337383875	4.87066088204834
8.89187476635959	8.86771162161311	8.8931253577906
8.55019533790648	8.66655476490316	8.71966102005715
9.99826535489868	9.98245348477101	10.0725578206115
6.52538761834735	6.35111218656393	6.37970665051284
5.64036359104257	5.59771086528261	5.76845403919226
7.45446473771458	7.42047176564967	7.45395342465116
10.9785627404738	10.9503807842689	10.9901724966219
9.29026801391434	9.2755245967972	9.32257479220968
5.54579916869348	5.45736557327634	5.54949939926432
4.2280747413638	4.3754041243041	4.40381566968852
5.96618016118024	5.93343919302073	6.03731611734982
5.14166453976327	4.84024132652105	4.66397659608807
6.36951646752473	6.4152424426625	6.3748599140255
6.77740642812926	6.68069376844118	6.76958461560689
7.48996143450169	7.37491960018459	7.26371659493772
4.82314926813364	4.70120155393025	4.56546163912016
4.94734937256639	5.35409889960224	5.34182279027095
6.36951646752473	6.06755196832797	6.11782571927079
3.69770464369463	3.54916071359108	3.86953030563371
10.4749619695238	10.4703043661768	10.4398467210629
5.335507760933	5.14418774965454	5.32183179821792
8.46172222771935	8.48721013712004	8.64751558666045
4.32327005908054	4.48950589982658	4.28503703652043
10.6581984334439	10.7535945840409	10.7268208309167
10.9035835399671	10.9611833354131	10.9921590537302
9.4984976310447	9.53098324943378	9.54242279618343
8.95964095876816	9.02183798090897	9.12556128973741
7.25650796687923	7.18616543120036	7.23322486983121
11.2044860333039	11.1916676525766	11.1731864966189
9.64409875152075	9.790175041584	9.75998938153182
6.47529824226769	6.31795252909643	6.5634685145941
9.22197220417401	9.0336959839438	9.22472749159105
2.84435166277972	2.72452958086247	3.061262607143
5.96618016118024	5.816447915819	6.01257330895228
6.27885738481037	6.55198873252412	6.4779025427823
7.03352094551779	7.14473828429681	7.01058101686841
8.26057699885324	8.30039185142659	8.16716537266038
8.38087976094373	8.34377003432758	8.2979173621785
8.80487013619127	8.85691401447376	8.8024557548102
10.2031610975739	10.1371103621453	10.1859990826017
9.79526537922009	9.81946701382039	9.82021637844886
9.48741813883771	9.48168175324876	9.6060014208975
6.33619042273634	6.59814699746604	6.62600322196422
8.71646430319797	8.71285721094722	8.97803744657518
8.76237881202117	8.85357545324234	8.88204460734675
7.31430536628692	7.16626759336331	7.30509671775229
9.45618274047384	9.35663460949337	9.42893495298353
8.31498802809026	8.32525197153693	8.35633903754943
11.1759970475314	11.3682262672806	11.271023855126
9.23087494039	9.15777717635704	9.26925360790995
4.5758210839119	4.67914761834707	4.36529802390979
6.83402464469741	6.75525755862659	6.80965676294063
12.992998912933	12.8811673089749	12.6526982563255
6.40208215558982	6.29622858999371	6.21592629490812
2.70830584101767	3.43160528010646	3.63074856279417
4.45512380515376	4.90506710219635	4.53974595474301
9.01231855087171	8.89192004297609	8.85178225266517
2.38979056938804	3.56520348649966	3.52994072091362
6.43392141050768	6.53558340344541	6.44127741411414
7.63734489129557	7.38414508746564	7.59098502976197
10.2254414783327	10.1603953470837	10.1646815184619
9.30157421754963	9.32949632074164	9.26794415531085
7.06084045401409	6.93039204766642	6.95805427854681
7.71214108491468	7.82151327660166	7.80538798309387
6.9555789638572	6.74636680104671	6.73972668166999
5.72905054175021	6.03298233097325	5.98103655128873
9.54078513001097	9.60579432250071	9.61143365591672
7.42855838693867	7.3527712241821	7.27026090209187
4.01621991532426	4.10521038029555	4.13286209196298
4.36858817474195	4.48950589982658	4.40381566968852
7.69054610803671	7.73115419907943	7.75772822870257
6.69241699835185	6.62941294169348	6.61165209917383
9.06976017767152	8.92848456356539	8.96718837478729
5.81254807081059	5.8728699985661	5.96177858441046
5.19264855751815	5.50427249574148	5.37129985660427
8.71858368108708	8.78294803721866	8.75465950154174
9.76506536529126	9.80782104622259	9.8448078458998
8.82073030765291	8.77326602623396	8.83508465492718
7.54883166428389	7.70004834009594	7.67034121032915
8.8227004953309	8.86439782576477	8.77415263063853
6.97726141741644	7.09369390254096	7.0896586153199
5.19264855751815	5.18134880291268	5.13971277929128
10.5648783879414	10.5670288525903	10.5870371549536
8.59938054141801	8.4989921404974	8.57898289051223
10.4755805614061	10.4690690358653	10.4502845342795
6.73554416846249	6.35578805590592	6.27173976833442
5.54579916869348	4.20097186317433	4.84288452373358
9.37161947564611	9.42022127617463	9.43127678749394
7.54401749194277	7.44713245988287	7.41195067451854
8.81083837100218	8.71239681577109	8.79384100748763
9.94186687828025	9.99602143984657	10.0521509896764
7.04724605843931	7.13930570106113	7.07478385853508
10.6301715703719	10.6194672435634	10.5901872676917
6.0510011958951	6.14784664936717	6.19683199825863
3.5473129650369	3.91761352996626	3.72497715247253
8.07372228978817	8.03764286461148	8.05331106099208
8.01946774954476	8.10634873091061	8.12298421734021
7.49496109196373	7.72934277504438	7.73991417864016
7.40748935872282	7.42047176564967	7.4824195829239
6.33619042273634	6.1532239006094	6.33049145919494
5.3126688617575	4.99718189105641	4.89791312673389
7.88549412860067	7.9105817839778	7.90719835458063
9.42940623785233	9.39483204490067	9.45420077716909
7.58208376772459	7.55323196691013	7.58889180313779
2.84435166277972	3.3226649819963	3.22064118816883
6.20687234671772	6.06184722159431	6.0031843737151
10.4455815431508	10.495197436769	10.5186953260601
10.7121294696313	10.7498647735898	10.7229989122248
9.78326193850992	9.7267827435782	9.75625727062351
1.97915296453551	1.50383332942875	1.96048382449253
9.42553968719167	9.47052508637125	9.55025553298997
7.78728478936839	7.68611041376475	7.80448612473309
7.35341468248495	7.49902860010833	7.43892628667028
7.09427057089221	7.08806654597748	7.15758842060802
9.50217176626783	9.4759780737233	9.51093685525566
7.54883166428389	7.69077127226441	7.79452833706237
9.5384021565926	9.50374113748465	9.60028850899153
5.50614659816117	5.47459848985002	5.42850836926149
4.88659974719197	4.93020809708765	4.83585615892585
10.268985294463	10.4299608400096	10.3926718051186
9.24265953361068	9.37600471843875	9.41124910606714
5.67650224904854	5.86634479128674	5.85449393294153
8.71646430319797	8.61282099906374	8.59889771707888
10.4693825458229	10.4880317680521	10.3693341635811
