k4_temp20_1	k4_temp20_2	k4_temp20_3
4.81755837271236	4.32306914553536	4.55951138921643
4.85459744035804	4.79847834923497	4.89362052229866
8.74318495003893	8.75410949546168	8.78027246304458
8.69750617151853	8.63347089803696	8.72941502247463
9.32918471932274	9.36296513081738	9.36298562406998
4.81272473924375	4.69805085714438	4.84165275025929
4.52606891433681	4.54741106330078	4.6736482715367
9.65791182054655	9.69043962019745	9.66505289709163
3.85067475394541	4.20267911061824	4.19643645510485
8.92261140471891	8.89447359984947	8.94203560921198
4.58056386657427	4.514880092858	4.42540745907751
8.66527625765494	8.71536526135772	8.65676573458545
4.72527176185633	4.69603804206186	4.49444049785293
4.91819523177628	4.78906704783899	4.6997181346858
4.3582471070839	4.47088210566538	4.49362506797829
4.31823133029125	4.47032186909025	4.4149346854074
8.71432275688226	8.69927913754247	8.70771258310057
7.22484455406486	7.03228629337073	7.1358495956153
9.5464974150783	9.5257225885711	9.55965306916332
4.65413673036877	4.42874558079188	4.7234833952055
4.86783185534602	4.94843608159961	4.85711671046397
4.94983033747471	4.88399368055276	4.84967751301784
6.91679891306315	6.97455255723603	7.0166162104312
4.60994668218735	4.70649413037647	4.84135222329493
9.36469127628945	9.43668099788496	9.34271346427692
4.92464268055795	4.78045839064115	4.74870016461761
7.56601329780948	7.72955845209349	7.55766915326307
4.8838656270518	4.74433257322167	4.76454725827675
4.78297938730895	4.85762389112023	4.7324555948894
4.64360646926291	4.67810972584131	4.79548917815799
8.30542393431301	8.31926166442224	8.26101600678469
5.74489918366153	5.81477398163282	5.66334324582214
5.14873592340102	5.10156523309666	5.18930472898137
4.47615576980408	4.33236535930318	4.29933588279312
4.34054468649693	4.35562430156157	4.28821023650131
8.57821741356158	8.48466874475752	8.54736859462667
8.10828017324161	8.10620336763583	8.1016045767859
4.90185595259402	4.84259987881136	5.03216038871299
8.66625655803393	8.66560818428866	8.67181158104852
4.36555229582718	4.75909380688442	4.55948921219336
9.08862583903134	9.11055228320193	9.14397742309209
5.78068644505587	5.87563268862992	5.82911913518771
4.94823800382032	4.97296172542841	4.98551741128978
4.61938201058248	4.81343707071838	4.58710498067287
9.37270231052653	9.49200263100979	9.41297991257594
4.5064738280649	4.74232087265092	4.70730587873155
4.82237018754729	4.49588652226083	4.7156401550659
8.11622741320593	8.14002585992542	8.13012763324582
8.13484563658001	8.1662280238798	8.24882148046206
4.18918312237375	4.35592670321273	4.50279424770804
4.5871213658788	4.55796765464995	4.64817711513459
6.32757316297136	6.17481013065754	6.20828572343045
4.71317261111366	4.89136513152779	4.89354071316401
8.85834541660669	8.88945170154388	8.86788377463039
4.397138640213	4.3459083894824	4.69831994411371
4.46639179538576	4.2712251838254	4.42493521413357
4.88262244868714	4.74511945390201	4.93650481130083
5.20225202996635	5.40403443776352	5.28184671522442
9.28729829041859	9.2762257420234	9.34571866676654
4.58745259384299	4.35921772782198	4.80269331423183
4.28253555820497	4.16346112399819	3.94057630057462
2.945675830799	2.64412607481926	2.25148276024685
4.80492531866336	4.75348048343799	4.85670005066795
4.35211824535379	4.17893258825576	4.27693631696632
3.79453718490572	4.00458139678967	4.11153868642109
9.09775465296182	9.06752045242833	9.09471163294538
8.26952427364001	8.15849701158135	8.28328064108008
5.0199207358418	4.98816965794477	4.84996877917609
8.15399682709307	8.11525223096602	8.1831458703009
4.47172493201764	4.64736195515235	4.56859633582415
5.15859606583722	5.28279510049369	5.23632279490855
5.3588324529546	5.22678930148592	5.44465737376975
4.48226435601911	4.46083867835874	4.57741009156889
5.08612208536564	4.9969697347186	5.02613593884873
8.67906524226796	8.74962749435156	8.72552923822489
8.98655912310451	8.9522955700661	9.03728262807404
4.2263293660642	4.25596211589631	4.12469453018354
4.89042622187133	4.81540087337594	4.7406515178239
9.02600755915854	9.04266503875961	9.03346778674661
4.62798311440481	4.67751234922195	4.6824060273531
4.95244860361745	5.05742411138843	5.24120708987665
8.45852679060595	8.50536281071967	8.44809235104719
4.34026870827547	4.13930111476923	4.54023378630183
4.84887897642114	4.77999588773047	4.72429694972747
10.6789135291314	10.6034142058122	10.6865960677397
10.1048064290948	10.0183396060036	10.1137385003759
4.3601225978843	4.3560777361541	4.36343089655733
4.08355276318574	4.44730587216923	4.46425403315193
4.04113181948315	4.0928674700499	3.94023207184115
9.26346978091894	9.19850215611225	9.19534611424839
2.76985947162633	2.95004672925883	2.00638997620194
4.9270628024765	5.01193623354895	5.1220533891453
7.61104017417742	7.48298504500935	7.4957276181056
4.55084378322007	4.58949546196818	4.85606655156129
5.34990415287964	5.26473574399237	5.25944895241361
9.26394726379772	9.32344747249895	9.26015825571182
5.3423514403972	5.4171644472404	5.49388683863493
7.79874181422045	7.74314100263026	7.81373100093041
9.78038093697471	9.74420225543745	9.76818114587001
9.0030606053609	8.97216819535986	8.99137024809015
4.78467587076557	4.72491286024321	4.63140458595963
4.68446799818357	4.68743337276054	4.71571872007864
4.93650851034502	4.83363869543774	4.90826381054263
9.52065074239526	9.54302829820127	9.44215863975068
4.26445287855134	4.40377531165629	4.65610183895655
4.47460691642378	4.2844035894631	4.54982275451185
4.70374905703597	4.40525513643465	4.53177278535521
9.140404688913	9.16187533721453	9.11196599904116
4.1128049052839	4.00683727325448	4.2427332479734
5.84619238744694	5.70688629811029	5.83648963586694
4.87864573903022	5.1282765807967	5.11595651636463
9.61616943535763	9.66609699376605	9.59160150656306
4.99270897609498	5.05671534431419	5.04582970122265
9.56812064523556	9.56689395797385	9.54570994460666
5.8534978802836	5.67822760085166	5.81348726758174
4.51052252479774	4.5868103371425	4.32143589464724
5.16618111651964	5.02103779528161	5.21850572608755
3.70640529474182	3.6644445468917	3.93946993588565
3.83670600289072	4.16246030543397	4.18458528488825
7.6099921396028	7.47331656677779	7.53277609176915
9.47831870748986	9.37918698397135	9.44279671331882
4.83565006829175	4.69734494328001	4.66584359008209
4.1234491113733	4.25558017157629	4.14905387500782
4.10147848078371	4.09384168542039	4.07412301347723
4.3112243912359	4.28182492417442	4.17338239319771
6.94307214879624	7.03041546544268	7.00162825694409
5.71004975121595	5.76626608739853	5.80562905359371
3.99985449285053	4.19035125262033	4.23139508866054
8.92379924057105	8.88942048388626	8.8284152082051
4.37396369692292	4.12346462601617	4.09980828390814
4.68311778172121	4.76180853539887	4.82642042871959
4.52553623543778	4.7416814154245	4.55051434488137
4.74686985996979	4.67818091647517	4.70756401366133
8.81932834198752	8.77836368037945	8.8740438387284
8.15327265594383	8.16190185749238	8.21899561590577
4.72275563539874	4.52885479020444	5.00473446286092
7.54697683981283	7.48452537478653	7.647257622396
3.780602762438	3.926686151227	4.06076701772255
4.62103705812491	4.5986291493456	4.57779359863371
9.16054481423782	9.10720398846033	9.18379325427693
4.65145068993445	4.75234475429648	4.76419965848349
9.43570092155338	9.3838580464108	9.3856806243519
7.70216382773235	7.61954674406182	7.66611123708426
9.31468569624625	9.31196560259783	9.33193107895255
4.19311914254857	4.30542584079069	4.04867470310464
8.02920890798453	8.07516789068003	8.02522281239951
8.66085018723317	8.72233395749954	8.74860148086122
9.64088595331671	9.71392236641439	9.63114525485168
5.18353247699909	5.09406156880695	5.07858976494304
9.76256479418299	9.68279706606943	9.73454498415383
4.29689231606076	4.45961419445194	4.50306467966865
4.80390815792172	4.98678529178484	4.76480499117782
5.25224785087267	5.28940360353138	5.21339457331526
5.012382269187	5.06371035767918	4.95129524517546
8.68785357587579	8.76219310001707	8.75133742734959
9.12064599332682	9.07069716486116	9.09680498057371
4.92900011720775	4.85952298993973	4.99885798670059
4.67872193506939	4.57836872783201	4.52262745885263
4.37402100079348	4.06684604054669	4.14912739603384
4.74228501210737	4.20968262629278	4.76354658762866
4.1896362369954	4.44728030855097	4.35282602998525
4.37522660101903	4.54730902541383	4.8026598231001
8.67215233393194	8.59564225305972	8.64991791081188
4.38847493089313	4.52435184175183	4.3741142635056
10.1059251976883	10.1457121975014	10.139528526632
4.31061793985401	4.13846031824019	4.39416234190386
9.48472343472651	9.52528812111613	9.52746101760848
4.56861092833268	4.65826867070027	4.73183201625254
4.12062681685014	4.40169623845483	4.36318796136666
4.77903286550623	4.59906440025245	4.51338811612632
9.6099432886151	9.58822828964605	9.60533001937073
5.31379988657115	5.30277461611002	5.34710284266789
8.93088125239016	8.92934336143249	8.96217432312949
5.20493893866054	5.2046627859766	5.08522386169845
9.44040180792239	9.39509256086164	9.45064631146382
9.655916842494	9.51290127565223	9.60580864632378
4.65343852045941	4.72379965799997	4.52279932077153
4.15747274989204	4.2048509509175	4.3312482303622
4.34670755958332	4.55663829474922	4.60419247159506
3.91883959146326	4.16415212609683	4.44405946722052
9.21506565113923	9.26221826444372	9.23805148843566
8.76964541308144	8.84514433210763	8.79305244722744
8.68636799650796	8.69512145508476	8.71706330392083
9.02334729240837	9.08284096091136	9.05363192926278
8.5171566800344	8.51616721351214	8.54082107294703
8.69992462652773	8.75601167067961	8.6289117182231
9.04658969439237	8.97058108679197	9.01978943733091
4.00003952916597	4.19023760693143	4.20828556722892
9.5900618930089	9.61484821825573	9.62901370470238
4.83080269990361	4.9174509636641	5.12171875025037
9.78635822283683	9.77171212811827	9.78167981015543
4.87115949856386	4.84848300989947	4.49488165804767
4.37111654971888	4.39055013232022	4.19726989965564
4.40174847088576	4.28220639296565	4.16150431404896
4.4278252004992	4.52413366317664	4.28853505800677
4.24384035910035	4.54477340437115	4.3945882922921
4.78115866057405	4.97167196328521	4.87183373510852
4.59949920542231	4.29670322642016	4.39472979644131
9.02752540608333	9.03188429562239	9.00968988100178
9.38883100161255	9.37062309576143	9.38318137600892
4.30689978538549	4.50330385395253	4.51260824716736
8.62011617596135	8.62232507423789	8.63886483383019
7.22837547649072	7.3440970504374	7.34172563682957
8.36801539682991	8.37409954086855	8.32971734816119
7.9966252944767	8.12481624321567	7.97825285952757
4.53767978245097	4.29718719276007	4.5590948010876
4.09153827676328	4.06389474181305	3.83860881660819
5.23665686960194	5.2251692153679	5.20739303340495
9.61540550698916	9.62790162441214	9.6338727765367
8.07825242820098	8.01989383758877	8.01677826204573
4.23740194182519	4.23041638669468	4.13697025046106
8.09445208116116	8.0294690507138	8.05933011129349
6.20701795189283	6.32069283611442	6.19060146344812
5.97512476373343	5.90182132701553	5.92912994952236
4.81177089340609	4.88307610427768	4.7882738848198
9.45441000568835	9.49109512715837	9.56248479796555
4.29844367507277	4.35597976786083	4.40462780409776
4.33617274235948	3.83066662738599	4.07409094836277
5.39317675244006	5.20711461544632	5.43971185768074
6.16767466694647	6.00327365742911	6.14752947717859
8.29399514975761	8.21298339471199	8.22308013261
5.35828149474285	5.24660957451527	5.50788724632133
4.15717438800058	4.1101742950664	4.46393077747297
7.95216914829138	7.87498230721533	7.86672777307296
4.8368045475047	4.54877900231877	4.65710082359056
9.95041577687668	9.98240905118568	9.93140590857387
9.21055291086399	9.17193519846746	9.16927461749327
4.5097602427834	4.5148692094391	4.49388401128891
6.8439625690786	6.75440746808702	6.88876312853076
4.29872235030764	4.45849515075402	4.26606317429888
4.39016740127357	4.28326543409718	4.39444308078083
8.55122072911338	8.52895768309629	8.53087572867688
9.53464044339373	9.51090295371971	9.58570898616475
4.28095056017602	4.20432572721495	4.09979383593743
8.80819258351089	8.86219989177519	8.80506768242698
8.878532334099	8.95920461044258	8.85202485068998
8.88235945600583	8.90908055446208	8.894621893815
8.45453296916291	8.39115487709323	8.49238360142686
8.71814029079254	8.70402352765291	8.71717368590204
8.30606414018927	8.22878360748614	8.29613351555169
6.37633247933209	6.466943675778	6.43691616192688
5.9387939099569	5.96646883773948	5.98164698174931
8.68974993156363	8.69459663289784	8.63647410623262
4.52554276799881	4.76864443480539	4.52267893682211
4.48111838625287	4.83751306251642	4.35372422330384
3.374840862704	3.40978707588006	3.2964195271751
9.94514723147282	9.94834615363944	9.98652941726672
4.98079890996479	5.00385465674835	4.96503133835941
5.18905518611243	5.12241710472449	5.05933815763891
4.88990269571643	4.77187768153981	4.85686269285864
4.46599763129476	4.1264159674341	4.62139915260216
6.03619935035074	6.01778775538794	6.09107182559412
5.3773391761333	5.48412746930549	5.35822545635079
8.41926261269215	8.3461777329509	8.40486806639855
4.05768972443112	4.52370398894968	4.56787654606345
4.78164340005861	4.71760627947157	5.05791298281904
3.46843072206125	3.64156583839997	3.50031242882164
4.99346497316683	4.78290348926234	5.21193615145666
4.34430716589859	4.68622287615124	4.79506330098173
3.56333673292787	3.34156490965398	3.36066836887844
4.2746669043915	4.50362488180262	4.61286236209107
3.96038650294219	4.31694761044947	4.13674976106817
8.75947043398469	8.87933630262461	8.65692137737571
9.25313917462542	9.33153557688266	9.26122969456778
7.15731138071411	7.20824803605904	7.25814725451134
4.46668836447248	4.42555391798114	4.23224249604853
4.82684940832914	4.65071504408378	4.93626533397589
4.94209936124804	4.88467494748826	5.0056597141089
4.83497180539691	4.7163877515178	4.74041219410638
4.72641303700439	4.40582419401634	4.63085731333586
8.91891378966304	8.96646895212892	8.92647570698929
4.39898783543569	4.23326721343609	4.56794197243488
5.85909396087958	5.8801914271576	5.84071362351922
7.9026937714081	7.97106922057843	7.94084276407301
4.35282117543706	4.33050564630941	4.03582272082038
8.7769927551441	8.86222510873802	8.81527716996432
4.98284247625082	5.16481290655622	5.4387685226361
5.12510658596236	5.24381965922122	5.12285554557175
4.12416949154158	4.30489127764415	4.00902120175063
4.98011920987283	4.98133242888073	5.08438909150313
8.93172323294839	8.95794871157018	8.97544999285129
8.71432947703219	8.72466422936915	8.70830743578825
4.5554909177308	4.36927012071834	4.45496766398483
9.23848679757703	9.23376638237784	9.22997185008548
7.99037710326047	8.00635268791322	7.99357086242647
8.42684579344154	8.45541730956624	8.41932116418882
4.31097151319787	4.24417759604597	4.24324179495329
8.37285897074226	8.39854354017879	8.3277386152838
3.98655627592672	4.35305293644499	4.11213005349323
6.27792601793422	6.27447757714058	6.35368768053083
9.00807845753614	8.90573372798144	8.94276560722181
5.19815475083999	5.14464421097921	5.33049635511481
7.40543200755949	7.38656989019531	7.42453933477502
3.80969391701183	3.92728606228153	4.14834853414523
9.25601072197076	9.24023824465704	9.24612938578235
4.29659842637039	4.58624257348397	4.41505895183157
3.87020626549852	3.79315505163321	3.95370115402814
8.77927337267091	8.82229083322988	8.84610867243156
8.74318956108178	8.7315365680605	8.82067157567649
5.80991449426843	5.83749220290692	5.83670921219529
9.41040472267371	9.52407989753385	9.41481485500419
9.8225590161888	9.88211297376315	9.86190480624344
7.04377110699689	7.03979052287339	7.03731900493826
5.62327062879271	5.45196273582525	5.36921350724753
4.43896565161912	4.20651090355851	4.39440805055809
10.8959827131689	10.8567307516266	10.893146598615
4.51863357338848	4.61733663934064	4.40525754898008
4.82016398178206	4.72580040173191	4.78804321408418
9.11016370553566	9.08443517003327	9.09721743493507
9.03250043003349	9.00132141965691	9.01686419675789
4.62011647009699	4.778003678148	4.52282990335305
5.38089332775001	5.14472685789949	5.1659613325696
5.28768844438362	5.33354508574661	5.37344828503022
4.57557849123028	4.25805455684589	4.20905651886471
9.77996970369504	9.76039808249226	9.79240565400421
9.60652925785115	9.55135913011074	9.5788387926523
5.24147458493108	5.2385589639213	5.27600855213055
6.02204981014837	5.87737460218323	6.00885105513983
4.41732160971913	4.46004740753345	4.47442707433494
6.36063206381505	6.49547237736082	6.64689807667803
8.83656501356503	8.89836975731955	8.82625614642999
8.9163625637822	8.87941988717274	8.88068713246269
4.00239314716049	3.89633893851456	4.20796235816198
9.2835636930442	9.15097985834772	9.22580720014806
4.596819552826	4.50479962807681	4.54105322553733
8.73429987781598	8.87924550727637	8.77054839766547
5.5971657874067	5.41300304317258	5.6009204711253
8.95652544833889	8.89751808576396	8.95551605129362
4.19322225542951	4.20407942302094	4.13688641080388
9.19087906568037	9.22018071296125	9.27359000023705
8.98106611088499	9.04365733944621	9.04673431967666
8.62013403604714	8.74284173105327	8.63752309401078
8.82643126108772	8.86532901011488	8.83483838918511
3.74431446892227	3.5623345489444	3.27473141243361
4.61429581877338	4.53619820382797	4.42548358561454
9.1787023683717	9.14951318024461	9.19343031254851
4.69475323329176	4.51608371676404	4.5687236551631
9.67049916315666	9.65635259765826	9.65842969379917
9.13006528342784	9.21364107094268	9.07412566219828
9.07076900009195	9.08134979441766	9.07681739522772
6.68031595503701	6.62994340763072	6.65245222145335
4.65529375770035	4.49412130529009	4.50359284256542
8.18732250297307	8.30207187510727	8.25497874597002
4.64168035591685	4.82371000220409	4.91494490287977
9.41976108241085	9.44981590551274	9.42654682408493
5.6146243964443	5.72919013048753	5.80919977310474
9.13283774986863	9.06978830055581	9.07860133726187
9.40851452819536	9.38752677813459	9.42052787823986
4.96828084474454	4.9334974620719	4.9717844109704
4.34085934695163	4.21911056094058	4.38401970561246
4.80641133075057	4.8818276973893	4.52325877779022
8.98462286375542	9.11060837299391	8.95976747800325
4.08826144092688	4.14997697421695	4.16098059051782
9.35521848963091	9.40496245753246	9.37455583952265
9.66381141662531	9.66555442904711	9.63552642296085
8.49843236658014	8.51550452725033	8.52595094056753
3.99670676231035	4.51155701002167	4.30986298044295
9.54402943345081	9.50151801278119	9.53504084756331
6.10703830697744	6.17344860197395	6.09790843834412
9.12640791487376	9.05818554277525	9.11995681460451
4.58675401188526	4.732692286571	4.52271484571831
9.00621229520247	9.01722015686191	9.00315347426992
4.88327314565201	4.72644347676013	4.86420851269539
8.93288707212981	8.87935046327305	8.91353015408272
13.1965091805604	13.1424499171896	13.1998485083492
5.92607478267605	5.95818732238583	5.90761922339552
12.1155690234094	12.1368690803377	12.1122117344447
5.57222803243147	5.46901757122742	5.48970546033237
5.42464996058501	5.46828151857637	5.46996018556492
9.79699498116667	9.83793408247277	9.88437589408952
4.60954075136367	4.72524567861837	4.87852686502178
3.76645074865924	3.79323769227774	4.07345644517646
8.38908674690968	8.36809775947377	8.43687155725491
9.6393416333542	9.65030549858515	9.66351054144977
4.20087489831955	4.42495933272732	4.37374733292512
4.30983798274139	4.27018136563443	4.36326025689324
8.66280123700494	8.72067713037281	8.63757642816947
4.150922871332	3.74226734934221	4.16060041501118
9.34221422723353	9.38053235325378	9.32156492458776
4.98854393835805	4.8678157432101	4.9155771303336
6.81989910141906	6.62761568266589	6.67436102289238
9.35272445023096	9.38745870172313	9.34863678883692
9.1807921265142	9.21464325323115	9.1473030782964
4.00009871796756	4.24219589196445	4.14889873268315
4.49502426980401	4.35598469966843	4.20907829151803
8.88786170720216	8.89980874368306	8.87129104892149
8.89460398608819	8.82754259645259	8.90088970821075
9.41029686310796	9.40656021267207	9.4131566651892
6.9135131597272	7.02289407496224	6.9352186270474
5.17662632312032	5.1371146131819	5.22454699256225
9.84901024530718	9.81448992858681	9.78802228087204
5.02759446695714	5.20497018188823	5.33027440363231
8.89807662790508	8.99434461047561	8.96799859567975
4.71269628334341	4.22174902207085	4.5683407973221
5.03647211074563	5.18326559677183	4.96544896137915
9.18562201256189	9.14598073392166	9.21141740841651
9.46421689605286	9.40922390327082	9.46146182224868
3.50642036696444	3.62187061404473	3.42226588854487
4.25281833943702	4.56655386075314	4.61291650394319
8.74594983217002	8.64892539255705	8.73114197522613
9.66061876266423	9.68270946678121	9.64775961129487
7.62916456392332	7.5926646082201	7.64644878073257
4.41665418383885	4.60694237692679	4.41524446035067
4.77417529515361	4.75411530150004	5.02519136558508
7.4437232249299	7.52110681245711	7.56988861511781
2.96995043523119	2.68382218571187	2.53686100394413
9.87683476323572	9.85421635013189	9.9044533670842
7.00518254951108	7.07320540983491	7.07829464919456
8.15402411324226	8.02006129077262	8.18897445808657
4.46625997597591	4.25870572238876	4.45470471370868
8.40809287548591	8.37856228676014	8.41395624810858
4.38761503096641	4.27233660481505	4.73913657765983
3.89188455001638	3.45781011334077	3.38175719629719
9.60420157476123	9.54973418950902	9.57448160109146
4.54720694154291	4.35716221320968	4.40494976435538
9.07264541964105	9.12275276881395	9.05555826906317
9.05645586403402	9.00267274953444	9.04725433285777
4.30778037085041	4.42594878937126	4.47423776446335
5.19573252481529	5.45569445060966	5.37872282779722
9.02606149924805	9.10453398621735	9.06156613543432
3.62511400618142	3.66370898112321	3.88219963535981
9.32284538948521	9.28924003992581	9.33770006693883
9.32096700776164	9.29515092173781	9.33634662326051
4.57476405078539	4.78857271292204	4.93608835572273
6.55473607705796	6.43426390662432	6.59188500859925
8.54801142524609	8.53163749279553	8.53561830582612
9.71270603286567	9.72191547586004	9.73788714751932
3.95065837378758	4.21427149975576	3.79276649752085
4.98238255826219	4.74586473257678	4.99875887762961
6.37786494751026	6.39397246290347	6.21770325999007
3.93423391934028	4.24180858168548	4.13663572187165
5.6468576696943	5.81486294421644	5.78214727356406
4.1275153688247	3.76003869931443	4.13632107333031
7.87064269843835	7.81004875645913	7.86271879140727
9.57167988116163	9.43178749224184	9.53848428727874
4.89248037035655	5.21617358061337	5.01953605514652
4.57792564511578	4.50586099496715	4.78735197878055
9.07786621198962	9.09309594606422	9.10757697751566
7.81649551133061	7.97475606372572	7.80731872941491
8.51553402371741	8.72260359719549	8.53483824918991
8.64437449610875	8.72072233615959	8.58811098629372
5.91953398558005	5.96989599892262	5.8784203984413
8.874680178498	8.94675382612162	8.83134152040483
8.97619000960691	8.94695708986927	8.93785995674317
4.04084393144082	4.02053277986079	4.04818496153571
9.63224114819057	9.64083834699395	9.64644188010741
4.66118075291587	4.64861619350789	4.64841527775379
9.61023407862206	9.6305056318074	9.59462629899795
9.61264167081146	9.64575702801848	9.6691346433791
9.42797415088103	9.45043353231552	9.45550823430193
9.98945050245243	10.0583881377908	9.95472509282574
9.19769826486262	9.24166933434392	9.20577961180758
5.16704917541009	5.10084445526472	5.01315727513442
8.66724196302494	8.67655624513243	8.65284941201381
5.08646054631533	4.98909759890492	4.98578821382134
4.72988446974611	4.78878310924189	4.82653467947489
8.92384623327033	8.89604661430308	8.93080477751399
4.73709698053281	4.94726038444071	4.73252338512392
4.86968256490007	4.91537635821447	4.63182939721521
4.444740337441	4.62711832051656	4.4551632102574
4.3955617829372	4.54695635395678	4.70687142682687
10.409339253413	10.3883610958228	10.4073029195572
5.10820779161314	5.10836499885075	5.15931459545518
8.7623027657702	8.86910260202676	8.84523582141956
7.98091385740958	7.95328820951012	7.9874260212035
4.128629589915	3.77705251963027	3.98145314568096
6.36377000417972	6.46726370671431	6.52927606003437
4.11279352847728	4.17676926210908	4.07422911656821
6.67886687255075	6.58914993639238	6.53508387635692
9.41139188651765	9.34235047060787	9.38349459398028
4.02816779866793	3.99045397883892	4.08665455471171
4.37005550838913	4.44778199696625	4.27729365046443
4.88549708978005	4.55970527481626	4.72401242096688
7.87827079812382	7.86222314630879	7.92087679842511
4.18153877391064	4.19107454726323	4.1967996971707
7.80944338701747	7.79662275421735	7.84937219901519
4.01460390885698	4.10755556710974	4.07404064548904
9.50961330226326	9.42918595906442	9.49788483048473
9.44901820847503	9.38001667440539	9.43410928196246
9.32675459121298	9.41732183903209	9.38511774791473
4.79061952594778	4.86587128152209	4.69131132064798
7.48924728912603	7.36141439466301	7.48320409903155
4.39803993496856	4.40377292117493	4.52200827354898
8.92429222827943	8.91299955889901	8.9822828221025
9.12602949396238	9.05591915112917	9.0899140304149
9.24103191969799	9.16203569415553	9.14810444181311
8.94884615266238	8.9394601394876	8.93910529426148
4.60660269010572	4.5357255470869	4.33223573965485
4.80052253868563	4.65850479506461	4.5507940773018
8.70713224700321	8.67164339847134	8.68802246613388
4.67640482327991	4.7154638460651	4.69923569269883
4.257196065924	4.34318786550124	4.26586665620562
5.04680257815773	5.21123584735174	5.23020601276606
5.05018809807263	4.93409102687288	5.01931785507277
8.98967032055456	8.94993962412344	8.93835713505717
9.00234766551792	9.08478276882412	9.00591951130376
6.58504660706742	6.37245064250616	6.48897272468531
8.54211999197358	8.59704490469057	8.59549896948565
9.77022854696205	9.85026910101775	9.80681212131368
4.91866863882185	4.8906485379504	4.53279870194429
4.94963755004609	4.96428695912068	4.79642335673099
3.82840045322755	3.7024589312006	3.88242210878612
4.65744168693848	4.38090833441076	4.3320987017665
8.91847596906761	8.92688917673081	8.91773151692806
4.97284851394475	5.23582737535978	4.94453072013722
4.14710502242305	4.26817736713192	4.11221642543903
9.74867851587712	9.73400031086528	9.73984609307258
5.26615293676837	5.36385379100406	5.43478130419109
4.73975553886472	4.64906078741253	4.66562952346558
8.87600257115188	8.927928750735	8.94423459381053
7.82198106801173	7.76491068900596	7.7491722278787
9.59327836467295	9.55611091695849	9.52968468129384
5.91821753064333	5.69286180504709	5.81367088232571
5.34765297789836	5.42268534652663	5.44008216897437
4.53777337406812	4.44913294976182	4.39484933946023
4.06683846196406	4.07827335701884	3.85356408335389
5.87275469996926	5.83374630551074	5.914431590036
8.8175151337936	8.75287006133181	8.79985685072614
8.58922115473564	8.62735202202417	8.65797058540951
8.65739477298741	8.75361610407574	8.78103872898889
9.97764525068191	9.9741655346407	9.9748536715318
4.17874710927083	4.413282109523	4.33152671362509
5.22287830775043	5.3699169147308	5.5030970834663
4.52891043947168	4.36923664190839	4.47445445874435
5.27793557904555	5.17294700042642	5.43439850254248
4.13914169035562	3.9749305848234	3.94021087004555
4.51005423642285	4.62689822975989	4.34288993138225
9.35701859417922	9.33557981943356	9.40171207888602
3.96974758655714	4.45796171822218	4.48351437365177
4.71954212415649	4.47235345310995	4.44546820912004
9.36396651349288	9.31495135853693	9.33619851009852
7.63421185982182	7.54576481014111	7.70099648901197
4.65842133673818	4.66957908662575	5.00485281742553
4.53789758153122	4.39247332895917	4.43518575573996
8.17425607151202	8.07722594487121	8.22253461231582
5.40979285542577	5.52820782557549	5.50862148702145
10.0090050478332	9.9863083519733	9.95009213501637
9.85325159100578	9.84592676479516	9.84440069457091
8.76874608231773	8.85474431925003	8.83801692958619
5.13927521120429	5.07869739654128	4.91620679469839
9.00151193902054	8.98927611472403	9.00734661771837
4.66758461303323	4.12594644007394	4.32103935549201
6.73537860981571	6.77944973824485	6.73107685717692
5.28277827390271	5.29026006436635	5.37334528831496
7.25371832602022	7.23816283415406	7.26694289547108
8.63432058186005	8.62101992935478	8.69620165445832
9.10766372303134	9.18554893666578	9.06905184048669
4.89075222390985	5.24972228198326	5.23572830304474
9.48670480405867	9.50497403229824	9.56817136828413
4.27700017419314	4.44774895803705	4.36344160850838
5.31428501124339	5.25204825585429	5.32557614552826
9.05801567125856	9.12373506130387	9.01517943862575
9.20617432998136	9.16195418349208	9.22412889002996
6.57903634582063	6.51562385966574	6.78419929923057
9.3800430594925	9.31642144469816	9.35391325402242
7.28242454053401	7.13456198176878	7.27387915355243
4.40756768066451	4.60655725001813	4.34272805106954
5.96929184035318	5.74066241403278	5.98807192384884
8.92464198025893	8.87466305739683	8.89000996076651
8.29207358063527	8.15416637662832	8.30428347043225
5.59451198964191	5.72865843063127	5.70496579664678
4.02685207232497	4.02132157444523	4.21972660056675
9.62639496980812	9.6042355692393	9.67285042463751
4.10452728714068	4.16100260084716	3.62857953490078
8.60011968527894	8.6844444249669	8.65814745269398
7.87506469991194	7.67563343680117	7.76227383040264
7.81129386209798	7.70329377118558	7.84256910186581
8.52479022823734	8.46100323386561	8.49577358199723
9.98714375561059	9.94178834793312	9.9710345995634
2.45707435413159	2.78685173500732	2.33898989659468
4.56745303415581	4.84802336821206	4.69927026728289
4.26011014664323	4.15046259468098	4.08709071815428
9.1178680638438	9.18154353532494	9.15089522709027
9.44629803671536	9.52052862173257	9.45923818218282
9.10471212854092	9.04185947071469	9.14771246883872
8.21119427024986	8.35904401878104	8.16251295297088
4.87351273943954	4.9881816105187	4.99898331407903
5.8354725058451	5.73026072687954	5.84030946069954
5.67456198310386	5.86109488295079	4.52663684319937
4.78596020676196	5.18438002118821	3.99757903698273
9.90111931636418	9.98616136741595	9.85815911625688
9.67444324931063	9.64095467120361	9.67770953914903
5.73155631301468	5.84366686329863	5.34392276017337
9.56941069570454	9.63937677571543	9.44037674322001
6.60453110738101	6.61698921442356	6.53495949140599
5.53092728602523	5.55339824922258	5.11813665432124
9.08676427300893	9.12973367328116	9.09526867147301
5.89606331873229	6.04241257010561	5.8028113562835
7.69046897243484	7.78827717217107	7.63147861095923
6.97225860022819	6.92457213339781	6.98766566657791
9.17568104406464	9.26756609904607	9.21473347627423
6.52257536673706	6.62879464131597	6.36558489032697
9.23935508282497	9.34861918025496	8.9367031764006
8.13853817811192	8.22099174465707	7.75964895611807
6.83697604172857	6.99823631930141	6.63445579326792
9.10580036831397	9.23416402220148	8.94760813521745
4.9392728205069	4.600932981036	4.75644985908732
6.82625270571848	7.0306770534628	6.73013991508568
5.72637895405507	5.72448264021476	5.68432972522295
7.22852883294674	7.35449818960172	7.15661220629796
7.22863042896603	7.24619983492175	7.1563886637647
5.07581085816233	4.96493844639395	4.81209145456462
5.34071259072928	5.3141347789292	5.09207194723148
5.15320967884708	5.32581778421917	5.14768363484641
4.69823130714664	4.81511738706355	4.87145016921114
6.18343563015873	6.23079028610332	6.08547120474975
8.99284120929736	9.05045090428066	8.87438303302194
8.96140279506523	9.02693651167335	8.90992764032426
4.71507306228559	4.87367997178622	4.6488300124264
5.02545223409167	5.16200642023358	4.78126750933866
9.1535928187759	9.25567644738838	9.14617759046792
5.76467514052389	5.93526693239059	5.36539460503465
5.88679243927639	6.06025948156485	5.62959923145338
7.71725615682236	7.83922874868206	7.76329040495723
6.50352222375478	6.56435624645058	6.28675848600246
4.76192346239218	4.91420188426735	4.4852135986186
10.3024333056863	10.4176629922042	10.1795599273554
9.87331271469363	9.980613664243	9.87326373427603
6.72967428767057	6.92896786140287	6.61175128145523
7.98167314503792	8.11224773481379	7.9106306798068
6.21155571203201	6.20054599993974	5.9827319539586
6.45114086836153	6.48422368800881	6.50338147262048
6.92165089362334	7.06403052046793	7.0303679736737
6.16556962924301	6.1658131443899	5.86081178296535
6.94982950606167	7.06233180826988	6.75310333711593
6.31513178429149	6.42089483610199	6.40627084497769
9.59080134965223	9.69875918622587	9.50536376055386
5.64466714219035	5.69555070016911	5.60167560358649
6.03882004572435	6.22964596313556	5.95818111814869
4.99398841325969	5.07769351009978	4.84257265778605
5.39996735531682	5.69354887709779	5.38488762933891
7.62002313664563	7.72957284651182	7.51176533252149
6.53333035070071	6.55465492595378	6.45991903987523
5.69588652778981	5.89042381679802	5.4617398776087
4.6102181055747	4.77892889858492	4.73206966414669
5.63805569837794	5.56078009888091	5.49967560253785
9.01085132914629	9.05784224544539	8.89079598467758
7.17970212750246	7.32842476227304	7.04836537342989
9.38975895297573	9.4798310992203	9.3067475472908
6.69939658997382	6.91050558323135	6.50281208929471
4.97566891033583	5.0624661437302	4.71676930642578
5.136779783668	5.10889571633494	5.24735654132332
4.22426263565598	4.43556337592234	4.2088387324081
7.92271665006077	7.95805053822584	7.82977443634694
7.5470131290827	7.663555172114	7.42389201820836
4.55873236283744	5.05222482328337	4.50425496560017
8.85834952016946	9.01300896282825	8.75556761341523
4.87600046858623	4.84139504500372	4.79610021210411
4.89546143311423	4.94068994705238	4.87197073603619
4.6908042704242	4.87402804414533	4.74848283973077
9.32755535308284	9.45726726449772	9.18879154240974
3.61492121238469	3.43376684448853	3.31829858555443
5.79902241847481	5.77160681327783	5.91411517610795
6.00256957482557	6.08402828274407	5.93669373429335
8.87676241881543	8.97869826804858	8.65588893727212
5.53386741160306	5.5750762725648	5.31592718174972
9.62382846243225	9.66881291842329	9.58761259187599
8.63177972840833	8.78737668386394	8.42258987099646
5.15627646552714	5.26161480846093	4.76588181611372
10.5831564208733	10.6552890690276	10.5054997109947
7.94154352468013	7.8824931142561	7.98894884139658
8.27920962109693	8.45683588802296	8.1513578030815
9.95305488943392	10.0315003010569	9.8814317104964
8.53562930966352	8.61753091847085	8.25795196398777
4.84026890054724	4.93203027853539	4.78056798764135
6.37359049115727	6.49757751073169	6.47415999516085
3.82235216387928	4.18899671583296	4.1364527876075
4.52107418385914	4.29638079041466	4.40483521597942
3.92415622559189	4.01932419839071	3.9259392041824
8.77241130217006	8.85583701260471	8.81426875451189
5.00543143990728	5.01969161926692	5.08450079504537
4.282519829151	3.897737229041	4.20827428612077
5.06001627806187	5.19075922894877	5.11016877968003
5.15867853789399	5.27645451784648	5.23056227505106
4.47438836394611	4.43778374018748	4.42516452357551
3.01151337487747	3.3133525985416	3.18247170987337
6.88012238242187	6.83018623963503	6.86499356806659
5.30039535649132	5.05926588285668	5.29792140871911
8.80505057796872	8.85689329053774	8.79119924020811
4.66084109680227	4.67758664705957	4.6655557271262
8.11411200658067	8.0036459272402	8.09340979244268
8.06413167060779	7.91589576819518	8.03337416184833
4.02559268844123	4.12262193936924	4.27648646469075
8.61143020426177	8.63733859768381	8.63501599830799
4.05095950971923	4.29251271084638	4.07428981051844
8.94728190445058	9.02543396831796	8.97787896135032
3.81148886714075	3.98823165089714	3.86802184789891
9.21831317361361	9.15728747591755	9.17001982171076
4.4992378088829	4.72290265006086	4.48455842203683
9.87393234720484	9.95233136274373	9.88283803403852
4.18096697068929	4.41192472445057	4.04878687513728
9.48069493439851	9.49812964775766	9.45550150241534
4.40055039657336	4.4249574058703	4.17366899091884
5.83945832879873	5.743767165321	5.75055463067575
9.56153620044339	9.57199655123923	9.5848260917751
3.89963389581848	3.9872613627504	3.592977632181
7.44718792066187	7.48147736296032	7.59039418558635
9.41548328880714	9.31783816264924	9.37380729077496
3.92082401794789	3.94502879569974	4.41382689968474
9.29837907389203	9.18386963185187	9.28906316033296
4.82740982238211	4.75312170270637	4.75651233760012
4.18384507023334	4.03618488524638	4.06131235469414
8.70043610431741	8.82145417215127	8.67716978914468
8.76082534422066	8.72522686789187	8.68564506201678
4.90315142372348	4.66120158285738	5.03186425296998
9.47184201967129	9.43486602524597	9.40171828815187
5.35234288740714	5.07320401226899	5.0916102617737
9.1977662053308	9.29089663463079	9.2453787976489
7.15737079266821	7.23306297162571	7.17295066717035
6.77819977209764	6.74988859383082	6.66818370051753
8.31804727534095	8.25254905484417	8.26017836805335
5.05524814938249	5.1764350340794	4.9304719394964
4.07364728648619	4.20484720232586	4.41430305048211
9.21117187679055	9.08637627545933	9.17245981523692
7.58284568719354	7.61428535154331	7.66160966401328
9.36274819605354	9.31572784884854	9.33653881793892
9.31503327964841	9.31070985559843	9.3731428473817
3.1650004296852	3.07614160755044	2.80616204819417
9.83341795732281	9.74214862165447	9.83435715120425
4.92747590276682	4.96562210393931	5.10951393895124
8.65085827067865	8.58345610995184	8.62721668026658
8.56135171060588	8.61926319362546	8.57154651143006
9.35885331428035	9.32250871673637	9.41338735452156
5.25250723613172	5.17219333956255	5.29254530863023
5.35226131323997	5.39996049517964	5.51769114345741
7.20693540000916	7.29279694669722	7.26269589699993
8.70858240313752	8.71706142923364	8.68761634435584
8.3410750399722	8.39780882361186	8.30216714221287
4.67548150548243	4.57019045650331	4.97072533402563
8.93575440012727	8.87935433900823	8.90804742581646
4.57702855203446	4.72422465232855	4.69077553599002
9.42037663408132	9.43481734131571	9.47389179325173
4.59710186016465	4.50462554690278	4.50352666756088
9.59471273106942	9.6035373125775	9.60845111527443
8.94885039628484	8.89851683556308	8.988830800979
9.60117119651179	9.59721478535973	9.59306596445685
8.75484466143756	8.7936876974938	8.77489678986724
5.27263352894587	5.37141987381984	4.47714109190777
9.36817597212445	9.2836779818436	9.30607672352307
8.55228683021317	8.50733888045906	8.51529842675651
5.26374289322014	5.23802203750403	5.13547849623852
9.26351661534105	9.25655980889906	9.19853318470696
5.64977324246592	5.61209665958735	5.51411262818309
3.6269709389585	3.82400083912725	3.50057974620228
9.16830028600886	9.19788111615817	9.17953535260095
9.63405015719323	9.64475573314966	9.67786841990106
5.64106103599023	5.6665712585027	5.56086622198998
8.73144480954049	8.75180303469693	8.8040555645934
7.19749187299215	7.18467633598674	7.27380102622533
6.88163361066038	6.92056925010903	6.96129597470614
9.1488887456153	9.08654037786287	9.15186323301789
4.69321295941296	4.75150534426961	4.54154109010521
8.54426225018163	8.58033778618653	8.56329093620169
4.35384652370309	4.123427485911	4.11229011684966
5.48658185703063	5.20089291097807	5.44487754004011
9.31305599781348	9.25618091001791	9.32281687652019
9.01290530917218	9.10952966960654	9.03699048195557
4.09814730482259	4.09588409285682	4.49282940301923
9.66122179894464	9.57874911250769	9.61902634988085
4.71771163297085	4.55837303820144	4.60471279762746
9.50634931201151	9.49733141286126	9.47652129023288
3.79174317692677	4.07955414989311	4.38321027168797
8.20380226127476	8.12504208969735	8.10820314267077
6.95501476723985	6.64007894946567	6.87766143645355
5.31570249158649	5.4169690975488	4.21185949075866
5.21472430429874	5.55783928572883	4.11554536329
4.9036331880709	4.71747791673634	4.90801875654894
8.52372393061152	8.62680436798738	8.60515456449047
6.09473790849099	6.28536723715951	6.09177794417334
4.79861696873575	4.62070238100602	4.84901720103669
4.60462372661383	4.67634770795321	4.45545326901898
4.89677642076825	4.82437423471165	4.80385475472303
4.53436052759582	4.55814873837032	4.7397298199664
8.34662505912421	8.37110692659884	8.34256352881562
4.55970193147163	4.74245233230152	4.68240113401602
8.74455619831657	8.69566519770137	8.71565398235618
4.29553401912317	4.54596439054093	4.59522033308576
4.9941961818	4.88491426432601	5.00575153131503
9.51764300818381	9.50340680671896	9.48523805661208
3.33537446402863	3.36283686335015	3.18264917138875
8.87212184723484	8.94069614156069	8.85766183937727
4.48471416627931	4.19409878679286	4.52184616606476
8.73613398144241	8.71932149371126	8.75695616713499
2.82865880402441	2.60672114553936	2.57339418285791
9.43003288658836	9.44258556166091	9.48478319244365
4.57146605285721	4.49377322448	4.51294949098617
4.14204813102427	4.56533026890561	4.46447561770973
12.4252796397937	12.4386802366557	12.4334645355423
7.0723563717746	7.09144164551323	7.0056028171503
4.45254849611664	4.57821179639577	4.71522579253097
7.7001620850797	7.67649056648066	7.71072116160271
4.33235415547992	4.17850433765658	4.20865975552931
9.23053054123131	9.2390046750374	9.27555220291307
3.91257868937533	3.77557795518296	3.9114555068828
4.18113880055255	4.15105537094395	4.2877682218799
9.27261222660102	9.180612584627	9.24962734336663
3.94940800766149	4.04998452277786	4.11175177239831
7.88506654856284	7.88756509635843	7.89909026501026
9.58111162369609	9.57251188080255	9.61566527292563
5.14138523407926	4.76439552444317	4.9298978888098
4.56163037201419	4.57812083974701	4.58668395927461
4.90608650766144	5.03481347631595	5.20638657179314
5.6804270683469	5.64280243208224	5.67558334990913
7.53948312775871	7.54930220060251	7.54804873300546
5.84387413153966	5.69661497220956	5.65040837231972
8.16307233646632	8.26141888294413	8.22290365490409
8.8806236544016	8.90765103456024	8.80047017577579
7.94398603152695	7.91878739096158	7.95412722082915
4.38678440622341	4.38155195237791	4.73928020122888
4.0249942894143	4.24272870863154	4.23148236148594
9.67054215400653	9.64611693608374	9.70819606052002
5.85179153933895	5.84237048574041	5.9358262804858
5.42843568635093	5.50170957179181	5.57824767429396
9.88798014644065	9.90788448198537	9.90464724450848
4.7743978512741	4.83292473116204	4.91516764876961
4.5360656595057	4.68520196548894	4.38488341403319
4.65388763843081	4.5374239542186	4.64824197958503
5.13473045589555	5.2895693537039	5.36780009947702
9.82323509707375	9.8636786307043	9.88874514226721
8.76502577069116	8.75919188901927	8.83098820175613
4.84682043173873	4.79889445971225	4.99185469592771
9.51284520914584	9.57671764986192	9.55647899154112
6.25353234056362	6.46859505052408	6.3326362318148
8.86522255926269	8.85995780568201	8.84262543283668
4.83352833046268	4.69868108894752	4.95734209030073
4.60237202250038	4.78736955826527	4.64853236025711
8.79604094628973	8.81411072285514	8.7935354507452
4.57418409306489	5.00881475959442	4.79588999370548
4.37141155521507	4.29495030775446	4.25470800534516
9.45707625185309	9.37953346361829	9.47414532442722
4.51655655017965	4.56834420239378	4.73162535589448
4.40694702110204	4.55631140770911	4.47454027211869
4.55376087314836	4.49390749904257	4.55938239206206
4.53605450272846	4.57756812198355	4.49400718562477
4.32089400794689	4.34316384878534	4.19714759229326
4.55535795770721	4.35757440740431	4.48413683343707
4.3809974826809	4.27031893057208	4.32086115544261
9.84834186953206	9.90013673747592	9.87223912752128
4.39790066710995	3.74247256320886	3.95419287541292
6.15626957077199	6.1034072387293	6.07870930133932
8.04526195962573	7.95740892629791	8.06074360540982
8.77144967511374	8.79258661360728	8.74242940138143
3.89604719564669	4.09206154151669	3.92598668748108
4.48085377806377	4.72290604249241	4.5036682554686
4.490818308139	4.46124828384548	4.65648315738996
9.78373032443639	9.84196573446587	9.80013483470134
9.79534271163945	9.85417974193762	9.81035744351937
4.31991501621265	4.23225373444988	4.43469943983944
8.20915948228809	8.26790300536883	8.27562201052375
4.01627370271996	4.10652453191434	3.86835308784486
8.8574942800643	8.93009432629438	8.86374824816703
4.26379306143216	4.52493169072533	4.62165788050691
4.3322710808044	3.99352326687382	4.40422303260023
4.8555057491925	4.56086414848276	5.00498973234847
5.9339677428486	6.11330759910778	6.10689275370174
4.82694278764106	4.88269883065661	4.69139366966302
4.46354144784235	4.57722872042897	4.49390609003635
4.44389709446645	4.54690693485906	4.64796301759098
8.73331919475956	8.74377323303081	8.768158296594
4.41801750885036	4.36871258703089	4.47430761694393
4.86405523518126	4.79698388513054	4.56026816003489
8.20034056039171	8.28943263593081	8.20085698002915
8.86819252494838	8.8079647541378	8.79272895816833
4.50067176127501	4.43862519036644	4.57740489836688
4.86868215816975	4.80723348356536	4.8790613143869
4.52812101556843	4.41589044313806	4.53154585532193
5.22799774292292	5.0651602544741	5.05280748838916
7.79792957824277	7.79961182900656	7.62170012563386
4.56034150487874	4.75109929106227	4.58692721672891
8.95124291169862	8.8527681021256	8.95003584023147
5.22346064548882	5.22669445241252	5.55894488435686
9.24380265696398	9.22342174155349	9.25112017030555
5.03253905904585	4.89300061633175	4.9299325533577
9.52260875273084	9.49338317198913	9.53733285038171
4.38042687443871	4.34404078006414	4.3209528165741
4.158407789398	4.32980979875571	4.08718231555619
4.49331409593394	4.40357335476959	4.38444883067393
9.45926218941105	9.48800688611199	9.55868392720373
4.55524567901895	4.48218828992865	4.37427848931883
9.38160273977601	9.41627870326085	9.31348741505253
6.54659256806965	6.7566502733182	6.78679460539075
4.30089634926057	4.12418311299569	4.3205836832487
8.72287071103222	8.6006563859709	8.73250023040206
4.21584437001008	3.97725989181384	4.33104712400475
9.0022890273143	8.96273828169421	9.02260529007515
4.83229948743295	4.37066209913865	4.47486824663955
4.75869555893234	4.92427804483874	4.92242818751518
4.13218940980108	4.31942442099741	4.47388206483785
4.33853853262227	4.45953642363491	4.44493993348118
5.06728223924444	5.02009001287478	5.10986148387611
8.60680358463794	8.59953333770585	8.63269223194257
5.44353368667437	5.49020727648691	5.42540554892492
7.85089727112876	7.69858124448694	7.84071730133114
3.99950041957126	4.31720215604004	4.14898250491683
4.66308643603751	4.53679166641551	4.50366286890245
9.58143182012124	9.61235289915698	9.63009708164467
4.37829726995804	4.3212981471767	4.6215404126723
4.18082001281517	4.09575528487435	4.38367608135705
9.75044015181142	9.783247044192	9.80234115435896
4.33689651334219	4.67504687547675	4.44522180096799
9.47941011295246	9.54819308401738	9.528114022655
4.95645114390138	4.6901782454559	5.03858299774753
4.24097538572981	4.0058304390916	3.91203295169716
4.6825326915906	4.79758232687475	4.87139867873675
8.9742347832586	9.00053013882243	8.96206681369168
4.40537462723487	4.61782021655992	4.62197668408541
9.35454656063457	9.37564285814581	9.33908755402387
9.8787786796093	9.87951089230224	9.89618685712993
4.78398508262505	4.64017917429987	4.81109785095021
5.16610455018607	5.23054115114307	5.02007566807462
7.37551828760897	7.41586550842199	7.44474967825343
5.90882194623241	6.06150568715167	5.90780758649528
4.92230755232098	4.88442802687115	4.97162170483906
8.01380909419382	7.97818932603476	8.06400117842552
4.29992593446522	4.20569642741643	4.36316703479823
8.87246806830725	8.76022469133338	8.8142812649332
9.55463337480729	9.45467960971811	9.46156502253362
8.99009429660905	8.98936338982218	8.95986980413436
4.4456597349856	4.54582331225852	4.41520213640768
8.82201544116248	8.84928204231723	8.87425102665792
4.82572821504295	4.91607261463659	4.82688761148878
9.51110110869508	9.5379413586484	9.5009718076752
8.54157023778965	8.49295014914599	8.57117518180474
4.22784864860993	3.94570295990769	4.24279394192363
8.70810061120926	8.725291304327	8.6699268410816
4.58047727751053	4.5567534703725	4.39504938266934
8.82378172139267	8.83959604249861	8.87000051069425
7.58407640963016	7.5519353076407	7.49700041467239
8.62215301821093	8.61917458855798	8.64381647331482
8.6093587503406	8.61041344381812	8.53063656980399
7.46330517824764	7.42187370687046	7.48569601704319
4.86238948778034	4.80675009195244	4.78040243554546
4.00632665281054	3.54745087388151	4.07345054143412
8.73331033664145	8.75875585385349	8.71893039564035
7.491332535438	7.51434196608552	7.52080834809523
7.70114851422861	7.61461877964869	7.74161395070989
5.41094313662289	5.40575112385127	5.45506419477095
4.17813647076	4.37916685630381	4.44463376695156
4.34573127881431	4.74083982790767	4.55026366604955
4.29917830757252	4.48007597762819	4.18550001256342
4.21343506796467	4.29450971675344	4.32068220466484
10.3954788649535	10.3961320150317	10.3850137775424
3.98848505706558	4.24130994161477	3.9817994498545
9.56890930699658	9.53928616038467	9.56823711376375
4.25546009839517	4.52341745283567	4.31020069791956
8.39802311242608	8.45542167140997	8.40507564498634
4.76882910260086	4.64997479166132	4.8339649092841
9.06520023530604	9.08444183883574	9.13836083522436
9.86586450997817	9.85136574887102	9.88906981628984
5.16615657684133	5.24987250775696	4.99322002992693
8.92547330969277	8.81154384930287	8.96578436943558
3.94134606621152	3.89295613136579	3.61064704447783
4.18146001102302	4.06679459746467	4.33111260971679
9.79374484986151	9.81641799881592	9.83712738693873
4.30786815619163	4.32071277329819	4.56793713013635
8.50064646515426	8.52563700862768	8.49404809388632
8.97422553053398	8.95438052787256	8.98906785409889
4.55955902335639	4.78721035230391	4.65704397849129
5.00422841028228	5.27689650043117	4.10222813944006
5.08088454746225	5.01916577565855	4.89437518114384
5.31831175808065	5.51045706777231	5.22561772501572
8.9480694567436	8.97964439138087	8.97205547315508
9.16860912053642	9.16733177284	9.15372091085023
3.72304175064525	3.80839917998143	3.69583541153781
7.84815960781232	7.85575962681141	7.90628906673579
5.95846811182052	6.09068820534752	5.83761744925727
4.74555066406145	4.72570313777879	4.84159151731096
3.92537455286511	3.97324287376544	3.82322158921569
4.43756478803644	4.30865056812571	4.47425422062112
5.15411475674657	5.30066455531718	5.04003506593569
4.02310805588859	4.55298675212426	4.1613753590547
4.14967448243772	3.89684313891174	4.16076474159638
9.41616624133455	9.43616231365875	9.36045682002842
7.28749883286624	7.10981991088413	7.37732155393016
9.70956457079758	9.72752384740959	9.71093906796636
4.76309204338412	4.60956767057863	4.63120404727151
9.02052058430157	8.92918476399375	8.97955875945415
7.68273317407823	7.68726399366181	7.67048466645757
4.56473281804379	4.36898115182294	4.38449736611359
8.31299683849849	8.34770122864305	8.30823334127717
8.48506146268239	8.4596229911571	8.47236295888328
4.58052714886219	4.4608628131431	4.48430775163868
7.7002542578795	7.65678766080197	7.60682290464367
5.36039177364138	5.15209976810465	5.28719750423463
5.50427125962367	5.67145712697025	5.70877793997719
8.70715317478438	8.67217471521619	8.76839746829464
9.0022389868401	8.89844585832276	8.98333864417391
4.18976166711336	4.31965361629661	4.46422716386211
6.24097667510473	6.08219485541172	6.12003310339851
8.62417923377729	8.60654566845276	8.60649145743734
4.13576564976495	4.34128217214153	3.9956396027358
4.33928877076276	4.58552571266936	4.22077326689972
5.13869869415144	5.07184145354276	5.00634217377671
8.98213926903006	8.93691610475941	8.92158541308133
9.12068920389889	9.11944996324563	9.1201235926924
4.35460623105802	4.88815883440554	4.55965312301567
4.79473065573146	5.02579994459731	4.98534180946985
4.13975225074944	3.92775927016357	3.91184218748545
8.64135285641027	8.55276249260834	8.67306969272098
6.53326220318878	6.59615588843362	6.43256655335719
4.44721751846685	4.40320782794645	4.35309547494109
7.75492950110834	7.65478405756986	7.82995678790131
4.72003217584861	4.94034025357597	4.97138104587023
9.79840386316	9.82071363727531	9.75801597395226
4.26854965977189	4.34285366522541	4.18529243271973
7.55867304244318	7.60648508596009	7.58050162741628
4.75877517671308	4.9637556411687	4.87178391437103
4.00297053491022	4.09267423490916	3.9401912636863
10.3397564387922	10.3608734444511	10.3594184837498
4.29987431636107	4.39015253916275	4.18538820739067
9.20147573315571	9.24078071913348	9.23867449459556
4.41708040557469	4.48205460887392	4.48411864924546
8.18804753562182	8.21209202251568	8.16825905604738
8.9665929387641	8.92575960414457	8.94583336629496
3.98806599989111	3.94495031198377	4.33075326767164
4.50207340364757	4.42653890442514	4.40498171557238
9.36762090458857	9.31532384690646	9.33928304602131
8.98812586759352	8.98495824567229	8.97525566127889
7.44045007251525	7.40577603240519	7.44106369068818
9.39248629819629	9.39378246724582	9.43237937886873
4.31954400978483	4.19330983609261	4.52163648809697
3.8992351185638	3.77520754355356	3.85308494107042
9.82041326375905	9.78434478203551	9.8380795649113
4.24815867515825	4.50000821686162	3.88371599627582
4.97418637599396	5.00391873321063	4.98561724466041
5.23256682280982	5.0874337810316	5.15345119136076
10.169407546693	10.2145203877807	10.1215068992364
9.32315388500851	9.27095524991251	9.34987984459059
5.75981880510302	5.72496028252644	5.76236432413117
9.41198620007659	9.34652025302806	9.38450125325032
4.66043235481254	4.72453435404743	4.67409785663804
4.98258467381546	4.85911765408125	4.85715853119759
3.94966517605514	4.13471458428485	3.99520422004568
4.22577744319402	4.23076467666981	4.2201969285495
8.76132922507872	8.74657717052624	8.8256192816464
5.12801651899683	4.8939995976471	5.0523063506987
8.68785232867473	8.72168609706601	8.78702277978037
7.43699982382195	7.37029217219166	7.45477225583012
4.61986309018739	4.68682111398414	4.64841071900313
4.94546380015757	4.60125016461314	4.81895315347156
8.82326604189385	8.74658656589751	8.75370290960872
9.50147225570506	9.55176010491659	9.52579468938159
4.46298134557593	4.5152898220028	4.63064365836058
8.83830955307317	8.80234333749448	8.89743249264044
4.79644454231751	4.89168167525206	4.87908139173966
5.16552782938684	5.1159828455615	5.21868810339998
2.01037905697921	2.47643932932105	2.25182478023125
9.01788503046629	9.05395547870414	8.99208818819815
9.49009527332111	9.41363251721449	9.40855446835996
8.65884994053918	8.71593079633701	8.68801162476228
6.68412463075004	6.63497071660185	6.68461117226498
4.94161488358556	4.98067115001724	4.97868608416122
5.33176434968621	5.16476373617781	5.07901653413471
8.79964313030228	8.76825764472783	8.83256009245263
3.39216862450035	3.38891206303782	3.62727553808092
9.52679987179313	9.57862477494	9.55358750076446
7.66800986231652	7.69087851247978	7.69072102048745
5.5410310409631	5.61164577435186	5.51859626835566
4.75094809515383	4.97940503111702	4.89374758627746
4.61991562858564	4.62907290716368	4.69902643833356
9.55154581211578	9.52011891567565	9.51833210912962
5.22964048685869	5.23272715686997	5.43941710440772
4.32805480000398	4.35698271706938	4.58606922759065
5.51591051976031	5.51228262354424	5.43565864999411
7.64014943481165	7.73566656549975	7.64886311754509
4.52792783901979	4.40460416043368	4.56833818671559
7.82453457074098	7.78997985364204	7.87943231709025
4.87041313373405	4.92295360800603	4.52342165703012
5.38479482403048	5.24538017282212	5.20773904059178
5.29905236488367	5.29608070540694	5.25940726487206
5.64795424215603	5.6430843179619	5.77385845174786
4.28035568636609	4.23068486496046	4.14921082772003
8.66773052332534	8.63042047208717	8.66902578587772
3.97263444944727	4.32966380119221	4.24294117191915
4.2868176662338	4.55517122636905	4.35308438782885
4.35731906392136	3.99071146563148	3.80840776929528
4.66199333931123	4.60885086908241	4.57786581350175
7.96184238688929	7.88027077194841	7.86956433340284
7.98010677309949	7.97613105155378	7.99778539016861
9.48841800094234	9.59004404197966	9.51774972292127
4.42091261559472	4.26991827162899	4.19718113986165
4.71921220339964	4.43939003054813	4.52249078884637
9.48657270270341	9.46461722640792	9.47511854016185
4.58752764464677	4.54737518387383	4.6045132236834
8.61348221960583	8.63046065120893	8.66293118945293
4.32905206350606	4.47002916922781	4.34244674281069
8.37225270457686	8.37931483260707	8.37076168162912
3.64599754336736	3.73516881758173	3.31853997816245
8.92798684202261	8.95806131126082	8.90320253882409
5.24823915341958	5.0949673405973	5.21299501394066
4.73079492359928	4.67858526779069	4.81107494531216
3.95975976766153	4.19069910047994	4.34165730685123
4.68223261920918	4.89905463064514	4.81134128888663
5.46004987487981	5.32129410391094	5.19630774101325
8.12703880262101	8.07805988033703	8.13080666936497
4.23804126938268	4.13691585207845	4.14904912101365
7.78436768811576	7.71841426317993	7.68776004746469
7.79429355198585	7.76707502562354	7.6994772112105
5.96718612334702	6.00982595352089	6.08772240191995
9.33940917209356	9.31765300625035	9.36421872526598
4.56326656759892	4.47175928112538	4.47463573094797
4.73177673090577	4.71544587004116	4.63999079916935
5.23917520042118	5.1703244739524	4.89493829261417
8.96622469508474	8.94689090572346	8.99248725785529
8.80096751332124	8.75979291386744	8.76333080637484
9.11741578330747	9.10566955986269	9.09084661777077
8.31301385577686	8.20797714608353	8.30999236886845
7.45540259480737	7.35980007628028	7.45353792650902
4.62920531168634	4.53734898418643	4.65678079677911
5.13845535335173	5.29581873249455	3.99828118825723
5.00722168887244	4.93341894118862	4.91572025043602
9.46316299367708	9.50532233373261	9.45200215978133
10.0079633233036	10.0110578475741	10.0252915377578
4.27755133056282	4.35578170523754	4.38411163224555
4.74135453217134	4.48417942166418	4.61347577969116
4.60393780321878	4.51630604176409	4.70711814402098
4.43797655812918	4.34461880802624	4.38429884953364
4.37954235988249	4.43694526997447	4.3424685536512
5.25447864600359	5.0655437293993	5.11029900518934
8.80778263185129	8.90972599205476	8.86023870379882
6.79060475226177	6.79283756097546	6.84762511793035
8.13559602315431	8.16183840374628	8.10972759579686
6.04254437097603	6.02898389731636	6.03923860013276
4.79193436994932	4.58016224044179	4.79556332029375
4.75990689878398	4.98624463371278	4.69145023616551
5.14350181840509	5.20405568930657	5.01330709084741
8.51879344561421	8.44187123224216	8.55355845607132
7.24052709753993	7.21834877967226	7.27677681606269
5.88612408938054	5.82104167388518	5.98121302357797
5.24836239914452	5.19822591512152	5.09165262764904
8.80591781490789	8.78017277623622	8.78800169646012
4.85563370931746	4.82381797255746	4.72437531073566
8.87810622082966	8.95272090539828	8.85866153594307
5.37712071443563	5.44550645097492	5.43019088352949
9.20484035234729	9.23021563250948	9.19224896376039
4.44249482381767	4.78638255883712	4.595753158553
5.17411569010474	5.20940089397145	4.70085157323894
4.57212623652804	4.49336682735532	4.42536659263769
4.45401466486	4.35829792043578	4.73934065387416
9.61057760274128	9.65040096297837	9.65576243182205
5.1778358809591	5.05059259669795	5.1349412375227
7.69546658002979	7.54580881711682	7.66598932921472
4.72546007813277	4.51659710207426	4.64831606982735
4.07283591329695	4.41266855379834	4.30983592112651
8.68977674766998	8.72292729404386	8.71191235780987
3.46594909804462	3.77188135897031	3.66200132932549
5.03347014122535	4.75490132878074	4.93676892795943
8.04224621028248	7.9593511721974	8.00556080454127
6.20711034446669	6.23161845680995	6.26292978368913
4.80290809674814	4.833713560106	5.05813885796905
8.67954345333027	8.7040486938094	8.72903958944222
4.21517728200827	4.2685692042759	4.12469626008795
4.62847604604268	4.61910250895526	4.67389664552346
7.55767646484305	7.56772703412311	7.53755244124484
4.13770616116884	3.89696054165126	4.19641541615739
8.8157332084781	8.7488559494552	8.79588494616018
5.87372932671427	5.97254601112459	5.61172951359525
8.63631521926421	8.57636823005834	8.5939848339936
4.09601838615829	4.44712811577969	4.41462527337715
4.68445173184859	4.64922417750358	4.75613619413038
8.65483415117378	8.57181553860524	8.58087933896961
3.93665951655142	3.9899906135206	4.08655669940655
9.03675331822578	8.98221616592184	9.11071372945756
4.82659126472787	4.93950372747437	4.68310470464118
3.94949413467019	4.06443089745858	4.08664955750371
9.39877513213374	9.45202961126475	9.40513578626875
4.89304787909414	5.15554658348735	4.99931120694661
9.41066636222551	9.47950998403036	9.4224291869011
4.5442260492085	4.80329615258998	4.35376431430173
8.91927349205536	8.84425252427812	8.9355962300505
7.91453783796491	7.78775534141204	7.80227121248935
5.81920773905946	5.76115288738915	5.56148805079316
3.82489842591093	3.98909449122242	4.02166387190755
8.32743374278317	8.28470250270311	8.25166113850739
6.48073484892993	6.46199547520217	6.49859457902256
6.15504885799998	6.21121397085078	6.19023295928606
8.75528348484897	8.75874151531786	8.71218732233907
4.59685056061153	4.65678360097142	4.38492832829169
9.36855701532348	9.32685490351208	9.35492235104189
4.78981770114211	4.84113893211606	4.82670865411186
3.70753851837871	3.58573022176489	3.88220350334009
5.19972843837408	5.21103693409157	5.03336293992161
4.52930736629155	4.51394181104033	4.27758561522569
4.7683082084605	4.82345172246444	4.73237991962697
6.1741315797597	6.27666599569732	6.21695631692418
9.34605400717736	9.43844943982567	9.04946234042654
8.93660551703724	8.90428177034273	8.94969803734061
4.64930916184225	4.95532715388781	4.85677167774574
9.16865308229462	9.17835575663506	9.20474940549266
3.80858355189261	3.95933603302761	4.2536756007364
6.91701026568766	6.91446695952721	6.88954151767368
4.17983606369669	4.23128682090795	4.37348180947244
5.23214950812018	5.06601302537189	5.23603441095136
4.4026317278152	4.23104012686007	4.09997026850301
4.67088290295132	4.42847157178106	4.64811365041364
6.8969106471385	6.95686106372931	6.88223089563831
6.14779590418721	6.42237464092217	6.26888424738705
9.39757884694568	9.44461745066946	9.40608673525773
4.48163393579484	4.48308665491382	4.63930173969836
7.75220399565962	7.68263400119315	7.71497928289068
9.68064894416657	9.7042790483163	9.67764969902274
9.10977938573395	9.07305312433126	9.07323021098299
8.75202523594112	8.6751616530816	8.77054352973149
9.21400117793491	9.19303848063978	9.23966236362261
3.46684872181086	3.77130980408964	3.55630590262989
9.33989064480672	9.20270895086852	9.3085283170069
9.59279210457336	9.55175683455008	9.56601521090877
8.56346193294673	8.54428362277626	8.56382960741964
8.97025360558081	8.97316501101065	9.01574724981328
4.76104003413853	4.72556294894036	4.79574064311628
4.65891817454108	4.86548969571702	4.74037043660889
8.78191970486583	8.62776612539567	8.73325097116444
9.65871174109735	9.55603901201747	9.61697869297772
9.33129294221669	9.30609559033999	9.33127864809267
6.0915050002927	5.98643645202879	5.91525435969066
5.79525986724976	5.87570760266513	5.83296367091129
9.63120041302646	9.63502092818686	9.62640339354803
4.94156567399553	4.90141401761244	5.06495400934944
4.79652605973115	4.85846283216931	4.90086712774088
4.38764027505017	4.40411101224646	4.60404462125095
7.32151113264012	7.32595590793335	7.41664672206885
9.3548123855191	9.30870530828272	9.36088331346748
4.69267419712997	4.65873135848252	4.70745615693169
3.97676838532085	3.94379269549062	4.11166789790247
4.15869454950022	4.26823382129144	4.11223025919767
8.87726272557609	8.93052876057473	8.9002111604004
8.30921041282198	8.35074155543542	8.30753931058635
4.95535004253475	4.8513461465915	5.0322653557861
8.9889751193548	9.00948959507997	9.06487815000429
5.74385232976833	5.89602319549133	5.75470710315869
5.8895802788129	5.89306283422931	5.90014823944439
9.11458737204217	9.13616346339193	9.15925879354948
4.66978485149966	4.48443362848235	4.73981978404068
4.21371239845977	4.16544231957352	4.41442272887155
8.46648120016136	8.44050614486299	8.44354526980753
9.36209892570425	9.27490492403092	9.32887556715368
8.61451234694654	8.7330056592348	8.60566700097078
8.83526553248455	8.90556462784332	8.8659779105225
6.12695662817346	6.10032471532209	6.23387202956411
8.1880657998003	8.17223226379622	8.12249338247273
8.74178607717115	8.77460310729847	8.78132470434015
8.9532636178542	8.88875395779344	8.90583181948521
6.25921113738681	6.16369857519265	6.08228828287987
9.64575234595842	9.64536463692601	9.55091196370051
4.33652597383291	4.665751303859	4.50338928035756
5.94505627633964	5.96276900357675	6.03558341183028
13.4818702623447	13.4370332220739	13.4953344151144
12.9684034093918	12.9784259470895	12.977575601696
4.81569697899316	4.62907646475907	4.50401158205444
5.21549989199802	5.14416311875683	5.20718733297315
8.86784203523684	8.93562997169479	8.88070877736726
4.81496827445524	4.45222560438815	4.77978963043503
4.49424644423894	4.34458588014342	4.32109611961128
4.06745933044584	3.94324036051212	3.91178174125977
3.47681386901558	2.89915448874288	3.27416419456202
8.64939082074563	8.69218200242889	8.70066237486068
6.46146045663061	6.48873574235212	6.25837189903274
7.32065041941833	7.09889438251719	7.21332853265956
8.46194331776292	8.38672071645651	8.46344922351901
4.36816248026998	4.45999570848195	4.51263191033102
4.53729582792227	4.28503868795031	4.62170217642995
9.26554122987814	9.23354710863658	9.30351110573731
4.20799602821744	3.92838856870095	3.9680091201329
3.84173350733603	3.77542999702207	3.9536550122687
8.84312371146331	8.83849385426883	8.86863969465958
4.50041112946435	4.55684140513255	4.49392896221669
4.79191160360908	4.68781722207705	4.69103745511576
9.19584802890583	9.0804948544064	9.16894990272966
4.53485683467176	4.55784254596162	4.6736749418365
8.02156687848919	7.9513593798463	8.02917496628089
5.50294387549914	5.51197936250359	5.37951694856293
9.50545364737441	9.43711235491238	9.46917852057521
4.53617581134174	4.38194250947621	4.6734326799303
8.94596945573942	8.93349845213587	8.87765588701713
3.89334722914319	4.12174183355438	4.23119793348319
7.90938607463102	7.95317201852912	7.94171413790064
5.27810653672472	4.85251904782643	4.96528742800454
4.41853195012757	4.32070071307262	4.4547232034314
9.55337992927728	9.61742087916561	9.64198315185692
6.45153923811515	6.4728184936316	6.43207895362781
3.33916165233701	3.1340621926226	2.97963116756359
8.91304675083985	8.87359888520255	8.90842276008078
5.8070863552391	5.71609989320375	5.82880987905774
7.29005125962322	7.2817526686738	7.21950834722534
8.82339226449107	8.95423282106503	8.90104587157144
8.80951102114743	8.77730470747522	8.82680888999585
9.25535857219044	9.26817870897166	9.22386761345574
9.72328393742796	9.64175119283717	9.67677858016714
9.03444570123471	9.02137866864271	9.04849382334922
9.01562540457284	9.10547372310558	9.04785699207616
8.45395909854736	8.4362162748367	8.48515412596201
8.38728577932525	8.46175995295079	8.44151538960602
9.13543249600318	9.16486526217925	9.12978901228153
4.4580868509874	4.17995431033129	4.38411753169585
7.86883342084241	7.92582700898344	7.92997459727589
4.60477260868801	4.60823747831651	4.50368109183919
6.71262405991053	6.79735487245306	6.69783437996636
6.66610028772962	6.65731848305205	6.80451288087895
7.84200541445817	7.95605146773279	7.90827514064339
6.77405256890225	6.82805551507095	6.91613668458741
5.51559780124867	5.58057995259345	5.41566106848804
9.06926772269401	9.09547332147094	9.04923708069308
9.60344978950003	9.56671487052278	9.57887614094181
8.83830202430052	8.85253493984564	8.82661693702034
4.08035394830067	3.91121595538124	3.86821346450735
4.73007004731635	4.72573498767883	4.8639700503384
5.88642118521322	5.95359569008844	5.79869658679816
4.24635586428696	4.28227622790763	4.3314472989107
9.16678591999158	9.09201351564806	9.11819740868747
4.80477460890417	4.78919930130912	4.84178165326358
5.07447080245901	4.98901118688761	4.97893379480285
4.04113405302457	4.1208804667072	3.91194273607891
5.0741466777888	4.88584275257062	5.12827962863233
8.78239712042227	8.72282952836703	8.72313652119196
5.46607773573879	5.52297039016051	5.47505265179319
6.33196176289757	6.15467249408501	6.33749695317948
3.22020223582175	3.60276452705591	3.82226625743806
8.13924429614484	7.94545584737152	8.04688400972282
3.39494721106699	3.29247682373385	3.40177715325075
5.20402567160601	5.08813167106855	5.3357584036267
9.36924757741834	9.42558181734076	9.34812730467736
8.74880286359759	8.8333245762376	8.75424585999052
4.6878510798621	4.47234246745334	4.47480889846785
4.61359070880875	4.38230485438899	4.67354060952483
9.08345732677168	9.13409900421286	9.12084824406196
8.04368911209782	8.04645384387269	8.11248037644349
5.10659999844998	5.23789449554374	5.2645293943567
9.29271713808298	9.28584331024635	9.29569786038564
9.73150501935337	9.74188927463968	9.71737461225751
4.5445707619488	4.59796916002646	4.51305675921756
4.59607901606993	4.50525627050249	4.63949131660131
5.31983817236093	5.19953465131338	5.30920043909551
4.11893831842358	4.37964436157805	4.60366289513351
8.64634676389368	8.52821103531379	8.57787104305189
7.95774799759936	7.96516414024602	7.91847941396122
8.05956407999207	8.06228572031946	8.05274005209194
7.76500647317287	7.77520567047746	7.85211045363344
4.74568550191125	4.70712188121581	4.84156293741936
7.8833368654721	7.89806305828046	7.95222002728271
5.47197996329466	5.47336552798658	5.32099140489835
4.65268232389868	4.65846838681976	4.69079003133208
4.77077476423988	4.6584090986496	4.55992378471529
4.37275542101771	4.19194842622785	4.18523691011335
4.37831584648845	4.34533224072045	4.59506501248135
9.12822025656441	9.10832230912473	9.10056077630068
4.49992944851733	4.41654009729422	4.69855619107429
4.54225703954769	4.65829519955547	4.76390162296436
5.31012610520124	5.20580094898524	5.23072494987751
6.09355231046161	6.06636418574724	5.99586481893319
8.92303076947701	8.88662630938964	8.9624683689019
3.79843035468707	3.60702079970398	4.03445004273857
9.19858593241154	9.05139081077613	9.20220724918189
9.44107238805828	9.45312890451994	9.49223416408101
4.07330128780056	4.26918921325869	4.39403499402592
9.3425387848605	9.343290493351	9.3756575087185
