k4_temp20_1	k4_temp20_2	k4_temp20_3
4.74215900771978	4.31142239935093	4.56039955054941
8.67709214585787	8.67752416970589	8.71399968144484
8.60392296552766	8.50737869068374	8.63707986746128
9.24584351765841	9.27962934627987	9.28383368753214
4.45102406637802	4.5355457087665	4.6744713172582
9.58388697359879	9.6147426884441	9.59563367062239
8.8300525684959	8.78838128038091	8.85606678390102
4.50381148073746	4.50406747729333	4.42654380381462
8.56097635587427	8.60766385057464	8.56495783251171
4.65148864877971	4.68339117673789	4.49502354169738
4.8480276428266	4.77415664066107	4.69956229822104
4.23904826098691	4.46099875540144	4.41649013915069
8.60794722208646	8.57962527562378	8.61252044070073
7.1821533259839	6.98075412602871	7.11459979749987
9.44990352648411	9.41836466437021	9.46485316071209
4.79958728776885	4.93230447432703	4.85653164455943
4.88165842070788	4.86781574787532	4.84907583964039
6.88165842070788	6.9362408888862	7.00145263987186
9.24842379116695	9.31935658089315	9.23354087022339
4.85481680848924	4.76533279027406	4.74847189870198
7.34290209113152	7.50141302384735	7.37296276360977
4.71256422553148	4.84286939074509	4.7323522333387
4.57131830009573	4.66453214948657	4.79577761348034
5.36328117173635	5.13770382475017	5.1331357489373
7.95062239524024	8.00531927162525	7.95097668959376
5.69375437575673	5.78729204285021	5.65749823865449
5.08589147292549	5.08194055322816	5.18735613993519
4.3868937289583	4.32349523165151	4.30101292173076
4.2596585406622	4.34734197360587	4.29004180390976
8.51724699449901	8.4180128304358	8.49263299427239
7.82919100081375	7.85851134058523	7.86117203145134
8.58465293859734	8.57331978026769	8.59145073049031
8.96794754389412	8.95527858912566	9.01484201709903
5.73113198557076	5.84705718770852	5.8226728405434
4.88165842070788	4.95576344715102	4.98453925693551
9.25517513404122	9.35140122822139	9.28659614896189
4.43299014354776	4.72948759132735	4.70782991420463
4.74946380834302	4.48269382650076	4.7160504210096
7.93948797912801	7.99025182353631	7.96914580281213
8.04269159097707	8.04959983318595	8.15295120628225
4.10879187503557	4.34734197360587	4.50454631581589
4.51242461104216	4.54588765298796	4.64893622515106
6.28501411493909	6.14111848916294	6.19913330771155
4.64366914432042	4.87603625468028	4.89324342291595
8.75082935036724	8.76422600461112	8.76787729787457
4.31977953309977	4.33546787331758	4.69956229822104
4.3868937289583	4.26209468698736	4.42654380381462
4.81359414576273	4.72948759132735	4.93609890187775
5.14247500129186	5.38238892070507	5.27898661540076
9.17742206604611	9.15089086813933	9.23604399770378
3.7783186710152	3.72038538422009	3.79577761348034
8.86746101774147	8.83498435540794	8.89460210615016
8.17267523906756	8.05684957226533	8.19104684299911
4.95299720242815	4.97119348772063	4.84907583964039
7.96638109961331	7.90845773237266	8.01983116918671
4.72002003045053	4.81748407232517	4.88597542245191
5.30001627827834	5.20450719543442	5.44149414528059
4.40550940712565	4.45002763758044	4.57854689725967
4.82054690640449	4.72038538422009	4.75646468945551
8.55055973992894	8.61566345969601	8.61691722899035
8.89283413750325	8.84444123950151	8.96052237581697
4.14247500129186	4.24949465020773	4.12698352195571
8.94267801921357	8.95382303658159	8.95619125565958
4.55473541590013	4.66453214948657	4.68288355707441
4.88829151304033	5.03865645549936	5.23961237706661
8.248746001116	8.25816898377356	8.25591418939572
4.7783186710152	4.76533279027406	4.7242243524553
9.23352379974935	9.12266890337796	9.20608078173246
9.79606422120515	9.73571221186797	9.80061725250685
9.06298818542244	9.01976731557737	9.09936198310396
8.97107533924584	8.83392975372291	8.9294860788061
4.2799785250418	4.34734197360587	4.36514325915048
9.1655255852942	9.08016274026026	9.09345816212102
2.64366914432042	2.97119348772063	2.01150630453577
4.86157417466455	4.99403346407874	5.12080494702659
7.55160479252146	7.42503325811357	7.44520764807966
4.47765919288149	4.57647597282138	4.85653164455943
5.22863164504157	5.13085015370911	5.18143130597809
9.17437232788917	9.23158757246978	9.16426060603783
5.28501411493909	5.39388455954291	5.49023847913201
7.65635440395153	7.6125919340715	7.6849789750766
9.65878114134607	9.61166919976381	9.6373504150553
8.87916312742357	8.82811562405506	8.85653164455943
4.71256422553148	4.71122538493461	4.63165823371923
4.86830003785286	4.81748407232517	4.90767049355124
9.4440063706607	9.45929000826234	9.36056223226386
4.39623159353764	4.27458563117056	4.55123955126393
9.00923084455764	9.02347247341714	8.97129362968031
5.79606422120515	5.67869948141317	5.83026598986563
9.52338556373446	9.57836637934766	9.50898857029833
9.49623257753958	9.48840215832719	9.47366771592865
5.76756561471832	5.55615598844178	5.77231864065635
4.72743750201302	4.72948759132735	4.78800026288862
7.48095427244307	7.30077515515143	7.40255094819282
9.43299014354776	9.33323055825422	9.40382372731453
4.01492495157135	4.08902997801448	4.07679776478749
6.90310539718382	6.97502534931166	6.97942633354186
5.65926599937143	5.73853273093035	5.79965062262754
8.82098034340367	8.77635419636532	8.72014317564349
4.29003218970571	4.11704435418408	4.10210885331668
4.45102406637802	4.72948759132735	4.55123955126393
8.74946380834301	8.69911394228382	8.82076829235804
8.11658067699663	8.11009159354231	8.19104684299911
4.65148864877971	4.51463671900351	5.00481165196177
7.43185550326836	7.34881938801138	7.54548487653813
3.68996279659435	3.92439927624169	4.06397372442991
9.096313278412	9.02947313333403	9.11148718563254
4.5795388069007	4.73853273093035	4.764413442571
6.06262169360264	6.02762943335034	6.01484201709903
9.1992585936853	9.13941216721253	9.15748561035305
7.66507162105264	7.57899596479989	7.64678775857249
9.24131690467269	9.21992855508448	9.26259415887269
4.10879187503557	4.29924768540483	4.05103466872241
7.85735453129114	7.86161948191141	7.84252025206308
8.51081356113618	8.5516725818208	8.59980451782019
9.45186390051887	9.52284039765873	9.42967126014642
5.1201071882634	5.07481611879478	5.07679776478749
9.65975069450144	9.56857250701118	9.61444568458308
4.21813927122393	4.45002763758044	4.50454631581589
4.73481703237861	4.97119348772063	4.764413442571
5.19156955082003	5.26835367745904	5.21081511275918
8.60493008252555	8.67987383641565	8.6828835570744
9.02474180993155	8.94993436834882	8.99005788527174
4.86157417466455	4.84286939074509	4.99808578877345
4.66700164815104	4.19796434956765	4.764413442571
4.10879187503557	4.43897244907144	4.35465088533283
4.30001627827834	4.5355457087665	4.80351326225994
8.50489093835676	8.41660463604299	8.48423474578653
10.0141670345374	10.0582048518773	10.0437051269239
4.22863164504157	4.13085015370911	4.3961701547711
9.40608729419162	9.44243630437501	9.45843641904023
9.52976330132325	9.5027408610703	9.52457588677514
8.8339232684979	8.83023256506716	8.8827841222768
9.30684047739227	9.25265499110106	9.30782774328707
9.57877012113122	9.42398236936426	9.52545317171607
4.26985430776809	4.54588765298796	4.60534695660339
3.83435270592952	4.15807162244414	4.44644336125232
9.16689015861975	9.2102079453224	9.19803327331521
8.65635440395153	8.70777533536485	8.66122820021002
8.59786545470729	8.59526948704946	8.63437159739453
8.89859504948578	8.96349909593062	8.93477875991506
8.32223101209386	8.28001659498462	8.35267504155325
8.60392296552766	8.64301682883177	8.52808183027668
8.92987531697382	8.83076131531713	8.88460858668801
5.89818431779876	6.0313144801582	5.95358632860659
9.34410886246151	9.34512301130088	9.37036096842149
4.23904826098691	4.39388455954291	4.30101292173076
9.15696763493645	9.1157432613189	9.12466965611747
7.7783186710152	7.78183348529453	7.81312485704423
4.29003218970571	4.38238892070507	4.19913330771154
4.31977953309977	4.27458563117056	4.16350939798082
4.34892587875929	4.51463671900351	4.29004180390976
4.71256422553148	4.95576344715102	4.87132864648751
4.7925325302349	4.61627698087935	4.93609890187775
8.8493030473955	8.85071156465294	8.82172088073262
9.2972152299671	9.27652760890475	9.30476505659187
8.37336376804456	8.38886648477628	8.40636592187699
7.01643959217335	7.11183292753874	7.18587721100928
8.26667586400419	8.25107568602721	8.23031616867766
7.86410004932358	7.98075412602872	7.87224843934041
9.52896762428816	9.54556558689869	9.56068486549959
8.04566162813696	7.97789258120782	7.99555548404844
8.05600887053099	7.98456071145845	8.03058217080586
6.16450130762186	6.28696935562639	6.18143130597809
8.42844621840281	8.53424773743208	8.55982875131708
8.36862779320183	8.31369376435575	8.46485316071209
5.33442630906417	5.18478896081991	5.43652789238724
6.12292220387046	5.97119348772062	6.13926185173415
8.05306008045812	7.9362408888862	8.01733874983793
5.30001627827834	5.22395955810059	5.50454631581589
5.30498253117169	5.26209468698737	5.23389872587222
7.48095427244307	7.3620484724209	7.38074011420149
4.76396337803813	4.5355457087665	4.65749823865449
9.86955765383331	9.90595087676209	9.84814114894304
9.05637704586561	8.99733428764195	9.00271318607777
6.80835749739658	6.71581265443026	6.87500430463091
8.42160338324595	8.37443219687673	8.42654380381462
9.43128784831676	9.40564427300538	9.48814001324801
4.19692278531424	4.19796434956765	4.10210885331668
8.71396512712163	8.75867930404213	8.714512639687
8.75310238540636	8.83340216364905	8.71912107496957
3.7783186710152	3.79164406738991	3.81120765404994
8.66362240441557	8.66156302919412	8.65375860860791
8.39971776931589	8.32874549233871	8.4445893943565
8.66265545059862	8.63819175730779	8.66918864917751
8.20092471587173	8.11877732140854	8.20790351733928
6.33685304645871	6.43062510635792	6.42654380381462
5.891596657764	5.9362408888862	5.9742952254387
8.58158663554956	8.57773651902729	8.54548487653813
9.85587473553004	9.85851134058523	9.89550718462457
5.12573173745728	5.10310516322621	5.05751870229261
4.82054690640449	4.75645463892761	4.85653164455943
5.99047190784681	5.98646024437394	6.08316728966322
5.31977953309977	5.46099875540144	5.35465088533283
8.22011241268613	8.13770382475018	8.19913330771155
4.77115887944233	4.70200685490524	4.74043457963656
4.71256422553148	4.70200685490524	5.05751870229261
3.36803470170699	3.64542332653887	3.50454631581589
4.92746211032101	4.76533279027406	5.21081511275918
4.19692278531424	4.49342023309382	4.61417080699039
8.6655543699415	8.77085401798823	8.57798323441175
9.16176633990062	9.24275585084319	9.19325674137488
7.12292220387046	7.16982138522194	7.24103726117345
4.75673180880705	4.63577315650515	4.93609890187775
4.87499469042687	4.86781574787532	5.00481165196177
4.76396337803813	4.70200685490524	4.74043457963656
8.88622194585013	8.9253897981075	8.89867049530028
5.81010515968285	5.85123286367971	5.83404763040805
7.77653205154119	7.81320941722485	7.80254857145778
8.6109580650037	8.70027180353449	8.6670701538763
4.92100708818371	5.14452509060619	5.43652789238724
4.5958406192298	4.85954813189172	4.66600973851001
4.91452305461351	4.96349909593062	5.08316728966322
8.77429566132295	8.79868822618495	8.8226728405434
8.59127432198779	8.59028177234641	8.58079934899105
9.0412042763702	9.02532149006356	9.03674842199761
7.74124330153805	7.74191009113267	7.72524284529032
8.13621902648392	8.14452509060619	8.1254413571473
4.22863164504157	4.23678359845818	4.24530348914447
8.08949370960569	8.09784304782079	8.06074982355562
6.23645114950087	6.23997187608922	6.34408164362265
8.88331955507781	8.73796906808243	8.79771541772183
7.37158959888362	7.34734197360588	7.40636592187699
9.10808171255956	9.05141568621471	9.09148484073432
8.63334130206946	8.65441210976612	8.7109180959922
8.62839717440375	8.60086013144834	8.70215102140062
5.76035212448575	5.80892205882175	5.83026598986563
9.31578697375939	9.42503325811357	9.31427214233624
9.68877588164391	9.73232029406519	9.72269526376856
6.94188117023397	6.90845773237267	6.94486911150548
4.35851192758849	4.19796434956765	4.3961701547711
6.20491557606777	6.15807162244413	6.07998604241854
10.6945824570624	10.6674951717663	10.6861563116218
4.44203528315076	4.60642919492301	4.40636592187699
4.74946380834302	4.71122538493461	4.78800026288862
8.97886528819883	8.93918616729782	8.98241107386646
8.92504486031531	8.8973948371388	8.90497638438197
4.5463719429655	4.76533279027406	4.52340534306721
5.31977953309977	5.12396376812387	5.16350939798082
5.18619637872118	5.28079078069727	5.33343439942314
4.49514661961033	4.24949465020773	4.21081511275918
9.70624327974389	9.67958033727093	9.71374313391311
9.51215622762759	9.44312807856275	9.4875398905102
5.18080311995096	5.21750453596329	5.27342709005886
5.8480276428266	5.76533279027407	5.86764359967966
6.32223101209386	6.4582637876802	6.63599716944357
8.71955516979212	8.77635419636532	8.71143215088483
8.8131584836604	8.77580512117662	8.78507291313709
9.18147838092322	9.0243972779622	9.1091483117765
4.52098662454559	4.49342023309382	4.54202102123455
8.62542254439964	8.74584037777679	8.66812979038438
5.54217195443622	5.38814818999376	5.59646880525693
8.81490034326335	8.7553410186169	8.81456108915975
9.08877398145861	9.11530930281333	9.17920320508597
8.76891413798917	8.8105313116834	8.81886122659338
5.02699778387192	5.12396376812387	5.22816235632308
8.55577744919995	8.67163320586172	8.57459662477942
8.70083683986236	8.71122538493461	8.71297321748059
4.5379597031493	4.52512909282116	4.42654380381462
9.0111313784129	8.98930486253028	9.04452136176374
4.61995307534661	4.50406747729333	4.56950175765666
5.19156955082003	5.11704435418408	5.09582259046925
9.4141535015349	9.41906807493552	9.42309575318911
8.99432012309428	9.0563975293223	8.92594680676821
8.94387246805306	8.94896056133184	8.94792613256342
6.41012603519602	6.38238892070508	6.44891161684307
4.5795388069007	4.48269382650076	4.50454631581589
8.09021307887559	8.19550311205136	8.17622704097556
9.3074592614639	9.3380736965744	9.31088394199807
9.02624618445878	8.94896056133184	8.96570261492265
9.33290752269284	9.3144500920485	9.3464002907263
4.90146690178806	4.91645052312619	4.97086432003843
4.2596585406622	4.2110205023931	4.38590181931727
8.91045568501532	9.02300984874077	8.88643074675454
4.00275023762525	4.14452509060619	4.16350939798082
9.2890926292421	9.3328573348552	9.31359513855053
9.59254418831473	9.58903214468847	9.56182556138103
8.34048551595863	8.32499725681674	8.3553088990459
9.41472793715503	9.37805433044118	9.41743565204585
6.06262169360264	6.14111848916294	6.08950881653705
9.02097399624415	8.92736880396088	9.01317512489639
8.8377836113298	8.83340216364905	8.828845315166
4.81359414576273	4.71122538493461	4.86394911612192
8.76351246537908	8.70431701559244	8.75646468945551
7.96402823955244	7.86678488320774	7.91572276584597
13.0886614914943	13.0899413195585	13.078367875719
12.066282428987	12.1227768531734	12.053165456173
4.95931097636035	4.92439927624168	4.95010575987163
5.36803470170699	5.44451063261287	5.46607216800126
9.65270662693639	9.68163357850115	9.72524284529032
8.30993174714342	8.29004874855837	8.36579650572758
9.52631219368226	9.52022029243753	9.55782917367073
8.60493008252555	8.65261882794307	8.58529372970025
9.25453350848433	9.28504139190116	9.23889940693059
4.92100708818371	4.85123286367971	4.9148302851241
6.75491823843512	6.54330910888618	6.62075345738036
9.21682234275194	9.23678359845818	9.20206263875022
8.95497322662542	8.9802775958705	8.93565898876537
3.91452305461351	4.23678359845818	4.15143656568025
8.81967964155067	8.82811562405506	8.81886122659338
8.77205579898685	8.68046065563907	8.76292638347261
9.29783815529668	9.29158598369676	9.29210525366446
6.81881185503375	6.92241618996258	6.8731676461513
5.11446062512226	5.11704435418408	5.22240308703439
9.76463948288885	9.73542985644269	9.70318521143837
8.72002003045053	8.80677359224317	8.78994853467814
4.63580702654744	4.2110205023931	4.56950175765666
9.06298818542244	9.0043821523712	9.07958789282559
9.42787722015411	9.36898188801097	9.42309575318911
8.65343692056924	8.52185841574387	8.62785093074193
9.56071685501183	9.57647597282138	9.54951555778148
7.48970453454208	7.45277824859647	7.51518483626224
4.70506968898456	4.73853273093035	5.02480312714923
7.36209033795773	7.4417441983215	7.49979278584526
7.38689372895831	7.3429006308241	7.38074011420149
9.47600882659182	9.45209108733514	9.51164737219104
6.97029402590917	7.0349901383016	7.06236267452392
7.97107533924584	7.80677359224317	8.00061166343248
4.3868937289583	4.24949465020773	4.45629114720867
8.29128398591518	8.25580842413993	8.31866494009279
9.49161160030674	9.4285307023498	9.46180112860095
4.46883534249448	4.34734197360587	4.40636592187699
8.97146583729692	9.00578760308234	8.96699477357678
8.93908872769585	8.86781574787532	8.92373034444733
5.13691547594996	5.43341292372954	5.37555987509581
8.92705951647414	8.99214388287752	8.95792526433093
9.18316515188689	9.13727642286854	9.18661686498133
4.46883534249448	4.66453214948657	4.82647441070325
9.23059049807963	9.18933158528284	9.23961237706662
6.51671196944526	6.39674421368214	6.58079934899105
8.4549391163814	8.4144897638721	8.45322092889547
9.61621196760353	9.62025852157258	9.6349136582842
4.91452305461351	4.72948759132735	4.99808578877345
6.18888546624882	6.16479748563245	6.03140586197348
5.5958406192298	5.78729204285021	5.77625505521552
4.038970425538	3.75645463892761	4.13926185173415
5.10879187503557	5.01651747823012	5.10836784378836
7.32712150844094	7.2542325692144	7.32001388366082
9.4594004884435	9.31066448231701	9.41459725231774
7.11869761800873	7.08194055322817	7.29964608596685
8.55473541590013	8.57773651902729	8.53854882932775
7.69185983176695	7.83972054619009	7.69437087469591
8.44597476883882	8.63516787223326	8.47639235326518
8.40839653044437	8.47594909686741	8.3664494566511
5.8716512473525	5.9401665921	5.87132864648751
8.76576562067211	8.82705598754698	8.73437706881619
8.84760225728884	8.80838524205616	8.81742927110025
9.53082352186767	9.54685342009368	9.55123955126393
9.5390139195213	9.5615814600931	9.53128814444616
9.50462114966202	9.52382171163437	9.56268049180065
9.32223101209386	9.34104602838218	9.3513563074204
8.87708041442885	8.97645967755661	8.90182688514699
8.85819944788389	8.90595087676209	8.78018075842932
9.1600543484325	9.19837414790612	9.17249818120808
8.57389224375956	8.57647597282138	8.56552660643624
5.02097399624415	4.97119348772063	4.98453925693551
8.8166401023417	8.77580512117662	8.8335754670784
4.79958728776885	4.90042041330724	4.63165823371923
4.31977953309977	4.5355457087665	4.70782991420463
8.71443179218825	8.66571808875671	8.78165014749631
9.76891413798917	9.77057845786116	9.72905580242363
8.64268871951823	8.74303412316529	8.73690412330868
7.92181554717987	7.88115038637693	7.94923430406688
6.32467833251261	6.43062510635792	6.51871364774248
6.64170762798714	6.55103095626391	6.52340534306721
9.2959685718287	9.20858145694168	9.26959245074685
4.81359414576273	4.54588765298796	4.7242243524553
7.77205579898685	7.75756740029469	7.83781938429726
4.09738711176332	4.18478896081991	4.19913330771154
7.69564643509794	7.67281332457037	7.77330375168191
9.40232688393599	9.30382525151137	9.38815427104865
9.38337638863607	9.31066448231701	9.36970978581469
9.247134231268	9.3328573348552	9.30816764081271
7.37867322215333	7.26366198213432	7.3961701547711
8.84760225728884	8.82705598754698	8.90362744081395
8.94307627871669	8.85747380365386	8.90632406784372
4.89489424786458	4.73853273093035	4.78018075842932
9.13795952016937	9.04732679814683	9.0554955705056
8.83564025178999	8.82334111873471	8.81551778351901
4.72743750201302	4.64542332653887	4.55123955126393
8.63482124240189	8.58840692472597	8.62239443769857
4.60392296552766	4.70200685490524	4.69956229822104
4.17538962376459	4.33546787331758	4.26784605779556
4.98429333291768	5.19139169564416	5.22816235632308
4.98429333291768	4.91645052312619	5.01817003481678
8.85524007240335	8.7954413492536	8.79868334465575
8.88497877899949	8.96011985219515	8.89550718462457
6.05674512726597	5.81320941722485	6.01150630453578
8.43071996992293	8.46849329194836	8.49979278584525
9.60643944103207	9.68339117673789	9.62757859566969
4.95931097636035	5.09608473554843	4.94311932955552
4.8480276428266	4.87603625468028	4.53274320764655
4.88165842070788	4.9479860965593	4.79577761348034
4.5795388069007	4.37080094642986	4.33343439942314
8.81228676457594	8.8035448813673	8.82409960351535
9.68711255851044	9.67340302212238	9.6744713172582
5.20757002951374	5.34141713964877	5.43154448487298
4.66700164815104	4.63577315650515	4.66600973851001
8.77787222352877	8.81427926899126	8.84860856998743
7.64562799735848	7.58402278187472	7.58079934899104
9.45995719114803	9.4285307023498	9.38590181931727
5.86830003785287	5.66453214948657	5.80736558775555
5.29003218970572	5.3995982107373	5.43652789238724
4.45995719114803	4.43897244907144	4.3961701547711
5.82401076170807	5.80462192138812	5.90767049355123
8.73251498140207	8.65977861951594	8.7062833408485
8.50110929781433	8.53099769091029	8.57967356271395
8.51671196944526	8.59589174068899	8.63165823371923
9.89510009719659	9.88573765587258	9.89029521226463
4.09738711176332	4.40528932281516	4.33343439942314
5.16450130762186	5.34734197360587	5.49979278584526
4.45102406637802	4.35911914138223	4.47578732283447
5.21813927122393	5.15131425626883	5.43154448487298
4.05084452582629	3.97119348772063	3.94311932955552
4.43299014354776	4.61627698087935	4.34408164362265
9.23710086581039	9.20817454816987	9.2834880076357
9.22208285921264	9.16311895718145	9.19693239951827
4.5877127383464	4.50406747729333	4.57854689725967
7.2377502896525	7.08371617811802	7.29416575633449
8.00504083621317	7.90243394474489	8.07520097985316
7.10594912526675	7.12396376812387	7.20352507682871
9.70999236755361	9.68631575718577	9.63165823371923
9.7535565629769	9.73994092532316	9.73488283395402
8.59076606232396	8.64722556917285	8.65215293783461
5.07430349865028	5.06046082581771	4.9148302851241
8.88870507045778	8.87706053235262	8.91572276584597
6.69942312584342	6.74078518266173	6.71809824965846
5.22339499667543	5.26835367745904	5.37036096842149
6.90310539718382	6.80030892851704	6.89867049530028
8.49133931663303	8.46168168797793	8.54490814455327
8.99008652116337	9.05549301829525	8.94792613256342
9.38542921249827	9.39781512431468	9.46607216800126
5.25453350848433	5.23038582726002	5.32270799283008
8.86955765383332	8.89840406770874	8.80640347032017
9.12292220387046	9.05730147361308	9.14536205127057
6.33442630906417	6.25895497945679	6.52808183027668
9.29565673889959	9.21790882209201	9.26189245893624
7.03149917610687	6.9024339447449	7.08157754290083
8.84462104138335	8.77085401798823	8.80351326225994
8.21352475265136	8.06675884971808	8.24246073937564
5.54217195443622	5.70200685490524	5.69956229822104
3.94028615067859	4.01651747823012	4.22240308703439
9.54217195443622	9.50770939441949	9.58977415268292
8.43921476408839	8.50804002236659	8.50869284516849
7.75582530859445	7.54846159665178	7.63382933276085
7.69847987962421	7.55871169334554	7.71707469868194
8.4037743557549	8.3144500920485	8.38396834343142
9.88165842070788	9.83076131531713	9.85954959328754
8.68996279659435	8.73345181964546	8.7221852071817
6.56925583363885	6.66690305394932	6.63599716944357
9.35671938847915	9.42608338193105	9.36579650572758
8.97419636813398	8.91495524397259	9.03387411756423
8.15077432451035	8.28465548978815	8.10680564001808
4.80660771544662	4.97119348772063	4.99808578877345
5.46883534249448	5.38238892070507	5.53274320764654
9.79826714580616	9.88089510989375	9.75097440590515
9.61746008174045	9.58213977742091	9.617191583853
5.67852790153207	5.81748407232517	5.33876784372618
9.51724699449901	9.58056872745526	9.39264865175786
6.56719041447305	6.57899596479989	6.52340534306721
5.47325401376149	5.53034680209218	5.11459979749988
8.99085719160952	9.03499013830159	9.00732578859725
5.8480276428266	6.0127943921874	5.79577761348034
7.657325588802	7.74752151415761	7.61196989879712
6.93709081151878	6.8862464532825	6.97258079262745
9.14247500129186	9.22797932955293	9.18439676445465
6.48424184327146	6.59153031854367	6.35465088533283
9.19759054512291	9.30268222091608	8.89957302585264
8.10594912526674	8.17898667475338	7.73841823403805
6.80134560004121	6.95963645629823	6.62075345738036
9.05121402129275	9.17107463131861	8.89052221172083
4.86830003785286	4.5865296374853	4.75646468945551
6.79076343738185	6.99214388287751	6.71605042100961
5.67469603994104	5.69737540617359	5.67868356854512
7.19424865101591	7.3159615589661	7.13926185173414
7.19424865101591	7.207767524598	7.13926185173414
5.00885043716166	4.9479860965593	4.81120765404994
5.27997852504179	5.29312158260799	5.08950881653705
5.09165074221418	5.30534788494125	5.14536205127057
4.6279018284621	4.80030892851704	4.87132864648751
6.13969791662128	6.19796434956765	6.07679776478749
8.92464159125863	8.97741510477093	8.82219693915664
8.8724878348163	8.91744651559992	8.84580176941166
4.64366914432042	4.85954813189172	4.64893622515106
4.95931097636035	5.14452509060619	4.78018075842932
9.06262169360264	9.17023925489637	9.06959827362379
5.71256422553148	5.90845773237266	5.35990661078433
5.8377836113298	6.0313144801582	5.62294101661812
7.68425667824913	7.79814758722758	7.74345382393536
6.46440309617922	6.52774030627769	6.27620953073019
4.68996279659435	4.90042041330724	4.48543749286819
10.2150096010148	10.3388173538284	10.085945138214
5.14801318483329	5.14452509060619	5.11459979749988
9.80090622283639	9.91220986723377	9.79674684095441
6.68425667824913	6.88827985043503	6.59646880525693
7.94903701591489	8.07034541474956	7.88961399951527
6.16723110037743	6.16814869513209	5.9742952254387
6.41242882106544	6.44727177228993	6.49263299427239
6.62194437316571	6.72494366618239	6.71399968144483
6.1201071882634	6.13428105910938	5.85280855851672
6.91452305461351	7.0239349497926	6.73841823403805
6.27492529731551	6.3852714292382	6.3961701547711
9.51697950677396	9.62209245619355	9.44242341748076
5.59178240265545	5.66927006849324	5.59646880525693
5.99355130077878	6.19796434956765	5.95010575987163
4.92746211032101	5.06046082581771	4.84158130309346
5.34410886246151	5.66927006849324	5.38074011420149
7.58669352598265	7.68923442101936	7.49263299427239
6.49514661961033	6.51726697504819	6.44891161684307
5.64366914432042	5.86368786225264	5.45629114720867
4.5379597031493	4.76533279027406	4.7323522333387
5.58363156153459	5.5355457087665	5.49502354169739
8.96677287016314	9.00344442400481	8.85047674123053
7.14524675054191	7.29004874855837	7.03140586197348
9.33016967150363	9.40670859990049	9.24672276622981
6.66313900851864	6.87193185634755	6.49023847913201
4.90800974765484	5.0459612561226	4.7160504210096
5.07430349865028	5.08902997801449	5.24530348914447
4.14247500129186	4.42783189146624	4.21081511275918
7.8724878348163	7.90645259648228	7.79771541772183
7.51349764570739	7.62361895622052	7.40509538455059
4.48642940250922	5.03865645549936	4.50454631581589
8.77965718514327	8.92786313154526	8.6902042435228
4.80660771544662	4.82599557218069	4.79577761348034
4.82746632034429	4.92439927624168	4.87132864648751
4.61995307534661	4.85954813189172	4.74847189870198
9.23839942129039	9.36788935100996	9.11148718563254
3.51242461104216	3.43897244907145	3.32270799283008
5.74946380834301	5.74303412316529	5.90767049355123
5.95615754332147	6.05322925658664	5.9290441443438
8.84291471943295	8.93673218636784	8.62839544671023
5.47765919288149	5.55103095626392	5.3119012378735
9.55733908930288	9.60117008848914	9.52574548152172
8.59938221851361	8.74527956337093	8.39744857314531
5.09165074221418	5.2431531233339	4.764413442571
9.37955623454909	9.43550025716464	9.31933956953735
9.60543337750393	9.7066234829756	9.51724435844053
7.90882552095386	7.84077092486109	7.96828577593665
8.19825799599805	8.36861780093247	8.07998604241854
9.89510009719659	9.97215240769005	9.8274232400968
8.50327144889851	8.57521432425747	8.23389872587222
4.77115887944233	4.91645052312619	4.78018075842932
6.33442630906417	6.46099875540144	6.46363312254984
4.44203528315076	4.2869693556264	4.40636592187699
8.64023473858825	8.72209642815367	8.70318521143837
4.99662413482841	5.17149213820646	5.10836784378836
5.09738711176332	5.25580842413993	5.22816235632308
6.71443179218825	6.63092375684375	6.70163364824073
8.69659153506026	8.74191009113267	8.68759397496038
8.0292502356033	7.90042041330725	8.02645664600175
7.80748287170087	7.61872845987345	7.78507291313709
8.50381148073745	8.51595244644618	8.52574548152172
8.86578151226554	8.92885127887217	8.90227723478102
9.0710275402935	8.98693473707379	9.00774438573957
8.74353147813332	8.76754381758942	8.72829401676435
8.84248782342721	8.97215240769005	8.85513661298493
4.09738711176332	4.40528932281516	4.05103466872241
9.3432038786111	9.35140122822139	9.31359513855053
5.78899217252965	5.71581265443027	5.74445883619536
9.4610699525151	9.46509151003532	9.48993888510313
7.37749503095606	7.3995982107373	7.53854882932775
9.35761593643606	9.24632737112905	9.31359513855053
9.1655255852942	9.04094318135597	9.16012411279619
8.58209813884898	8.69969298906699	8.55009045121044
8.66217173054685	8.60704665482581	8.58248638294772
4.83435270592953	4.64542332653887	5.03140586197348
9.36951697353253	9.34104602838218	9.30408357569073
8.98777203664415	9.09079690418867	9.07039999358934
6.98584045911516	7.05322925658663	7.00648822976915
6.51456988287372	6.47730056773054	6.48783998308349
8.09093208962602	7.98740907376749	8.03140586197348
4.99047190784681	5.15807162244414	4.9290441443438
9.04751480121244	8.89789954067409	9.00648822976915
7.41816975598242	7.43062510635792	7.51518483626224
9.20292152593568	9.14622537959603	9.16950813860227
9.25164265693975	9.23917546699315	9.3061270534274
7.81272268995799	7.78729204285021	7.86394911612192
9.22667012870829	9.08593264043889	9.18957169456702
4.86157417466455	4.9479860965593	5.10836784378836
8.53954073896878	8.45894801583668	8.53738957250291
8.43695437186588	8.48269382650076	8.44087429777765
9.20856419174963	9.16773021941026	9.27029041643094
5.09165074221418	5.06765632722192	5.18143130597809
4.3868937289583	4.49342023309382	4.63165823371923
7.16313447185795	7.2431531233339	7.24103726117345
8.4984020441753	8.48336656842989	8.48843998102971
8.23450024313071	8.28696935562639	8.20279404309586
4.60392296552766	4.55615598844178	4.97086432003843
8.78810572393593	8.7123735704635	8.75945060643905
9.33988073915628	9.34549307544062	9.39521059700983
9.49568970075391	9.49675594565707	9.50187438267886
8.74307413305391	8.67693615460059	8.764413442571
9.50002700590994	9.49708909311055	9.4911368881123
8.6099551487027	8.627884583525	8.63599716944357
9.27966321632217	9.18478896081992	9.21553395846366
8.37040560616974	8.31973331285531	8.33476961010696
5.20225622961728	5.21750453596329	5.1331357489373
9.1600543484325	9.149196072008	9.10210885331668
5.5958406192298	5.5865296374853	5.50928423482255
9.10950168810814	9.13170864527916	9.12466965611747
8.44485029875782	8.49808807413666	8.49800616637124
8.61196028459308	8.54781854112926	8.64517430635487
5.5877127383464	5.64060631024109	5.55582682075958
8.6387603439368	8.63031643414866	8.71040385786846
7.0670134627198	7.02947313333403	7.18143130597809
6.77653205154118	6.82387240028772	6.87500430463091
9.04083220801459	8.97167302737633	9.03305183481704
4.61995307534661	4.73853273093035	4.54202102123455
8.41988759112194	8.47459635880216	8.44952802148432
5.42844621840281	5.17815586848747	5.44149414528059
7.45326253857402	7.38383089487898	7.42026847838813
8.7237335332496	8.66037366800484	8.74093822601657
8.91533515429208	9.01186211749202	8.94530622559484
9.53399951663605	9.4452014131101	9.48242874299585
9.4423170320123	9.43793166866736	9.41869537274662
8.0471443569837	7.9644631421014	7.96570261492265
6.86997661566024	6.50671705570728	6.82076829235803
8.42045974859162	8.5027408610703	8.51871364774248
6.05084452582629	6.25265499110106	6.08316728966322
4.52949812440111	4.66453214948657	4.45629114720867
4.82746632034429	4.80892205882175	4.80351326225994
8.16176633990062	8.16563601808319	8.17100393452775
4.48642940250922	4.72948759132735	4.68288355707441
8.6655543699415	8.606429194923	8.63545551558292
9.44062571289609	9.42503325811357	9.41048745759555
8.78987807678892	8.84757980863106	8.78067072109013
8.63629966614277	8.60271887558463	8.6596308259473
9.29034524060005	9.29733607118465	9.34175926407407
12.3756890589241	12.429272818217	12.3717437563206
6.99201242592259	7.00344442400481	6.96397793445319
7.49840204417529	7.4264332534111	7.52457588677514
9.16313447185795	9.16269901974845	9.20936004955879
9.21715168758636	9.1140066435457	9.19986619827386
7.85227461392679	7.84601137755697	7.87867062182868
9.46412562814473	9.45586643038404	9.50276557700817
5.07430349865028	4.74752151415761	4.9290441443438
4.84120637697059	5.01651747823012	5.20498603395698
5.5379597031493	5.51989244445501	5.58753568048692
7.4886136497711	7.4799997173315	7.49502354169738
5.7925325302349	5.66927006849324	5.64463608771744
8.08010912033148	8.16647406343983	8.15295120628225
8.7841099511499	8.79327269790065	8.7160504210096
7.657325588802	7.64782581675418	7.65000925981629
4.30993174714342	4.37080094642986	4.74043457963656
9.57851380149994	9.542340965438	9.60507033977943
5.80310177194509	5.81320941722485	5.9290441443438
5.37277262071365	5.47730056773054	5.57403141613717
9.7896566517189	9.80542917406659	9.79529275545497
4.70506968898456	4.81748407232517	4.9148302851241
5.07430349865028	5.26835367745904	5.36514325915048
9.66796569432182	9.6959250239856	9.72320514009155
4.81359414576273	4.97119348772063	4.92195471955748
8.66071959651293	8.64000305075462	8.73690412330868
4.7783186710152	4.78292685028881	4.99132842259814
9.41616302634219	9.47898812791932	9.47002684323064
6.05084452582629	6.28079078069727	6.18735613993519
8.65197596344096	8.6460243242734	8.64463608771744
8.589240208093	8.58339538676117	8.59424070436481
4.50381148073746	4.99403346407874	4.79577761348034
4.29003218970571	4.2869693556264	4.25661880237231
9.3883567602579	9.3083883392613	9.4019141373059
4.47765919288149	4.48269382650076	4.56039955054941
4.23904826098691	4.33546787331758	4.19913330771154
4.30001627827834	4.26209468698736	4.32270799283008
4.76396337803813	4.95576344715102	4.77231864065635
9.69446418882929	9.73514744574571	9.71809824965846
6.1116290343391	6.07124066457096	6.07039999358934
7.66120380361293	7.5277403062777	7.68078509119041
8.61546258049939	8.63031643414866	8.57006874333536
9.11198328726682	9.19632399118639	9.08237263525542
8.01946411118651	8.01930350106096	8.10758695335474
8.77563791141905	8.86523720377354	8.80592217088588
8.59076606232396	8.62422910426975	8.61581928750594
6.20757002951374	6.39674421368214	6.33610358619912
7.53479242407062	7.51726697504819	7.60424017094044
8.77384796696997	8.83181823480827	8.77478015812926
4.24939020520837	3.98646024437393	4.40636592187699
5.88829151304033	6.08194055322816	6.09896914578612
4.75673180880705	4.86781574787532	4.69124703000903
4.36803470170699	4.5355457087665	4.64893622515106
8.64268871951823	8.62483899438278	8.67024673139648
8.10879187503557	8.20450719543442	8.12157871751491
8.7190901592995	8.63335049423829	8.64517430635487
4.42388793644051	4.42783189146624	4.57854689725967
4.79958728776885	4.79164406738991	4.87867062182868
5.16450130762186	5.0459612561226	5.05103466872241
7.64464890329925	7.65858778573731	7.47457650023642
4.48642940250922	4.73853273093035	4.58753568048692
8.83649797776108	8.72892038273309	8.83876078403108
9.15111909570111	9.13085015370911	9.16426060603783
9.47021763161133	9.4358478526466	9.48212752260831
9.28218375863772	9.30496737721363	9.37782851878159
4.47765919288149	4.47188707154418	4.37555987509581
9.24939020520837	9.27536273597841	9.18254406734516
6.51027614446359	6.71810083102553	6.77428819050612
8.6244296365553	8.50207709522427	8.64517430635487
8.89571746902294	8.83919506993555	8.91572276584597
4.68996279659435	4.90845773237266	4.92195471955748
4.05084452582629	4.31142239935093	4.47578732283447
4.68234961248448	4.56635175554767	4.7242243524553
8.47104636980983	8.45415159000517	8.50810121299252
5.3868937289583	5.46645318549355	5.42152572904799
7.78810572393593	7.62361895622052	7.79674684095441
9.52098662454559	9.54169517534624	9.56524224750344
9.65246311355225	9.67487621232584	9.70370202858196
9.31609448629191	9.38994325684335	9.37718069881521
4.88829151304033	4.67399247873564	5.03797851589697
8.86997661566025	8.88421018612599	8.85187628382134
9.17640620281374	9.2069531327949	9.1616296647626
9.7476410727362	9.75756740029469	9.76168599560419
5.03299652449337	5.17815586848747	4.99132842259814
7.34169430952821	7.37660656811107	7.42654380381462
5.86157417466455	6.0313144801582	5.90047499214703
4.85481680848924	4.86781574787532	4.97086432003843
7.90474203382093	7.85954813189172	7.97515167844153
4.21813927122393	4.19796434956765	4.36514325915048
8.79032082500197	8.67517066993292	8.7464667628116
9.46023546196399	9.34771146907233	9.36840653817332
8.83906810024761	8.82811562405506	8.81599589289899
4.36803470170699	4.5355457087665	4.41649013915069
8.65002571638373	8.63516787223326	8.68759397496038
4.75673180880705	4.90042041330724	4.82647441070325
9.42417325139069	9.45071578213958	9.42058289378458
8.41012603519602	8.33695749145807	8.43652789238724
8.58209813884898	8.59651372605792	8.56609515621341
8.66313900851864	8.64722556917285	8.70886004280312
7.5305585397674	7.4853829140284	7.46241205176946
8.48588282358967	8.46168168797793	8.52808183027668
8.50381148073745	8.49141509720344	8.4321683530085
7.3453146252069	7.29618788565577	7.37944679717998
4.7925325302349	4.79164406738991	4.78018075842932
8.60694220982645	8.62178696227163	8.59200915706623
7.45772909025591	7.47459635880216	7.50217150862799
5.32467833251261	4.99403346407874	5.05751870229261
7.03449232041885	6.98456071145845	7.16050064810849
8.72789983018261	8.714667203762	8.74144169663445
9.56279155612924	9.58182570426393	9.54433118192176
9.50704743358772	9.46747359933372	9.50780530589664
4.17538962376459	4.51463671900351	4.31190123787349
8.27555791957554	8.3144500920485	8.29210525366446
4.69753601629915	4.63577315650515	4.83404763040806
8.98313189850029	8.98883114883668	9.05953900095757
9.77138316161004	9.75394778331704	9.80447730843072
8.81228676457594	8.68981744589732	8.86487362435021
4.09738711176332	4.06046082581771	4.33343439942314
9.73090135731659	9.74836134829846	9.76985291617836
4.22863164504157	4.31142239935093	4.56950175765666
8.38337638863607	8.40528932281515	8.3865457358827
8.82227987362895	8.7911007817345	8.85699635548015
5.01492495157135	5.00156713676414	4.89324342291595
5.2596585406622	5.48806699859961	5.22240308703439
8.86788058879019	8.87244554516939	8.8855199544005
9.05084452582629	9.06000991315866	9.0424799081319
3.6279018284621	3.80892205882175	3.69956229822103
7.59076606232395	7.5827677186891	7.66812979038438
5.91127007681842	6.06046082581771	5.83026598986563
4.35851192758849	4.29924768540483	4.47578732283447
5.09165074221418	5.28079078069727	5.03797851589697
9.33169134134293	9.34881938801137	9.27377518875542
7.0728484354499	6.86987527005361	7.14536205127057
9.62814952269241	9.63698296373822	9.62403355361913
4.68996279659435	4.59651372605792	4.63165823371923
8.94744989249752	8.84601137755697	8.90901566384998
7.5599380722448	7.56253678186351	7.57967356271395
4.48642940250922	4.35911914138223	4.38590181931727
8.22142634268668	8.23198793185653	8.22168155911693
8.37926195713024	8.35397845623514	8.39104512259323
7.48095427244307	7.43201968842968	7.4164901391507
5.30001627827834	5.13085015370911	5.28452479894219
8.57697492664375	8.53684251338495	8.64463608771744
8.87874682528798	8.76477950357854	8.87362703002427
6.19692278531424	6.04959983318595	6.11148718563254
8.52258636047837	8.49275216406549	8.50810121299252
4.05084452582629	4.33546787331758	3.99808578877346
5.07430349865028	5.05322925658664	5.00481165196177
6.14524675054191	6.30534788494125	6.25943381797936
8.55733908930288	8.48806699859961	8.48843998102971
9.0445485806026	9.04505017618017	9.0567097899973
8.4815027214293	8.3671605330905	8.50454631581589
6.49514661961033	6.55871169334554	6.42152572904799
7.5958406192298	7.47865077376348	7.6902042435228
4.65148864877971	4.92439927624168	4.97086432003843
9.73274535186818	9.75031906213696	9.6862870675054
7.51027614446359	7.5420181065263	7.53854882932775
4.68996279659435	4.9479860965593	4.87132864648751
9.61246113342328	9.63335049423829	9.64866784173649
8.72651240096119	8.79760674559391	8.72829401676435
9.08264175177468	9.1157432613189	9.1177057083677
4.33927570872557	4.47188707154418	4.48543749286819
8.14039268910805	8.1572286805324	8.13236815379236
8.87833040299013	8.82811562405506	8.86810474561323
9.26953677832015	9.20573068246822	9.23961237706662
8.79914737465646	8.8105313116834	8.8078464059706
7.37749503095606	7.33397671551983	7.40382372731453
9.30529235508373	9.3144500920485	9.35826625240307
4.23904826098691	4.18478896081991	4.52340534306721
9.70013015601728	9.65918332549433	9.71656265074724
4.16450130762186	4.49342023309382	3.88597542245192
4.90800974765484	4.98646024437394	4.98453925693551
5.16995573771397	5.06765632722192	5.15143656568025
10.0713919032304	10.1237480380239	10.0127581007452
9.26189502993441	9.21142660937421	9.298962182166
5.70882182384567	5.69737540617359	5.75646468945551
9.31116640279506	9.23078652023327	9.27690430321695
4.5877127383464	4.71122538493461	4.6744713172582
4.91452305461351	4.84286939074509	4.85653164455943
8.6923337010571	8.66571808875671	8.76540396443682
5.06262169360264	4.87603625468028	5.05103466872241
8.56615659497995	8.58527675417522	8.66600973851001
7.14939441523165	7.0349901383016	7.16950813860227
4.87499469042687	4.5865296374853	4.81886122659338
8.6451385333874	8.55103095626391	8.56779946242566
9.41874259499764	9.46372854815701	9.45322092889548
8.75264806481029	8.71294732073588	8.81551778351901
4.72743750201302	4.87603625468028	4.87867062182868
4.94028615067859	4.95576344715102	5.12080494702659
8.87791386046063	8.91943644010973	8.86163525028367
9.35462527400339	9.27691569096247	9.27725156403001
8.58363156153458	8.61136149046524	8.61691722899035
6.55055973992893	6.4799997173315	6.57403141613718
4.87499469042687	4.96349909593062	4.97771799107949
5.26985430776808	5.14452509060619	5.07679776478749
8.68568532504773	8.64181207298649	8.71399968144484
9.43412389216476	9.4779758287028	9.45629114720867
7.48205096199864	7.47324235115619	7.49502354169738
5.48642940250922	5.5865296374853	5.51400664506496
9.45884357083732	9.431322565903	9.42904631101779
5.16995573771397	5.21102050239309	5.43652789238724
4.24939020520837	4.34734197360587	4.58753568048692
5.45995719114803	5.48806699859961	5.43154448487298
7.43185550326836	7.49742216365131	7.45996680535206
4.45102406637802	4.39388455954291	4.56950175765666
7.70224916992218	7.67987383641565	7.76639380669924
4.79958728776885	4.90845773237266	4.52340534306721
5.32467833251261	5.22395955810059	5.20498603395698
5.23904826098691	5.27458563117056	5.25661880237231
5.5958406192298	5.61627698087935	5.76837145613968
8.57748806733594	8.52643529032178	8.57798323441175
3.88829151304033	4.32349523165151	4.24530348914447
7.88994503189284	7.78401938728982	7.80928789988658
7.91127007681842	7.88115038637693	7.93081107051799
9.2959685718287	9.3874295374056	9.33710325943987
4.33927570872557	4.26209468698736	4.19913330771154
4.64366914432042	4.42783189146624	4.52340534306721
9.39797573444025	9.36898188801097	9.37458650608944
4.51242461104216	4.5355457087665	4.60534695660339
8.47049393057625	8.47459635880216	8.54028596986381
8.2519641488722	8.2431531233339	8.25097223923116
8.82617145559837	8.85227489697954	8.81886122659338
4.61196028459308	4.88421018612599	4.81120765404994
5.40087795839401	5.29924768540483	5.19325674137488
8.04269159097707	7.98075412602872	8.05590042389423
7.6485612990282	7.55998785003281	7.55009045121044
7.66120380361293	7.5827677186891	7.56723158403184
5.891596657764	5.95188001266379	6.06074982355562
9.25741857896431	9.22838069136965	9.28175836465081
5.17538962376459	5.15131425626883	4.89324342291595
8.84845290297438	8.80999509348697	8.88141425823254
8.73343624263446	8.68046065563907	8.69280979785372
9.07757203506862	9.06136222855925	9.05630516370356
8.18686912065031	8.08282863884617	8.18735613993519
7.42160338324596	7.32048648177917	7.43528365337878
4.55473541590013	4.52512909282116	4.65749823865449
4.94028615067859	4.91645052312619	4.9148302851241
4.98429333291768	5.09608473554843	5.18735613993519
9.2984608117763	9.33248401487876	9.27794583499668
9.94168188920031	9.94163598116699	9.95010575987163
4.66700164815104	4.47188707154418	4.61417080699039
4.52949812440111	4.50406747729333	4.70782991420463
4.35851192758849	4.33546787331758	4.38590181931727
5.19156955082003	5.0459612561226	5.10836784378836
8.72326986779778	8.8291744828482	8.79286601806043
6.75491823843512	6.7542265380355	6.83404763040805
7.91614679709317	7.94603519018914	7.91661469480228
5.94665567555432	5.96349909593062	5.99132842259814
4.68996279659435	4.97119348772063	4.69124703000903
8.30125944512897	8.19550311205136	8.32001388366082
7.18619637872118	7.14792366706806	7.24103726117345
5.77115887944233	5.68806766394736	5.83404763040805
5.18619637872118	5.17815586848747	5.08950881653705
8.625918742183	8.57205536735512	8.60368645953818
4.78544310544858	4.80892205882175	4.7242243524553
8.7237335332496	8.77250627437141	8.70266820908886
5.31977953309977	5.42222918523687	5.42654380381462
9.12186721659062	9.14111848916294	9.11226596839957
4.37749503095605	4.34734197360587	4.74043457963656
9.51671196944526	9.5577538344805	9.55611304138167
5.11446062512226	5.0313144801582	5.1331357489373
7.63580702654745	7.47865077376348	7.61636836269463
8.57697492664375	8.59899898944752	8.61581928750594
4.96559723920778	4.73853273093035	4.93609890187775
7.9201981758884	7.82811562405506	7.89595951102454
6.16176633990062	6.19796434956765	6.25097223923116
4.73481703237861	4.81748407232517	5.05751870229261
8.54584761257961	8.56888947834957	8.60866222816774
7.46772855683153	7.49875367739686	7.46729014615793
8.64023473858825	8.53943263085065	8.61031701142034
5.80310177194509	5.93230447432703	5.57403141613717
8.57646160337169	8.49875367739686	8.53912810861314
8.32161853276355	8.18064685334958	8.248140648448
5.70506968898456	5.83445715092889	5.6828835570744
8.96716453435474	8.91196002827897	9.05346959763947
9.29097113867533	9.33397671551983	9.30374271448633
4.82746632034429	5.13770382475017	4.99808578877345
9.32803663377507	9.39316875945832	9.34507580585853
8.77965718514327	8.69272904131723	8.79286601806043
7.78810572393593	7.64181207298649	7.70163364824073
5.76756561471832	5.73401724980786	5.55582682075958
3.73481703237861	3.98646024437393	4.02480312714923
8.19156955082003	8.13256662629813	8.14460093543076
6.08589147292549	6.05684957226533	6.15748561035306
5.86157417466455	5.88421018612599	5.90407722882723
8.63334130206946	8.6345623339071	8.60313253553794
9.28249851702031	9.22717627078413	9.28694108501634
4.72002003045053	4.82599557218069	4.82647441070325
4.45102406637802	4.50406747729333	4.27898661540076
4.69753601629915	4.80892205882175	4.7323522333387
6.13133444368666	6.2431531233339	6.20790351733928
9.30188062707221	9.38563133819376	9.00774438573957
8.83992379128153	8.78946969615558	8.84720585228734
9.04380607155848	9.04368247656038	9.08792604617436
6.88165842070788	6.87603625468028	6.87500430463091
4.09738711176332	4.22395955810059	4.37555987509581
5.16995573771397	5.0459612561226	5.23389872587222
4.31977953309977	4.22395955810059	4.10210885331668
6.86157417466455	6.91844182094528	6.86764359967966
6.10594912526675	6.38814818999376	6.25943381797936
9.27555791957554	9.30876794590495	9.27273064059282
7.54217195443622	7.44451063261288	7.54317656398026
9.59938221851361	9.62209245619355	9.60091471028812
9.00732780373179	8.96253440512846	8.97942633354185
4.57131830009573	4.40528932281516	4.46607216800126
8.49623257753958	8.3995982107373	8.52574548152172
9.08408697607874	9.05458793982084	9.12351133004891
9.2641280575303	9.12396376812387	9.23961237706662
9.48150272142929	9.42957828441753	9.45567762602533
8.33077853204902	8.27069381591356	8.33009095634877
8.87332393744236	8.86781574787532	8.91616879925217
4.68996279659435	4.71122538493461	4.79577761348034
4.5877127383464	4.85123286367971	4.74043457963656
8.68520926662372	8.51331979053152	8.63599716944357
9.59051186532904	9.4853829140284	9.54865278787185
9.24034506560536	9.20409913573975	9.24139326241915
5.28501411493909	5.38814818999376	5.41143691142441
8.61246113342327	8.55487643621521	8.58809562423193
8.49785998328562	8.56698660486083	8.51930094473447
4.87499469042687	4.88421018612599	5.06397372442991
7.1767449033766	7.18147622677908	7.28314224489207
9.29534483855444	9.24036991583265	9.31054468390341
4.07430349865028	4.26209468698736	4.11459979749988
8.55317095338547	8.61872845987345	8.58079934899105
5.82054690640449	5.72494366618239	5.82647441070325
8.25067775106883	8.28542719081799	8.25943381797936
4.88829151304033	4.83445715092889	5.03140586197348
8.78943519265931	8.7997688966781	8.86117203145134
5.45102406637802	5.54072594787217	5.48543749286819
5.71256422553148	5.71581265443027	5.79965062262754
9.01606108107557	9.0239349497926	9.06074982355562
4.5958406192298	4.47188707154418	4.74043457963656
8.41587612268391	8.37370667760527	8.39680950556414
9.27871687647788	9.18520251823736	9.25556175381539
8.5463719429655	8.64482207833642	8.55181375825296
8.67565495991047	8.70777533536485	8.72014317564349
6.08300319360066	6.06765632722192	6.22528559556751
7.81446507548486	7.77085401798823	7.7584559872746
4.69753601629915	4.78292685028881	4.764413442571
8.65392357769677	8.65441210976612	8.69696892157287
8.72002003045053	8.62727597982861	8.65054547801272
4.68234961248448	4.70200685490524	4.75646468945551
6.21550421105596	6.13085015370911	6.07360242562769
9.54742003239837	9.53943263085065	9.45322092889548
5.89818431779876	5.93230447432703	6.0281082718729
13.4076031473248	13.4190021447622	13.4044795655508
12.9141422254687	12.9750851414679	12.909855758814
4.74215900771978	4.61627698087935	4.50454631581589
5.15353018980085	5.12396376812387	5.20498603395698
8.76891413798917	8.81481389750984	8.77379605506185
4.41472793715503	4.33546787331758	4.32270799283008
3.36803470170699	2.90845773237266	3.27898661540076
8.55941865008225	8.58025431205881	8.61362089463729
6.23904826098691	6.32649771981303	6.05428032822607
6.97964197464606	6.76311836920863	6.90767049355124
8.34712138191254	8.26131040045493	8.36579650572758
4.45995719114803	4.27458563117056	4.62294101661812
9.1760674227157	9.13042071627749	9.21698281125014
8.72836201024131	8.69853466299843	8.75546800890403
4.33927570872557	4.48269382650076	4.38590181931727
4.72002003045053	4.67399247873564	4.69124703000903
9.13238253311952	9.0141916756292	9.10758695335474
7.91857898936502	7.85019007719348	7.94399448580977
5.44653667538571	5.48806699859961	5.37555987509581
9.40926154198676	9.33211059827492	9.36056223226386
8.86367937719904	8.84966840116506	8.80688460924105
7.87666351078749	7.91146022053418	7.92106608692028
5.21286432918326	4.83445715092889	4.96397793445319
9.48314681851992	9.54974684844359	9.57572637819729
6.41242882106544	6.43619536440087	6.42152572904799
5.37277262071365	5.08902997801449	5.25661880237231
8.65635440395153	8.63335049423829	8.66229213465417
5.75673180880705	5.68806766394736	5.8226728405434
7.25581647436781	7.2431531233339	7.20206263875021
8.65002571638373	8.75366897472773	8.72880191856185
8.63728444095295	8.59340111419059	8.65643076169799
9.14212815790976	9.15173752018293	9.12119188414595
9.64072586881968	9.54781854112926	9.59172997079717
8.87874682528798	8.85383653708247	8.89867049530028
6.18619637872118	6.35618385035768	6.196198016687
8.63728444095295	8.70431701559244	8.67499852173726
8.375725938103	8.33918903875665	8.41270187866099
8.3179381862756	8.36934588322947	8.3664494566511
8.99124237250645	9.00906167331107	8.97985310326568
4.37749503095605	4.17149213820645	4.38590181931727
7.70694697622523	7.76090054395881	7.78604935651845
6.58567359307281	6.65977861951594	6.59646880525693
6.62988219259034	6.61872845987345	6.79189417899311
7.80310177194508	7.90945925621773	7.87775491564694
6.73849269052201	6.78946969615557	6.90227723478102
8.94347442830964	8.95673267462509	8.94748981166462
9.31947280512139	9.29235398746304	9.29210525366446
6.53584895655349	6.42783189146624	6.54202102123455
8.69659153506026	8.68514663634311	8.69228906330886
5.8377836113298	5.92439927624168	5.79189417899311
9.02097399624415	8.93131869018147	8.96354644198971
5.00885043716166	4.97119348772063	4.97771799107949
8.60392296552766	8.528392371844	8.51988800274497
4.74946380834302	4.76533279027406	4.78800026288862
5.92100708818371	5.7609005439588	5.89324342291595
8.02172834660952	7.80138838613634	7.92550378663855
5.14247500129186	5.06765632722192	5.33343439942314
9.27048915708125	9.33024206409209	9.24920314637811
8.63136568376567	8.69214719212971	8.62130065823687
4.61196028459308	4.46099875540144	4.47578732283447
9.00236811736321	9.04641658042522	9.03181753127029
7.95931097636035	7.95673267462509	8.03633815751571
4.7925325302349	5.03865645549936	5.1331357489373
9.20258891612651	9.18230512369409	9.20608078173246
9.63136568376567	9.63637818693586	9.61252044070072
4.46883534249448	4.5865296374853	4.51400664506496
4.52098662454559	4.49342023309382	4.64032309484636
5.2596585406622	5.17815586848747	5.30646735182287
8.48915919526479	8.37225454357136	8.42904631101779
7.92504486031531	7.92340807383863	7.89776739978354
8.02699778387192	8.01930350106096	8.03140586197348
7.48314681851992	7.4799997173315	7.57176836462861
4.67469603994104	4.69272904131723	4.84158130309346
7.70506968898456	7.70200685490523	7.7752719580457
5.2596585406622	5.30534788494125	5.09582259046925
4.69753601629915	4.64542332653887	4.56039955054941
4.29003218970571	4.18478896081991	4.18735613993519
4.30001627827834	4.33546787331758	4.59646880525693
9.06115479460398	9.02670669904265	9.0276955426351
4.46883534249448	4.64542332653887	4.764413442571
5.24939020520837	5.18478896081991	5.22816235632308
6.04788515034575	6.03499013830159	5.98793783339737
8.70975833477819	8.65799200004193	8.75596643524891
9.12678390357239	8.96975391164154	9.13006291488768
9.37631587679079	9.38491143047379	9.43528365337878
9.22503349207118	9.20858145694168	9.24672276622981
