k4_temp20_1	k4_temp20_2	k4_temp20_3
4.77850361753236	4.34776700916351	4.59674416036198
8.71343675567044	8.71386877951847	8.75034429125742
8.64026757534024	8.54372330049631	8.67342447727385
9.28218812747099	9.31597395609245	9.32017829734471
4.48736867619059	4.57189031857907	4.71081592707078
9.62023158341136	9.65108729825668	9.63197828043496
8.86639717830848	8.82472589019349	8.8924113937136
4.54015609055003	4.5404120871059	4.4628884136272
8.59732096568685	8.64400846038722	8.60130244232429
4.68783325859229	4.71973578655046	4.53136815150996
4.88437225263918	4.81050125047365	4.73590690803361
4.27539287079949	4.49734336521402	4.45283474896327
8.64429183189903	8.61596988543636	8.6488650505133
7.21849793579647	7.01709873584129	7.15094440731245
9.48624813629668	9.45470927418278	9.50119777052467
4.83593189758143	4.9686490841396	4.89287625437201
4.91800303052046	4.90416035768789	4.88542044945296
6.91800303052046	6.97258549869877	7.03779724968443
9.28476840097952	9.35570119070572	9.26988548003596
4.89116141830182	4.80167740008664	4.78481650851455
7.37924670094409	7.53775763365992	7.40930737342235
4.74890883534406	4.87921400055766	4.76869684315128
4.6076629099083	4.70087675929915	4.83212222329291
5.39962578154893	5.17404843456275	5.16948035874988
7.98696700505282	8.04166388143783	7.98732129940633
5.7300989855693	5.82363665266278	5.69384284846706
5.12223608273807	5.11828516304074	5.22370074974777
4.42323833877088	4.35983984146408	4.33735753154333
4.29600315047477	4.38368658341845	4.32638641372233
8.55359160431158	8.45435744024837	8.52897760408497
7.86553561062632	7.8948559503978	7.89751664126392
8.62099754840992	8.60966439008026	8.62779534030288
9.00429215370669	8.99162319893823	9.05118662691161
5.76747659538333	5.88340179752109	5.85901745035597
4.91800303052046	4.99210805696359	5.02088386674808
9.2915197438538	9.38774583803396	9.32294075877446
4.46933475336034	4.76583220113992	4.74417452401721
4.78580841815559	4.51903843631333	4.75239503082218
7.97583258894058	8.02659643334889	8.00549041262471
8.07903620078964	8.08594444299852	8.18929581609482
4.14513648484815	4.38368658341845	4.54089092562846
4.54876922085474	4.58223226280053	4.68528083496364
6.32135872475167	6.17746309897551	6.23547791752412
4.68001375413299	4.91238086449286	4.92958803272853
8.78717396017982	8.8005706144237	8.80422190768715
4.35612414291234	4.37181248313015	4.73590690803361
4.42323833877088	4.29843929679993	4.4628884136272
4.8499387555753	4.76583220113992	4.97244351169033
5.17881961110443	5.41873353051765	5.31533122521333
9.21376667585868	9.18723547795191	9.27238860751635
3.81466328082777	3.75672999403266	3.83212222329291
8.90380562755404	8.87132896522052	8.93094671596273
8.20901984888013	8.09319418207791	8.22739145281168
4.98934181224072	5.0075380975332	4.88542044945296
8.00272570942589	7.94480234218523	8.05617577899928
4.75636464026311	4.85382868213774	4.92232003226449
5.33636088809091	5.24085180524699	5.47783875509316
4.44185401693823	4.48637224739301	4.61489150707224
4.85689151621707	4.75672999403267	4.79280929926809
8.58690434974151	8.65200806950858	8.65326183880293
8.92917874731583	8.88078584931408	8.99686698562954
4.17881961110443	4.28583926002031	4.16332813176829
8.97902262902615	8.99016764639416	8.99253586547215
4.5910800257127	4.70087675929915	4.71922816688698
4.92463612285291	5.07500106531194	5.27595698687919
8.28509061092858	8.29451359358614	8.29225879920829
4.81466328082777	4.80167740008664	4.76056896226788
9.26986840956192	9.15901351319053	9.24242539154503
9.83240883101773	9.77205682168055	9.83696186231942
9.09933279523502	9.05611192538994	9.13570659291654
9.00741994905842	8.87027436353548	8.96583068861867
4.31632313485437	4.38368658341845	4.40148786896305
9.20187019510677	9.11650735007284	9.1298027719336
2.68001375413299	3.0075380975332	2.04785091434835
4.89791878447712	5.03037807389131	5.15714955683916
7.58794940233403	7.46137786792614	7.48155225789223
4.51400380269406	4.61282058263395	4.89287625437201
5.26497625485415	5.16719476352169	5.21777591579066
9.21071693770174	9.26793218228235	9.20060521585041
5.32135872475167	5.43022916935548	5.52658308894458
7.69269901376411	7.64893654388407	7.72132358488917
9.69512575115865	9.64801380957638	9.67369502486787
8.91550773723615	8.86446023386763	8.89287625437201
4.74890883534406	4.74756999474719	4.66800284353181
4.90464464766544	4.85382868213774	4.94401510336381
9.48035098047327	9.49563461807491	9.39690684207644
4.43257620335022	4.31093024098313	4.58758416107651
9.04557545437022	9.05981708322971	9.00763823949288
5.83240883101773	5.71504409122574	5.8666105996782
9.55973017354703	9.61471098916024	9.54533318011091
9.53257718735215	9.52474676813977	9.51001232574122
5.8039102245309	5.59250059825435	5.80866325046892
4.76378211182559	4.76583220113992	4.82434487270119
7.51729888225564	7.337119764964	7.4388955580054
9.46933475336033	9.3695751680668	9.44016833712711
4.05126956138392	4.12537458782706	4.11314237460007
6.93945000699639	7.01136995912423	7.01577094335443
5.69561060918401	5.77487734074293	5.83599523244012
8.85732495321624	8.81269880617789	8.75648778545606
4.32637679951829	4.15338896399666	4.13845346312925
4.48736867619059	4.76583220113992	4.58758416107651
8.78580841815559	8.7354585520964	8.85711290217061
8.15292528680921	8.14643620335489	8.22739145281168
4.68783325859229	4.55098132881609	5.04115626177434
7.46820011308094	7.38516399782395	7.5818294863507
3.72630740640693	3.96074388605426	4.10031833424248
9.13265788822458	9.0658177431466	9.14783179544512
4.61588341671327	4.77487734074292	4.80075805238358
6.09896630341522	6.06397404316291	6.05118662691161
9.23560320349787	9.17575677702511	9.19383022016563
7.70141623086521	7.61534057461246	7.68313236838506
9.27766151448526	9.25627316489705	9.29893876868526
4.14513648484815	4.3355922952174	4.08737927853499
7.89369914110372	7.89796409172399	7.87886486187565
8.54715817094875	8.58801719163338	8.63614912763276
9.48820851033145	9.55918500747131	9.46601586995899
5.15645179807598	5.11116072860736	5.11314237460007
9.69609530431402	9.60491711682375	9.65079029439566
4.2544838810365	4.48637224739301	4.54089092562846
4.77116164219119	5.0075380975332	4.80075805238358
5.2279141606326	5.30469828727162	5.24715972257176
8.64127469233813	8.71621844622823	8.71922816688698
9.06108641974413	8.9862789781614	9.02640249508431
4.89791878447712	4.87921400055766	5.03443039858603
4.70334625796362	4.23430895938022	4.80075805238358
4.14513648484815	4.47531705888402	4.39099549514541
4.33636088809091	4.57189031857907	4.83985787207252
8.54123554816933	8.45294924585556	8.5205793555991
10.05051164435	10.0945494616899	10.0800497367365
4.26497625485415	4.16719476352168	4.43251476458367
9.44243190400419	9.47878091418759	9.4947810288528
9.56610791113583	9.53908547088287	9.56092049658772
8.87026787831048	8.86657717487973	8.91912873208938
9.34318508720485	9.28899960091363	9.34417235309964
9.6151147309438	9.46032697917683	9.56179778152864
4.30619891758066	4.58223226280053	4.64169156641596
3.8706973157421	4.19441623225671	4.4827879710649
9.20323476843233	9.24655255513497	9.23437788312779
8.69269901376411	8.74411994517742	8.69757281002259
8.63421006451987	8.63161409686203	8.6707162072071
8.93493965929835	8.9998437057432	8.97112336972764
8.35857562190644	8.3163612047972	8.38901965136582
8.64026757534024	8.67936143864435	8.56442644008925
8.96621992678639	8.8671059251297	8.92095319650059
5.93452892761134	6.06765908997077	5.98993093841917
9.38045347227408	9.38146762111345	9.40670557823407
4.27539287079949	4.43022916935548	4.33735753154333
9.19331224474903	9.15208787113148	9.16101426593004
7.81466328082778	7.81817809510711	7.84946946685681
4.32637679951829	4.41873353051765	4.23547791752412
4.35612414291234	4.31093024098313	4.1998540077934
4.38527048857186	4.55098132881609	4.32638641372233
4.74890883534406	4.99210805696359	4.90767325630009
4.82887714004748	4.65262159069192	4.97244351169033
8.88564765720807	8.88705617446552	8.85806549054519
9.33355983977967	9.31287221871732	9.34110966640444
8.40970837785713	8.42521109458885	8.44271053168956
7.05278420198592	7.14817753735131	7.22222182082185
8.30302047381677	8.28742029583978	8.26666077849023
7.90044465913615	8.01709873584129	7.90859304915298
9.56531223410074	9.58191019671126	9.59702947531217
8.08200623794953	8.01423719102039	8.03190009386102
8.09235348034356	8.02090532127103	8.06692678061844
6.20084591743443	6.32331396543897	6.21777591579066
8.46479082821539	8.57059234724465	8.59617336112965
8.40497240301441	8.35003837416832	8.50119777052467
5.37077091887675	5.22113357063249	5.47287250219981
6.15926681368303	6.0075380975332	6.17560646154672
8.08940469027069	7.97258549869877	8.0536833596505
5.33636088809091	5.26030416791316	5.54089092562847
5.34132714098426	5.29843929679994	5.2702433356848
7.51729888225564	7.39839308223347	7.41708472401407
4.8003079878507	4.57189031857907	4.69384284846706
9.90590226364589	9.94229548657466	9.88448575875561
9.09272165567819	9.03367889745452	9.03905779589034
6.84470210720915	6.75215726424284	6.91134891444348
8.45794799305853	8.41077680668931	8.46288841362719
9.46763245812933	9.44198888281795	9.52448462306059
4.23326739512681	4.23430895938022	4.13845346312925
8.7503097369342	8.7950239138547	8.75085724949958
8.78944699521894	8.86974677346162	8.75546568478214
3.81466328082777	3.82798867720248	3.84755226386252
8.69996701422815	8.6979076390067	8.69010321842048
8.43606237912846	8.36509010215128	8.48093400416908
8.69900006041119	8.67453636712037	8.70553325899009
8.23726932568431	8.15512193122111	8.24424812715185
6.37319765627128	6.4669697161705	6.46288841362719
5.92794126757658	5.97258549869878	6.01063983525128
8.61793124536214	8.61408112883987	8.5818294863507
9.89221934534262	9.8948559503978	9.93185179443714
5.16207634726986	5.13944977303878	5.09386331210518
4.85689151621707	4.79279924874019	4.89287625437201
6.02681651765938	6.02280485418651	6.1195118994758
5.35612414291234	5.49734336521402	5.39099549514541
8.2564570224987	8.17404843456275	8.23547791752412
4.80750348925491	4.73835146471781	4.77677918944913
4.74890883534406	4.73835146471781	5.09386331210518
3.40437931151956	3.68176793635145	3.54089092562846
4.96380672013358	4.80167740008664	5.24715972257176
4.23326739512681	4.52976484290639	4.65051541680297
8.70189897975407	8.8071986278008	8.61432784422433
9.19811094971319	9.27910046065577	9.22960135118745
7.15926681368303	7.20616599503451	7.27738187098602
4.79307641861963	4.67211776631773	4.97244351169033
4.91133930023945	4.90416035768789	5.04115626177434
4.8003079878507	4.73835146471781	4.77677918944913
8.9225665556627	8.96173440792007	8.93501510511286
5.84644976949542	5.88757747349229	5.87039224022063
7.81287666135376	7.84955402703742	7.83889318127035
8.64730267481628	8.73661641334706	8.70341476368887
4.95735169799628	5.18086970041876	5.47287250219981
4.63218522904238	4.89589274170429	4.70235434832258
4.95086766442608	4.9998437057432	5.11951189947579
8.81064027113552	8.83503283599753	8.85901745035597
8.62761893180037	8.62662638215898	8.61714395880362
9.07754888618277	9.06166609987614	9.07309303181019
7.77758791135062	7.77825470094524	7.7615874551029
8.17256363629649	8.18086970041876	8.16178596695988
4.26497625485415	4.27312820827075	4.28164809895705
8.12583831941826	8.13418765763337	8.0970944333682
6.27279575931345	6.2763164859018	6.38042625343522
8.91966416489038	8.77431367789501	8.8340600275344
7.40793420869619	7.38368658341845	7.44271053168956
9.14442632237213	9.08776029602728	9.1278294505469
8.66968591188203	8.6907567195787	8.74726270580478
8.66474178421633	8.63720474126091	8.73849563121319
5.79669673429833	5.84526666863432	5.8666105996782
9.35213158357196	9.46137786792614	9.35061675214882
9.72512049145648	9.76866490387776	9.75903987358113
6.97822578004654	6.94480234218524	6.98121372131805
4.39485653740106	4.23430895938022	4.43251476458367
6.24126018588034	6.19441623225671	6.11633065223112
10.730927066875	10.7038397815789	10.7225009214344
4.47837989296334	4.64277380473558	4.44271053168956
4.78580841815559	4.74756999474719	4.82434487270119
9.0152098980114	8.97553077711039	9.01875568367904
8.96138947012789	8.93373944695138	8.94132099419455
4.58271655277808	4.80167740008664	4.55974995287978
5.35612414291234	5.16030837793644	5.1998540077934
5.22254098853375	5.31713539050984	5.36977900923571
4.53149122942291	4.28583926002031	4.24715972257175
9.74258788955647	9.7159249470835	9.75008774372568
9.54850083744016	9.47947268837533	9.52388450032278
5.21714772976353	5.25384914577587	5.30977169987143
5.88437225263918	5.80167740008664	5.90398820949223
6.35857562190644	6.49460839749278	6.67234177925614
8.7558997796047	8.81269880617789	8.7477767606974
8.84950309347298	8.81214973098919	8.82141752294967
9.21782299073579	9.06074188777477	9.14549292158907
4.55733123435816	4.52976484290639	4.57836563104713
8.66176715421221	8.78218498758936	8.70447440019695
5.57851656424879	5.42449279980633	5.6328134150695
8.85124495307593	8.79168562842948	8.85090569897233
9.12511859127119	9.15165391262591	9.21554781489854
8.80525874780175	8.84687592149598	8.85520583640595
5.0633423936845	5.16030837793644	5.26450696613565
8.59212205901253	8.70797781567429	8.610941234592
8.73718144967494	8.74756999474719	8.74931782729317
4.57430431296188	4.56147370263373	4.4628884136272
9.04747598822548	9.02564947234285	9.08086597157631
4.65629768515919	4.5404120871059	4.60584636746923
5.2279141606326	5.15338896399665	5.13216720028183
9.45049811134748	9.4554126847481	9.45944036300168
9.03066473290685	9.09274213913488	8.96229141658078
8.98021707786564	8.98530517114441	8.984270742376
6.4464706450086	6.41873353051765	6.48525622665565
4.61588341671327	4.51903843631333	4.54089092562846
8.12655768868816	8.23184772186394	8.21257165078813
9.34380387127648	9.37441830638697	9.34722855181064
9.06259079427136	8.98530517114441	9.00204722473523
9.36925213250541	9.35079470186107	9.38274490053888
4.93781151160064	4.95279513293877	5.007208929851
4.29600315047477	4.24736511220567	4.42224642912985
8.94680029482789	9.05935445855335	8.92277535656711
4.03909484743782	4.18086970041876	4.1998540077934
9.32543723905468	9.36920194466777	9.3499397483631
9.62888879812731	9.62537675450105	9.5981701711936
8.37683012577121	8.36134186662931	8.39165350885848
9.45107254696761	9.41439894025376	9.45378026185843
6.09896630341522	6.17746309897551	6.12585342634962
9.05731860605673	8.96371341377345	9.04951973470897
8.87412822114237	8.86974677346162	8.86518992497857
4.8499387555753	4.74756999474719	4.90029372593449
8.79985707519165	8.74066162540501	8.79280929926809
8.00037284936502	7.90312949302032	7.95206737565854
13.1250061013068	13.1262859293711	13.1147124855316
12.1026270387995	12.159121462986	12.0895100659856
4.99565558617292	4.96074388605426	4.9864503696842
5.40437931151956	5.48085524242545	5.50241677781383
9.68905123674896	9.71797818831372	9.7615874551029
8.346276356956	8.32639335837094	8.40214111554016
9.56265680349483	9.55656490225011	9.59417378348331
8.64127469233813	8.68896343775565	8.62163833951283
9.29087811829691	9.32138600171373	9.27524401674316
4.95735169799628	4.88757747349229	4.95117489493668
6.7912628482477	6.57965371869875	6.65709806719293
9.25316695256451	9.27312820827075	9.23840724856279
8.991317836438	9.01662220568308	8.97200359857794
3.95086766442609	4.27312820827075	4.18778117549282
8.85602425136325	8.86446023386763	8.85520583640595
8.80840040879943	8.71680526545165	8.79927099328519
9.33418276510925	9.32793059350934	9.32844986347703
6.85515646484633	6.95876079977515	6.90951225596387
5.15080523493484	5.15338896399665	5.25874769684697
9.80098409270142	9.77177446625526	9.73952982125095
8.75636464026311	8.84311820205575	8.82629314449071
4.67215163636002	4.24736511220567	4.60584636746923
9.09933279523502	9.04072676218377	9.11593250263817
9.46422182996668	9.40532649782355	9.45944036300168
8.68978153038181	8.55820302555645	8.6641955405545
9.5970614648244	9.61282058263395	9.58586016759405
7.52604914435465	7.48912285840904	7.55152944607481
4.74141429879713	4.77487734074292	5.06114773696181
7.39843494777031	7.47808880813407	7.53613739565783
7.42323833877088	7.37924524063668	7.41708472401407
9.5123534364044	9.48843569714772	9.54799198200361
7.00663863572175	7.07133474811417	7.0987072843365
8.00741994905842	7.84311820205574	8.03695627324506
4.42323833877088	4.28583926002031	4.49263575702125
8.32762859572775	8.29215303395251	8.35500954990537
9.52795621011931	9.46487531216237	9.49814573841352
4.50517995230706	4.38368658341845	4.44271053168956
9.00781044710949	9.04213221289491	9.00333938338935
8.97543333750842	8.90416035768789	8.96007495425991
5.17326008576253	5.46975753354212	5.41190448490839
8.96340412628672	9.02848849269009	8.99426987414351
9.21950976169947	9.17362103268112	9.22296147479391
4.50517995230706	4.70087675929915	4.86281902051583
9.26693510789221	9.22567619509541	9.27595698687919
6.55305657925784	6.43308882349472	6.61714395880362
8.49128372619398	8.45083437368467	8.48956553870805
9.6525565774161	9.65660313138516	9.67125826809677
4.95086766442608	4.76583220113992	5.03443039858603
6.22523007606139	6.20114209544502	6.06775047178605
5.63218522904238	5.82363665266278	5.81259966502809
4.07531503535057	3.79279924874019	4.17560646154672
5.14513648484814	5.05286208804269	5.14471245360094
7.36346611825351	7.29057717902697	7.35635849347339
9.49574509825607	9.34700909212959	9.45094186213031
7.15504222782131	7.11828516304074	7.33599069577943
8.5910800257127	8.61408112883987	8.57489343914032
7.72820444157952	7.87606515600266	7.73071548450848
8.4823193786514	8.67151248204583	8.51273696307775
8.44474114025695	8.51229370667999	8.40279406646368
5.90799585716508	5.97651120191258	5.90767325630009
8.80211023048469	8.86340059735956	8.77072167862877
8.88394686710141	8.84472985186873	8.85377388091282
9.56716813168025	9.58319802990625	9.58758416107651
9.57535852933388	9.59792606990567	9.56763275425873
9.5409657594746	9.56016632144694	9.59902510161322
9.35857562190644	9.37739063819476	9.38770091723297
8.91342502424143	9.01280428736919	8.93817149495956
8.89454405769647	8.94229548657466	8.81652536824189
9.19639895824507	9.23471875771869	9.20884279102065
8.61023685357213	8.61282058263395	8.60187121624882
5.05731860605673	5.0075380975332	5.02088386674808
8.85298471215428	8.81214973098919	8.86992007689097
4.83593189758143	4.93676502311982	4.66800284353181
4.35612414291234	4.57189031857907	4.74417452401721
8.75077640200083	8.70206269856929	8.81799475730888
9.80525874780175	9.80692306767373	9.76540041223621
8.67903332933081	8.77937873297786	8.77324873312125
7.95816015699244	7.9174949961895	7.98557891387946
6.36102294232518	6.4669697161705	6.55505825755506
6.67805223779971	6.58737556607649	6.55974995287978
9.33231318164127	9.24492606675425	9.30593706055942
4.8499387555753	4.58223226280053	4.76056896226788
7.80840040879943	7.79391201010726	7.87416399410984
4.1337317215759	4.22113357063249	4.23547791752412
7.73199104491051	7.70915793438295	7.80964836149449
9.43867149374856	9.34016986132395	9.42449888086122
9.41972099844864	9.34700909212959	9.40605439562726
9.28347884108058	9.36920194466777	9.34451225062528
7.41501783196591	7.30000659194689	7.43251476458368
8.88394686710141	8.86340059735956	8.93997205062653
8.97942088852927	8.89381841346643	8.94266867765629
4.93123885767715	4.77487734074292	4.81652536824189
9.17430412998194	9.0836714079594	9.09184018031818
8.87198486160256	8.85968572854729	8.85186239333158
4.76378211182559	4.68176793635144	4.58758416107651
8.67116585221447	8.62475153453854	8.65873904751115
4.64026757534024	4.73835146471781	4.73590690803361
4.21173423357717	4.37181248313015	4.30419066760814
5.02063794273026	5.22773630545674	5.26450696613565
5.02063794273026	4.95279513293877	5.05451464462936
8.89158468221593	8.83178595906618	8.83502795446832
8.92132338881207	8.99646446200773	8.93185179443714
6.09308973707855	5.84955402703742	6.04785091434835
8.46706457973551	8.50483790176094	8.53613739565783
9.64278405084464	9.71973578655046	9.66392320548226
4.99565558617292	5.13242934536101	4.9794639393681
4.88437225263918	4.91238086449286	4.56908781745912
4.91800303052046	4.98433070637188	4.83212222329291
4.61588341671327	4.40714555624243	4.36977900923571
8.84863137438852	8.83988949117987	8.86044421332792
9.72345716832301	9.70974763193495	9.71081592707078
5.24391463932632	5.37776174946134	5.46788909468556
4.70334625796362	4.67211776631773	4.70235434832258
8.81421683334134	8.85062387880383	8.8849531798
7.68197260717105	7.6203673916873	7.61714395880362
9.4963018009606	9.46487531216237	9.42224642912985
5.90464464766544	5.70087675929915	5.84371019756812
5.32637679951829	5.43594282054987	5.47287250219981
4.4963018009606	4.47531705888402	4.43251476458367
5.86035537152064	5.8409665312007	5.94401510336381
8.76885959121465	8.69612322932851	8.74262795066107
8.53745390762691	8.56734230072287	8.61601817252653
8.55305657925784	8.63223635050157	8.6680028435318
9.93144470700916	9.92208226568515	9.9266398220772
4.1337317215759	4.44163393262773	4.36977900923571
5.20084591743443	5.38368658341845	5.53613739565783
4.48736867619059	4.3954637511948	4.51213193264704
5.25448388103651	5.1876588660814	5.46788909468556
4.08718913563886	4.0075380975332	3.9794639393681
4.46933475336034	4.65262159069192	4.38042625343522
9.27344547562296	9.24451915798244	9.31983261744828
9.25842746902521	9.19946356699402	9.23327700933085
4.62405734815898	4.5404120871059	4.61489150707224
7.27409489946507	7.12006078793059	7.33051036614706
8.04138544602574	7.93877855455746	8.11154558966574
7.14229373507932	7.16030837793644	7.23986968664128
9.74633697736618	9.72266036699834	9.66800284353181
9.78990117278947	9.77628553513573	9.7712274437666
8.62711067213653	8.68357017898543	8.68849754764718
5.11064810846285	5.09680543563029	4.95117489493668
8.92504968027035	8.9134051421652	8.95206737565854
6.73576773565599	6.7771297924743	6.75444285947103
5.259739606488	5.30469828727162	5.40670557823407
6.93945000699639	6.83665353832961	6.93501510511285
8.5276839264456	8.4980262977905	8.58125275436585
9.02643113097594	9.09183762810782	8.984270742376
9.42177382231085	9.43415973412726	9.50241677781383
5.2908781182969	5.2667304370726	5.35905260264265
8.90590226364589	8.93474867752131	8.84274808013274
9.15926681368303	9.09364608342566	9.18170666108314
6.37077091887675	6.29529958926937	6.56442644008925
9.33200134871217	9.25425343190459	9.29823706874882
7.06784378591944	6.93877855455747	7.1179221527134
8.88096565119593	8.8071986278008	8.83985787207252
8.24986936246394	8.10310345953066	8.27880534918822
5.57851656424879	5.73835146471781	5.73590690803361
3.97663076049116	4.05286208804269	4.25874769684696
9.57851656424879	9.54405400423206	9.6261187624955
8.47555937390096	8.54438463217917	8.54503745498106
7.79216991840703	7.58480620646435	7.67017394257343
7.73482448943678	7.59505630315811	7.75341930849452
8.44011896556748	8.35079470186107	8.420312953244
9.91800303052046	9.8671059251297	9.89589420310012
8.72630740640693	8.76979642945803	8.75852981699428
6.60560044345142	6.70324766376189	6.67234177925614
9.39306399829173	9.46242799174363	9.40214111554016
9.01054097794655	8.95129985378516	9.0702187273768
8.18711893432292	8.32100009960072	8.14315024983066
4.8429523252592	5.0075380975332	5.03443039858603
5.50517995230706	5.41873353051765	5.56908781745912
9.83461175561874	9.91723971970633	9.78731901571772
9.65380469155303	9.61848438723348	9.65353619366557
5.71487251134464	5.85382868213775	5.37511245353875
9.55359160431158	9.61691333726783	9.42899326157043
6.60353502428563	6.61534057461247	6.55974995287978
5.50959862357406	5.56669141190475	5.15094440731245
9.02720180142209	9.07133474811417	9.04367039840983
5.88437225263918	6.04913900199997	5.83212222329291
7.69367019861457	7.78386612397018	7.64831450860969
6.97343542133136	6.92259106309508	7.00892540244002
9.17881961110443	9.2643239393655	9.22074137426722
6.52058645308403	6.62787492835624	6.39099549514541
9.23393515493549	9.33902683072865	8.93591763566521
8.14229373507932	8.21533128456595	7.77476284385063
6.83769020985379	6.9959810661108	6.65709806719293
9.08755863110532	9.20741924113118	8.9268668215334
4.90464464766544	4.62287424729787	4.79280929926809
6.82710804719442	7.02848849269009	6.75239503082218
5.71104064975362	5.73372001598616	5.71502817835769
7.23059326082848	7.35230616877867	7.17560646154672
7.23059326082848	7.24411213441058	7.17560646154672
5.04519504697424	4.98433070637188	4.84755226386252
5.31632313485437	5.32946619242056	5.12585342634962
5.12799535202675	5.34169249475382	5.18170666108314
4.66424643827468	4.83665353832961	4.90767325630009
6.17604252643386	6.23430895938022	6.11314237460007
8.9609862010712	9.0137597145835	8.85854154896921
8.90883244462887	8.95379112541249	8.88214637922423
4.68001375413299	4.89589274170429	4.68528083496364
4.99565558617292	5.18086970041876	4.81652536824189
9.09896630341522	9.20658386470895	9.10594288343636
5.74890883534406	5.94480234218524	5.3962512205969
5.87412822114238	6.06765908997077	5.6592856264307
7.72060128806171	7.83449219704015	7.77979843374793
6.5007477059918	6.56408491609027	6.31255414054276
4.72630740640693	4.93676502311982	4.52178210268076
10.2513542108274	10.375161963641	10.1222897480265
5.18435779464586	5.18086970041876	5.15094440731245
9.83725083264896	9.94855447704635	9.83309145076698
6.72060128806171	6.92462446024761	6.6328134150695
7.98538162572746	8.10669002456213	7.92595860932784
6.20357571019	6.20449330494466	6.01063983525128
6.44877343087802	6.4836163821025	6.52897760408496
6.65828898297828	6.76128827599497	6.75034429125741
6.15645179807598	6.17062566892196	5.88915316832929
6.95086766442609	7.06027955960518	6.77476284385063
6.31126990712808	6.42161603905077	6.43251476458367
9.55332411658654	9.65843706600613	9.47876802729334
5.62812701246802	5.70561467830581	5.6328134150695
6.02989591059136	6.23430895938022	5.98645036968421
4.96380672013358	5.09680543563029	4.87792591290604
5.38045347227408	5.70561467830581	5.41708472401407
7.62303813579523	7.72557903083193	7.52897760408497
6.5314912294229	6.55361158486076	6.48525622665565
5.68001375413299	5.90003247206522	5.49263575702125
4.57430431296188	4.80167740008664	4.76869684315128
5.61997617134716	5.57189031857907	5.53136815150996
9.00311747997572	9.03978903381739	8.88682135104311
7.18159136035448	7.32639335837094	7.06775047178605
9.36651428131621	9.44305320971306	9.28306737604238
6.69948361833122	6.90827646616012	6.52658308894458
4.94435435746741	5.08230586593517	4.75239503082218
5.11064810846285	5.12537458782706	5.28164809895704
4.17881961110443	4.46417650127882	4.24715972257175
7.90883244462887	7.94279720629486	7.8340600275344
7.54984225551997	7.65996356603309	7.44143999436316
4.5227740123218	5.07500106531194	4.54089092562846
8.81600179495585	8.96420774135783	8.72654885333538
4.8429523252592	4.86234018199326	4.83212222329291
4.86381093015686	4.96074388605426	4.90767325630009
4.65629768515919	4.89589274170429	4.78481650851455
9.27474403110297	9.40423396082253	9.14783179544512
3.54876922085474	3.47531705888402	3.35905260264265
5.78580841815559	5.77937873297786	5.94401510336381
5.99250215313405	6.08957386639921	5.96538875415638
8.87925932924553	8.97307679618041	8.66474005652281
5.51400380269406	5.58737556607649	5.34824584768607
9.59368369911546	9.63751469830172	9.5620900913343
8.63572682832618	8.78162417318351	8.43379318295788
5.12799535202675	5.27949773314648	4.80075805238358
9.41590084436166	9.47184486697721	9.35568417934993
9.6417779873165	9.74296809278818	9.55358896825311
7.94517013076644	7.87711553467366	8.00463038574923
8.23460260581063	8.40496241074505	8.11633065223111
9.93144470700916	10.0084970175026	9.86376784990938
8.53961605871109	8.61155893407004	8.2702433356848
4.80750348925491	4.95279513293877	4.81652536824189
6.37077091887675	6.49734336521402	6.49997773236241
4.47837989296334	4.32331396543897	4.44271053168956
8.67657934840083	8.75844103796624	8.73952982125095
5.03296874464098	5.20783674801903	5.14471245360094
5.1337317215759	5.29215303395251	5.26450696613565
6.75077640200082	6.66726836665633	6.73797825805331
8.73293614487283	8.77825470094524	8.72393858477295
8.06559484541587	7.93676502311982	8.06280125581432
7.84382748151344	7.65507306968602	7.82141752294967
8.54015609055003	8.55229705625876	8.5620900913343
8.90212612207811	8.96519588868474	8.93862184459359
9.10737215010608	9.02327934688636	9.04408899555215
8.77987608794589	8.80388842740199	8.76463862657693
8.87883243323978	9.00849701750263	8.8914812227975
4.1337317215759	4.44163393262773	4.08737927853499
9.37954848842367	9.38774583803396	9.3499397483631
5.82533678234223	5.75215726424284	5.78080344600793
9.49741456232768	9.5014361198479	9.5262834949157
7.41383964076863	7.43594282054988	7.57489343914032
9.39396054624863	9.28267198094162	9.3499397483631
9.20187019510677	9.07728779116855	9.19646872260876
8.61844274866155	8.73603759887957	8.58643506102301
8.69851634035942	8.64339126463839	8.6188309927603
4.8706973157421	4.68176793635144	5.06775047178605
9.40586158334511	9.37739063819476	9.3404281855033
9.02411664645672	9.12714151400125	9.10674460340192
7.02218506892773	7.08957386639921	7.04283283958173
6.55091449268629	6.51364517754312	6.52418459289607
8.1272766994386	8.02375368358006	8.06775047178605
5.02681651765938	5.19441623225671	4.96538875415638
9.08385941102501	8.93424415048666	9.04283283958172
7.45451436579499	7.4669697161705	7.55152944607481
9.23926613574825	9.1825699894086	9.20585274841484
9.28798726675232	9.27552007680573	9.34247166323997
7.84906729977056	7.82363665266278	7.90029372593449
9.26301473852086	9.12227725025147	9.2259163043796
4.89791878447712	4.98433070637188	5.14471245360094
8.57588534878136	8.49529262564925	8.57373418231548
8.47329898167845	8.51903843631333	8.47721890759023
9.24490880156221	9.20407482922283	9.30663502624352
5.12799535202675	5.10400093703449	5.21777591579066
4.42323833877088	4.52976484290639	4.66800284353181
7.19947908167052	7.27949773314648	7.27738187098602
8.53474665398787	8.51971117824247	8.52478459084228
8.27084485294328	8.32331396543897	8.23913865290844
4.64026757534024	4.59250059825435	5.007208929851
8.82445033374851	8.74871818027607	8.79579521625162
9.37622534896885	9.3818376852532	9.4315552068224
9.53203431056649	9.53310055546965	9.53821899249144
8.77941874286649	8.71328076441316	8.80075805238358
9.53637161572252	9.53343370292313	9.52748149792487
8.64629975851527	8.66422919333757	8.67234177925614
9.31600782613475	9.22113357063249	9.25187856827623
8.40675021598231	8.35607792266788	8.37111421991953
5.23860083942985	5.25384914577587	5.16948035874988
9.19639895824507	9.18554068182057	9.13845346312926
5.63218522904238	5.62287424729788	5.54562884463513
9.14584629792071	9.16805325509173	9.16101426593004
8.48119490857039	8.53443268394924	8.53435077618382
8.64830489440565	8.58416315094183	8.68151891616744
5.62405734815898	5.67695092005367	5.59217143057216
8.67510495374937	8.66666104396123	8.74674846768104
7.10335807253237	7.06581774314661	7.21777591579066
6.81287666135375	6.8602170101003	6.91134891444348
9.07717681782716	9.0080176371889	9.06939644462961
4.65629768515919	4.77487734074292	4.57836563104713
8.45623220093452	8.51094096861474	8.48587263129689
5.46479082821539	5.21450047830004	5.47783875509316
7.48960714838659	7.42017550469156	7.4566130882007
8.76007814306217	8.69671827781742	8.77728283582915
8.95167976410466	9.0482067273046	8.98165083540742
9.57034412644862	9.48154602292267	9.51877335280842
9.47866164182487	9.47427627847993	9.45503998255919
8.08348896679627	8.00080775191398	8.00204722473522
6.90632122547282	6.54306166551985	6.85711290217061
8.4568043584042	8.53908547088287	8.55505825755506
6.08718913563886	6.28899960091363	6.1195118994758
4.56584273421368	4.70087675929915	4.49263575702125
4.86381093015686	4.84526666863432	4.83985787207252
8.19811094971319	8.20198062789577	8.20734854434032
4.5227740123218	4.76583220113992	4.71922816688698
8.70189897975407	8.64277380473558	8.6718001253955
9.47697032270867	9.46137786792614	9.44683206740812
8.8262226866015	8.88392441844363	8.8170153309027
8.67264427595535	8.63906348539721	8.69597543575988
9.32668985041263	9.33368068099723	9.37810387388664
12.4120336687366	12.4656174280295	12.4080883661332
7.02835703573517	7.03978903381739	7.00032254426576
7.53474665398787	7.46277786322367	7.56092049658772
9.19947908167053	9.19904362956102	9.24570465937137
9.25349629739893	9.15035125335827	9.23621080808643
7.88861922373937	7.88235598736954	7.91501523164126
9.50047023795731	9.49221104019662	9.53911018682074
5.11064810846285	4.78386612397018	4.96538875415638
4.87755098678316	5.05286208804269	5.24133064376956
5.57430431296188	5.55623705426759	5.6238802902995
7.52495825958367	7.51634432714407	7.53136815150996
5.82887714004747	5.70561467830581	5.68098069753002
8.11645373014406	8.2028186732524	8.18929581609482
8.82045456096248	8.82961730771323	8.75239503082218
7.69367019861457	7.68417042656675	7.68635386962887
4.34627635695599	4.40714555624243	4.77677918944913
9.61485841131251	9.57868557525057	9.64141494959201
5.83944638175766	5.84955402703742	5.96538875415638
5.40911723052623	5.51364517754312	5.61037602594975
9.82600126153148	9.84177378387916	9.83163736526755
4.74141429879713	4.85382868213774	4.95117489493668
5.11064810846285	5.30469828727162	5.40148786896305
9.7043103041344	9.73226963379817	9.75954974990412
4.8499387555753	5.0075380975332	4.95829932937006
8.69706420632551	8.67634766056719	8.77324873312125
4.81466328082777	4.81927146010138	5.02767303241072
9.45250763615476	9.5153327377319	9.50637145304322
6.08718913563886	6.31713539050984	6.22370074974777
8.68832057325353	8.68236893408598	8.68098069753002
8.62558481790557	8.61973999657374	8.63058531417739
4.54015609055003	5.03037807389131	4.83212222329291
4.32637679951829	4.32331396543897	4.29296341218488
9.42470137007047	9.34473294907387	9.43825874711848
4.51400380269406	4.51903843631333	4.59674416036198
4.27539287079949	4.37181248313015	4.23547791752412
4.33636088809091	4.29843929679993	4.35905260264265
4.8003079878507	4.99210805696359	4.80866325046892
9.73080879864187	9.77149205555829	9.75444285947104
6.14797364415167	6.10758527438353	6.10674460340192
7.6975484134255	7.56408491609027	7.71712970100298
8.65180719031196	8.66666104396123	8.60641335314794
9.14832789707939	9.23266860099897	9.11871724506799
8.05580872099909	8.05564811087353	8.14393156316732
8.81198252123162	8.90158181358611	8.84226678069845
8.62711067213653	8.66057371408232	8.65216389731851
6.24391463932632	6.43308882349472	6.3724481960117
7.57113703388319	7.55361158486076	7.64058478075301
8.81019257678255	8.86816284462085	8.81112476794184
4.28573481502094	4.02280485418651	4.44271053168956
5.92463612285291	6.11828516304074	6.13531375559869
4.79307641861963	4.90416035768789	4.72759163982161
4.40437931151956	4.57189031857907	4.68528083496364
8.67903332933081	8.66118360419535	8.70659134120905
8.14513648484815	8.24085180524699	8.15792332732748
8.75543476911207	8.66969510405087	8.68151891616744
4.46023254625308	4.46417650127882	4.61489150707224
4.83593189758143	4.82798867720248	4.91501523164125
5.20084591743443	5.08230586593517	5.08737927853499
7.68099351311183	7.69493239554989	7.51092111004899
4.5227740123218	4.77487734074292	4.62388029029949
8.87284258757366	8.76526499254567	8.87510539384366
9.18746370551368	9.16719476352169	9.20060521585041
9.50656224142391	9.47219246245917	9.51847213242088
9.31852836845029	9.34131198702621	9.41417312859417
4.51400380269406	4.50823168135675	4.41190448490839
9.28573481502094	9.31170734579098	9.21888867715773
6.54662075427616	6.75444544083811	6.81063280031869
8.66077424636787	8.53842170503684	8.68151891616744
8.93206207883552	8.87553967974812	8.95206737565854
4.72630740640693	4.94480234218524	4.95829932937006
4.08718913563886	4.34776700916351	4.51213193264704
4.71869422229705	4.60269636536025	4.76056896226788
8.50739097962241	8.49049619981774	8.54444582280509
5.42323833877088	5.50279779530613	5.45787033886057
7.82445033374851	7.65996356603309	7.83309145076698
9.55733123435816	9.57803978515882	9.60158685731602
9.68880772336483	9.71122082213841	9.74004663839453
9.35243909610449	9.42628786665592	9.41352530862778
4.92463612285291	4.71033708854821	5.07432312570954
8.90632122547282	8.92055479593856	8.88822089363392
9.21275081262632	9.24329774260748	9.19797427457518
9.78398568254877	9.79391201010726	9.79803060541677
5.06934113430594	5.21450047830004	5.02767303241072
7.37803891934078	7.41295117792364	7.46288841362719
5.89791878447713	6.06765908997077	5.9368196019596
4.89116141830182	4.90416035768789	5.007208929851
7.9410866436335	7.89589274170429	8.0114962882541
4.2544838810365	4.23430895938022	4.40148786896305
8.82666543481454	8.71151527974549	8.78281137262418
9.49658007177657	9.38405607888491	9.40475114798589
8.87541271006019	8.86446023386763	8.85234050271156
4.40437931151956	4.57189031857907	4.45283474896327
8.6863703261963	8.67151248204583	8.72393858477295
4.79307641861963	4.93676502311982	4.86281902051583
9.46051786120326	9.48706039195216	9.45692750359715
8.4464706450086	8.37330210127064	8.47287250219981
8.61844274866155	8.6328583358705	8.60243976602599
8.69948361833122	8.68357017898543	8.7452046526157
7.56690314957997	7.52172752384098	7.49875666158204
8.52222743340225	8.4980262977905	8.56442644008925
8.54015609055003	8.52775970701602	8.46851296282107
7.38165923501948	7.33253249546835	7.41579140699255
4.82887714004748	4.82798867720248	4.81652536824189
8.64328681963903	8.65813157208421	8.6283537668788
7.49407370006849	7.51094096861474	7.53851611844056
5.36102294232518	5.03037807389131	5.09386331210518
7.07083693023143	7.02090532127102	7.19684525792106
8.76424443999519	8.75101181357458	8.77778630644703
9.59913616594181	9.61817031407651	9.58067579173433
9.54339204340029	9.5038182091463	9.54414991570922
4.21173423357717	4.55098132881609	4.34824584768607
8.31190252938812	8.35079470186107	8.32844986347703
4.73388062611173	4.67211776631773	4.87039224022063
9.01947650831286	9.02517575864926	9.09588361077015
9.80772777142262	9.79029239312961	9.8408219182433
8.84863137438852	8.7261620557099	8.90121823416279
4.1337317215759	4.09680543563029	4.36977900923571
9.76724596712916	9.78470595811103	9.80619752599093
4.26497625485415	4.34776700916351	4.60584636746923
8.41972099844864	8.44163393262773	8.42289034569527
8.85862448344153	8.82744539154708	8.89334096529272
5.05126956138392	5.03791174657672	4.92958803272853
5.29600315047477	5.52441160841219	5.25874769684697
8.90422519860277	8.90879015498196	8.92186456421307
9.08718913563886	9.09635452297124	9.07882451794448
3.66424643827467	3.84526666863432	3.7359069080336
7.62711067213653	7.61911232850167	7.70447440019695
5.947614686631	6.09680543563029	5.8666105996782
4.39485653740106	4.3355922952174	4.51213193264704
5.12799535202675	5.31713539050984	5.07432312570954
9.36803595115551	9.38516399782395	9.31011979856799
7.10919304526247	6.90621987986618	7.18170666108314
9.66449413250498	9.67332757355079	9.66037816343171
4.72630740640693	4.6328583358705	4.66800284353181
8.9837945023101	8.88235598736954	8.94536027366256
7.59628268205737	7.59888139167608	7.61601817252653
4.5227740123218	4.3954637511948	4.42224642912985
8.25777095249926	8.2683325416691	8.25802616892951
8.41560656694282	8.39032306604771	8.42738973240581
7.51729888225564	7.46836429824225	7.45283474896327
5.33636088809091	5.16719476352169	5.32086940875476
8.61331953645632	8.57318712319752	8.68098069753002
8.91509143510055	8.80112411339112	8.90997163983684
6.23326739512681	6.08594444299852	6.14783179544512
8.55893097029094	8.52909677387807	8.54444582280509
4.08718913563886	4.37181248313015	4.03443039858603
5.11064810846285	5.08957386639921	5.04115626177434
6.18159136035449	6.34169249475382	6.29577842779193
8.59368369911546	8.52441160841219	8.52478459084228
9.08089319041518	9.08139478599274	9.09305439980987
8.51784733124187	8.40350514290308	8.54089092562847
6.5314912294229	6.59505630315811	6.45787033886057
7.63218522904237	7.51499538357605	7.72654885333538
4.68783325859229	4.96074388605426	5.007208929851
9.76908996168075	9.78666367194953	9.72263167731797
7.54662075427617	7.57836271633887	7.57489343914032
4.72630740640693	4.98433070637188	4.90767325630009
9.64880574323585	9.66969510405087	9.68501245154906
8.76285701077376	8.83395135540649	8.76463862657693
9.11898636158725	9.15208787113148	9.15405031818027
4.37562031853814	4.50823168135675	4.52178210268076
8.17673729892063	8.19357329034498	8.16871276360494
8.9146750128027	8.86446023386763	8.9044493554258
9.30588138813272	9.24207529228079	9.27595698687919
8.83549198446904	8.84687592149598	8.84419101578317
7.41383964076863	7.3703213253324	7.4401683371271
9.34163696489631	9.35079470186107	9.39461086221565
4.27539287079949	4.22113357063249	4.55974995287978
9.73647476582985	9.69552793530691	9.75290726055981
4.20084591743443	4.52976484290639	3.92232003226449
4.94435435746741	5.02280485418651	5.02088386674808
5.20630034752654	5.10400093703449	5.18778117549282
10.107736513043	10.1600926478365	10.0491027105578
9.29823963974698	9.24777121918678	9.33530679197857
5.74516643365824	5.73372001598616	5.79280929926809
9.34751101260763	9.26713113004584	9.31324891302953
4.62405734815898	4.74756999474719	4.71081592707078
4.95086766442608	4.87921400055766	4.89287625437201
8.72867831086967	8.70206269856929	8.80174857424939
5.09896630341522	4.91238086449286	5.08737927853499
8.60250120479253	8.62162136398779	8.70235434832258
7.18573902504423	7.07133474811417	7.20585274841485
4.91133930023945	4.62287424729787	4.85520583640595
8.68148314319998	8.58737556607649	8.60414407223824
9.45508720481022	9.50007315796959	9.48956553870805
8.78899267462287	8.74929193054845	8.85186239333158
4.76378211182559	4.91238086449286	4.91501523164125
4.97663076049117	4.99210805696359	5.15714955683916
8.91425847027321	8.95578104992231	8.89797986009624
9.39096988381597	9.31326030077504	9.31359617384259
8.61997617134716	8.64770610027781	8.65326183880293
6.58690434974151	6.51634432714407	6.61037602594975
4.91133930023945	4.9998437057432	5.01406260089207
5.30619891758066	5.18086970041876	5.11314237460007
8.72202993486031	8.67815668279906	8.75034429125742
9.47046850197734	9.51432043851537	9.49263575702124
7.51839557181122	7.50958696096876	7.53136815150996
5.5227740123218	5.62287424729788	5.55035125487753
9.49518818064989	9.46766717571557	9.46539092083036
5.20630034752654	5.24736511220567	5.47287250219981
4.28573481502094	4.38368658341845	4.62388029029949
5.4963018009606	5.52441160841219	5.46788909468556
7.46820011308094	7.53376677346389	7.49631141516464
4.48736867619059	4.43022916935548	4.60584636746923
7.73859377973475	7.71621844622822	7.80273841651182
4.83593189758143	4.94480234218524	4.55974995287978
5.36102294232518	5.26030416791316	5.24133064376956
5.27539287079949	5.31093024098313	5.29296341218488
5.63218522904238	5.65262159069193	5.80471606595226
8.61383267714852	8.56277990013436	8.61432784422433
3.92463612285291	4.35983984146408	4.28164809895705
7.92628964170542	7.82036399710239	7.84563250969915
7.947614686631	7.9174949961895	7.96715568033056
9.33231318164127	9.42377414721818	9.37344786925245
4.37562031853814	4.29843929679993	4.23547791752412
4.68001375413299	4.46417650127882	4.55974995287978
9.43432034425282	9.40532649782355	9.41093111590201
4.54876922085474	4.57189031857907	4.64169156641596
8.50683854038882	8.51094096861474	8.57663057967638
8.28830875868477	8.27949773314648	8.28731684904374
8.86251606541095	8.88861950679211	8.85520583640595
4.64830489440565	4.92055479593856	4.84755226386252
5.43722256820658	5.3355922952174	5.22960135118745
8.07903620078964	8.01709873584129	8.0922450337068
7.68490590884077	7.59633245984538	7.58643506102301
7.6975484134255	7.61911232850167	7.60357619384441
5.92794126757658	5.98822462247637	6.0970944333682
9.29376318877688	9.26472530118222	9.31810297446339
5.21173423357717	5.1876588660814	4.92958803272853
8.88479751278696	8.84633970329955	8.91775886804512
8.76978085244703	8.71680526545165	8.7291544076663
9.11391664488119	9.09770683837182	9.09264977351613
8.22321373046288	8.11917324865874	8.22370074974777
7.45794799305853	7.35683109159174	7.47162826319135
4.5910800257127	4.56147370263373	4.69384284846706
4.97663076049117	4.95279513293877	4.95117489493668
5.02063794273026	5.13242934536101	5.22370074974777
9.33480542158887	9.36882862469134	9.31429044480925
9.97802649901288	9.97798059097956	9.98645036968421
4.70334625796362	4.50823168135675	4.65051541680297
4.56584273421368	4.5404120871059	4.74417452401721
4.39485653740106	4.37181248313015	4.42224642912985
5.2279141606326	5.08230586593517	5.14471245360094
8.75961447761036	8.86551909266077	8.82921062787301
6.7912628482477	6.79057114784807	6.87039224022062
7.95249140690575	7.98237980000171	7.95295930461486
5.98300028536689	5.9998437057432	6.02767303241072
4.72630740640693	5.0075380975332	4.72759163982161
8.33760405494155	8.23184772186394	8.35635849347339
7.22254098853375	7.18426827688063	7.27738187098602
5.80750348925491	5.72441227375994	5.87039224022063
5.22254098853375	5.21450047830004	5.12585342634962
8.66226335199557	8.6083999771677	8.64003106935075
4.82178771526116	4.84526666863432	4.76056896226788
8.76007814306217	8.80885088418398	8.73901281890143
5.35612414291234	5.45857379504944	5.46288841362719
9.1582118264032	9.17746309897551	9.14861057821215
4.41383964076863	4.38368658341845	4.77677918944913
9.55305657925784	9.59409844429308	9.59245765119424
5.15080523493484	5.06765908997077	5.16948035874988
7.67215163636002	7.51499538357605	7.65271297250721
8.61331953645632	8.63534359926009	8.65216389731851
5.00194184902035	4.77487734074292	4.97244351169033
7.95654278570097	7.86446023386764	7.93230412083711
6.19811094971319	6.23430895938022	6.28731684904374
4.77116164219119	4.85382868213774	5.09386331210518
8.58219222239219	8.60523408816214	8.64500683798031
7.50407316664411	7.53509828720943	7.5036347559705
8.67657934840083	8.57577724066323	8.64666162123291
5.83944638175766	5.9686490841396	5.61037602594975
8.61280621318427	8.53509828720943	8.57547271842572
8.35796314257612	8.21699146316215	8.28448525826058
5.74141429879714	5.87080176074146	5.71922816688698
9.00350914416731	8.94830463809154	9.08981420745204
9.32731574848791	9.3703213253324	9.3400873242989
4.86381093015686	5.17404843456275	5.03443039858603
9.36438124358765	9.42951336927089	9.38142041567111
8.81600179495585	8.7290736511298	8.82921062787301
7.82445033374851	7.67815668279907	7.7379782580533
5.8039102245309	5.77036185962043	5.59217143057216
3.77116164219118	4.02280485418651	4.06114773696181
8.2279141606326	8.16891123611071	8.18094554524333
6.12223608273807	6.09319418207791	6.19383022016563
5.89791878447713	5.92055479593856	5.9404218386398
8.66968591188203	8.67090694371968	8.63947714535052
9.31884312683288	9.26352088059671	9.32328569482891
4.75636464026311	4.86234018199326	4.86281902051583
4.48736867619059	4.5404120871059	4.31533122521333
4.73388062611173	4.84526666863432	4.76869684315128
6.16767905349923	6.27949773314648	6.24424812715185
9.33822523688479	9.42197594800633	9.04408899555215
8.87626840109411	8.82581430596815	8.88355046209991
9.08015068137105	9.08002708637296	9.12427065598693
6.91800303052046	6.91238086449286	6.91134891444348
4.1337317215759	4.26030416791316	4.41190448490839
5.20630034752654	5.08230586593517	5.2702433356848
4.35612414291234	4.26030416791316	4.13845346312925
6.89791878447712	6.95478643075785	6.90398820949223
6.14229373507932	6.42449279980633	6.29577842779193
9.31190252938812	9.34511255571753	9.30907525040539
7.57851656424879	7.48085524242545	7.57952117379284
9.63572682832618	9.65843706600613	9.6372593201007
9.04367241354437	8.99887901494103	9.01577094335443
4.6076629099083	4.44163393262773	4.50241677781383
8.53257718735215	8.43594282054987	8.5620900913343
9.12043158589132	9.09093254963341	9.15985593986148
9.30047266734287	9.16030837793645	9.27595698687919
9.51784733124187	9.4659228942301	9.4920222358379
8.3671231418616	8.30703842572613	8.36643556616134
8.90966854725493	8.90416035768789	8.95251340906475
4.72630740640693	4.74756999474719	4.83212222329291
4.62405734815898	4.88757747349229	4.77677918944913
8.72155387643629	8.5496644003441	8.67234177925614
9.62685647514162	9.52172752384098	9.58499739768442
9.27668967541794	9.24044374555232	9.27773787223172
5.32135872475167	5.42449279980633	5.44778152123699
8.64880574323585	8.59122104602778	8.6244402340445
8.5342045930982	8.60333121467341	8.55564555454705
4.91133930023945	4.92055479593856	5.10031833424248
7.21308951318918	7.21782083659165	7.31948685470464
9.33168944836702	9.27671452564522	9.34688929371598
4.11064810846285	4.29843929679993	4.15094440731246
8.58951556319805	8.65507306968602	8.61714395880362
5.85689151621707	5.76128827599497	5.86281902051583
8.28702236088141	8.32177180063056	8.29577842779194
4.92463612285291	4.87080176074146	5.06775047178605
8.82577980247188	8.83611350649067	8.89751664126392
5.4873686761906	5.57707055768475	5.52178210268076
5.74890883534406	5.75215726424284	5.83599523244012
9.05240569088815	9.06027955960517	9.0970944333682
4.63218522904238	4.50823168135675	4.77677918944913
8.45222073249649	8.41005128741785	8.43315411537671
9.31506148629046	9.22154712804994	9.29190636362796
8.58271655277808	8.68116668814899	8.58815836806554
8.71199956972304	8.74411994517742	8.75648778545606
6.11934780341324	6.10400093703449	6.26163020538009
7.85080968529743	7.8071986278008	7.79480059708718
4.73388062611173	4.81927146010138	4.80075805238358
8.69026818750934	8.6907567195787	8.73331353138544
8.75636464026311	8.66362058964118	8.6868900878253
4.71869422229705	4.73835146471781	4.79280929926809
6.25184882086854	6.16719476352169	6.10994703544026
9.58376464221094	9.57577724066323	9.48956553870805
5.93452892761134	5.9686490841396	6.06445288168548
13.4439477571373	13.4553467545748	13.4408241753634
12.9504868352813	13.0114297512804	12.9462003686265
4.77850361753236	4.65262159069192	4.54089092562846
5.18987479961343	5.16030837793644	5.24133064376956
8.80525874780175	8.85115850732241	8.81014066487442
4.45107254696761	4.37181248313015	4.35905260264265
3.40437931151956	2.94480234218524	3.31533122521333
8.59576325989482	8.61659892187139	8.64996550444986
6.27539287079949	6.3628423296256	6.09062493803864
7.01598658445864	6.7994629790212	6.94401510336381
8.38346599172511	8.2976550102675	8.40214111554016
4.4963018009606	4.31093024098313	4.6592856264307
9.21241203252827	9.16676532609006	9.25332742106271
8.76470662005389	8.73487927281101	8.7918126187166
4.37562031853814	4.51903843631333	4.42224642912985
4.75636464026311	4.71033708854821	4.72759163982161
9.1687271429321	9.05053628544178	9.14393156316732
7.95492359917759	7.88653468700606	7.98033909562234
5.48288128519828	5.52441160841219	5.41190448490839
9.44560615179934	9.36845520808749	9.39690684207644
8.90002398701161	8.88601301097763	8.84322921905362
7.91300812060007	7.94780483034676	7.95741069673285
5.24920893899583	4.87080176074146	5.00032254426576
9.51949142833249	9.58609145825616	9.61207098800986
6.44877343087802	6.47253997421344	6.45787033886057
5.40911723052623	5.12537458782706	5.29296341218488
8.69269901376411	8.66969510405087	8.69863674446674
5.79307641861963	5.72441227375994	5.85901745035597
7.29216108418038	7.27949773314648	7.23840724856279
8.6863703261963	8.7900135845403	8.76514652837442
8.67362905076552	8.62974572400316	8.69277537151057
9.17847276772233	9.18808212999551	9.15753649395852
9.67707047863226	9.58416315094184	9.62807458060974
8.91509143510055	8.89018114689504	8.93501510511286
6.22254098853375	6.39252846017025	6.23254262649957
8.67362905076552	8.74066162540501	8.71134313154984
8.41207054791558	8.37553364856923	8.44904648847356
8.35428279608817	8.40569049304205	8.40279406646368
9.02758698231902	9.04540628312364	9.01619771307826
4.41383964076863	4.20783674801903	4.42224642912985
7.7432915860378	7.79724515377138	7.82239396633103
6.62201820288538	6.69612322932851	6.6328134150695
6.66622680240291	6.65507306968602	6.82823878880569
7.83944638175766	7.94580386603031	7.91409952545952
6.77483730033458	6.82581430596814	6.93862184459359
8.97981903812221	8.99307728443766	8.98383442147719
9.35581741493396	9.32869859727562	9.32844986347703
6.57219356636607	6.46417650127882	6.57836563104713
8.73293614487283	8.72149124615568	8.72863367312143
5.87412822114238	5.96074388605426	5.82823878880568
9.05731860605673	8.96766329999405	8.99989105180228
5.04519504697424	5.0075380975332	5.01406260089207
8.64026757534024	8.56473698165657	8.55623261255754
4.78580841815559	4.80167740008664	4.82434487270119
5.95735169799628	5.79724515377138	5.92958803272853
8.05807295642209	7.83773299594891	7.96184839645113
5.17881961110443	5.10400093703449	5.36977900923571
9.30683376689383	9.36658667390467	9.28554775619068
8.66771029357825	8.72849180194229	8.65764526804944
4.64830489440565	4.49734336521402	4.51213193264704
9.03871272717578	9.0827611902378	9.06816214108287
7.99565558617292	7.99307728443766	8.07268276732828
4.82887714004748	5.07500106531194	5.16948035874988
9.23893352593908	9.21864973350666	9.24242539154503
9.66771029357825	9.67272279674844	9.6488650505133
4.50517995230706	4.62287424729787	4.55035125487754
4.55733123435816	4.52976484290639	4.67666770465893
5.29600315047477	5.21450047830004	5.34281196163544
8.52550380507737	8.40859915338394	8.46539092083036
7.96138947012789	7.95975268365121	7.93411200959611
8.0633423936845	8.05564811087353	8.06775047178605
7.51949142833249	7.51634432714407	7.60811297444118
4.71104064975362	4.7290736511298	4.87792591290604
7.74141429879714	7.73835146471781	7.81161656785827
5.29600315047477	5.34169249475382	5.13216720028183
4.73388062611173	4.68176793635144	4.59674416036198
4.32637679951829	4.22113357063249	4.22370074974777
4.33636088809091	4.37181248313015	4.6328134150695
9.09749940441656	9.06305130885523	9.06404015244768
4.50517995230706	4.68176793635144	4.80075805238358
5.28573481502094	5.22113357063249	5.26450696613565
6.08422976015832	6.07133474811417	6.02428244320994
8.74610294459076	8.6943366098545	8.79231104506148
9.16312851338497	9.00609852145411	9.16640752470026
9.41266048660337	9.42125604028636	9.47162826319135
9.26137810188375	9.24492606675425	9.28306737604238
