k4_temp20_1	k4_temp20_2	k4_temp20_3
4.78660444852656	4.36624170561925	4.56991540329379
8.72153758666464	8.73234347597421	8.72351553418922
8.64836840633444	8.56219799695205	8.64659572020566
9.29028895846519	9.33444865254819	9.29334954027652
4.4954695071848	4.59036501503481	4.68398717000258
9.62833241440557	9.66956199471242	9.60514952336677
8.87449800930268	8.84320058664923	8.8655826366454
4.54825692154424	4.55888678356164	4.436059656559
8.60542179668105	8.66248315684296	8.57447368525609
4.69593408958649	4.7382104830062	4.50453939444176
4.89247308363338	4.82897594692939	4.70907815096542
4.28349370179369	4.51581806166976	4.42600599189507
8.65239266289323	8.6344445818921	8.62203629344511
7.22659876679067	7.03557343229703	7.12411565024425
9.49434896729088	9.47318397063852	9.47436901345647
4.84403272857563	4.98712378059534	4.86604749730381
4.92610386151466	4.92263505414363	4.85859169238477
6.92610386151466	6.99106019515451	7.01096849261624
9.29286923197373	9.37417588716146	9.24305672296777
4.89926224929602	4.82015209654238	4.75798775144636
7.3873475319383	7.55623233011566	7.38247861635415
4.75700966633826	4.8976886970134	4.74186808608308
4.61576374090251	4.71935145575489	4.80529346622472
5.40772661254313	5.19252313101849	5.14265160168168
7.99506783604702	8.06013857789357	7.96049254233814
5.7381998165635	5.84211134911852	5.66701409139887
5.13033691373227	5.13675985949648	5.19687199267957
4.43133916976508	4.37831453791982	4.31052877447514
4.30410398146898	4.40216127987419	4.29955765665414
8.56169243530578	8.47283213670411	8.50214884701677
7.87363644162052	7.91333064685354	7.87068788419572
8.62909837940412	8.628139086536	8.60096658323469
9.01239298470089	9.01009789539397	9.02435786984341
5.77557742637753	5.90187649397683	5.83218869328778
4.92610386151466	5.01058275341933	4.99405510967989
9.299620574848	9.40622053448971	9.29611200170627
4.47743558435454	4.78430689759566	4.71734576694902
4.79390924914979	4.53751313276907	4.72556627375398
7.98393341993478	8.04507112980463	7.97866165555651
8.08713703178384	8.10441913945426	8.16246705902663
4.15323731584235	4.40216127987419	4.51406216856027
4.55687005184894	4.60070695925627	4.65845207789545
6.32945955574587	6.19593779543125	6.20864916045593
4.68811458512719	4.9308555609486	4.90275927566033
8.79527479117402	8.81904531087944	8.77739315061895
4.36422497390654	4.39028717958589	4.70907815096542
4.43133916976508	4.31691399325568	4.436059656559
4.8580395865695	4.78430689759566	4.94561475462213
5.18692044209864	5.43720822697339	5.28850246814514
9.22186750685288	9.20571017440765	9.24555985044816
3.82276411182198	3.7752046904884	3.80529346622472
8.91190645854824	8.88980366167626	8.90411795889454
8.21712067987433	8.11166887853365	8.20056269574349
4.99744264323492	5.02601279398894	4.85859169238477
8.01082654042009	7.96327703864098	8.02934702193109
4.76446547125731	4.87230337859348	4.89549127519629
5.34446171908512	5.25932650170273	5.45100999802497
4.44995484793243	4.50484694384875	4.58806275000405
4.86499234721127	4.77520469048841	4.76598054219989
8.59500518073571	8.67048276596432	8.62643308173473
8.93727957831003	8.89926054576982	8.97003822856135
4.18692044209863	4.30431395647605	4.13649937470009
8.98712346002035	9.0086423428499	8.96570710840396
4.59918085670691	4.71935145575489	4.69239940981879
4.93273695384711	5.09347576176768	5.24912822981099
8.29319144192278	8.31298829004188	8.2654300421401
4.82276411182198	4.82015209654238	4.73374020519968
9.27796924055612	9.17748820964627	9.21559663447684
9.84050966201193	9.79053151813629	9.81013310525123
9.10743362622922	9.07458662184568	9.10887783584834
9.01552078005262	8.88874905999122	8.93900193155048
4.32442396584857	4.40216127987419	4.37465911189486
9.20997102610097	9.13498204652858	9.1029740148654
2.68811458512719	3.02601279398894	2.02102215728015
4.90601961547133	5.04885277034705	5.13032079977097
7.59605023332823	7.47985256438188	7.45472350082404
4.52210463368827	4.6312952790897	4.86604749730381
5.27307708584835	5.18566945997743	5.19094715872247
9.21881776869594	9.28640687873809	9.17377645878221
5.32945955574587	5.44870386581122	5.49975433187639
7.70079984475831	7.66741124033981	7.69449482782098
9.70322658215285	9.66648850603212	9.64686626779968
8.92360856823035	8.88293493032337	8.86604749730381
4.75700966633826	4.76604469120293	4.64117408646361
4.91274547865964	4.87230337859348	4.91718634629562
9.48845181146748	9.51410931453065	9.37007808500824
4.44067703434442	4.32940493743888	4.56075540400831
9.05367628536442	9.07829177968545	8.98080948242469
5.84050966201193	5.73351878768148	5.83978184261001
9.56783100454123	9.63318568561598	9.51850442304271
9.54067801834636	9.54322146459551	9.48318356867303
5.8120110555251	5.6109752947101	5.78183449340073
4.77188294281979	4.78430689759566	4.797516115633
7.52539971324985	7.35559446141974	7.4120668009372
9.47743558435454	9.38804986452254	9.41333958005892
4.05937039237813	4.1438492842828	4.08631361753187
6.94755083799059	7.02984465557997	6.98894218628624
5.70371144017821	5.79335203719867	5.80916647537192
8.86542578421044	8.83117350263363	8.72965902838787
4.33447763051249	4.1718636604524	4.11162470606106
4.4954695071848	4.78430689759566	4.56075540400831
8.79390924914979	8.75393324855214	8.83028414510242
8.16102611780341	8.16491089981063	8.20056269574349
4.69593408958649	4.56945602527183	5.01432750470615
7.47630094407514	7.40363869427969	7.55500072928251
3.73440823740113	3.97921858251	4.07348957717429
9.14075871921878	9.08429243960235	9.12100303837692
4.62398424770748	4.79335203719866	4.77392929531538
6.10706713440942	6.08244873961865	6.02435786984341
9.24370403449207	9.19423147348085	9.16700146309743
7.70951706185942	7.6338152710682	7.65630361131687
9.28576234547947	9.27474786135279	9.27211001161707
4.15323731584235	4.35406699167314	4.06055052146679
7.90179997209792	7.91643878817973	7.85203610480746
8.55525900194295	8.60649188808912	8.60932037056457
9.49630934132565	9.57765970392705	9.4391871128908
5.16455262907018	5.1296354250631	5.08631361753187
9.70419613530822	9.62339181327949	9.62396153732746
4.2625847120307	4.50484694384875	4.51406216856027
4.77926247318539	5.02601279398894	4.77392929531538
5.2360149916268	5.32317298372736	5.22033096550356
8.64937552333233	8.73469314268397	8.69239940981878
9.06918725073833	9.00475367461714	8.99957373801612
4.90601961547133	4.8976886970134	5.00760164151783
4.71144708895782	4.25278365583596	4.77392929531538
4.15323731584235	4.49379175533976	4.36416673807721
4.34446171908511	4.59036501503481	4.81302911500432
8.54933637916353	8.4714239423113	8.49375059853091
10.0586124753442	10.1130241581457	10.0532209796683
4.27307708584835	4.18566945997742	4.40568600751548
9.45053273499839	9.49725561064333	9.46795227178461
9.57420874213003	9.55756016733861	9.53409173951952
8.87836870930468	8.88505187133547	8.89229997502118
9.35128591819905	9.30747429736937	9.31734359603145
9.623215561938	9.47880167563257	9.53496902446045
4.31429974857486	4.60070695925627	4.61486280934777
3.8787981467363	4.21289092871245	4.4559592139967
9.21133559942653	9.26502725159071	9.20754912605959
8.70079984475831	8.76259464163316	8.6707440529544
8.64231089551407	8.65008879331777	8.64388745013891
8.94304049029255	9.01831840219894	8.94429461265944
8.36667645290064	8.33483590125294	8.36219089429763
8.64836840633444	8.69783613510009	8.53759768302106
8.97432075778059	8.88558062158544	8.89412443943239
5.94262975860554	6.08613378642651	5.96310218135097
9.38855430326829	9.39994231756919	9.37987682116587
4.28349370179369	4.44870386581122	4.31052877447514
9.20141307574323	9.17056256758722	9.13418550886185
7.82276411182198	7.83665279156285	7.82264070978861
4.33447763051249	4.43720822697339	4.20864916045592
4.36422497390654	4.32940493743888	4.17302525072521
4.39337131956606	4.56945602527183	4.29955765665414
4.75700966633826	5.01058275341933	4.88084449923189
4.83697797104168	4.67109628714767	4.94561475462213
8.89374848820227	8.90553087092126	8.831236733477
9.34166067077387	9.33134691517306	9.31428090933625
8.41780920885133	8.4436857910446	8.41588177462137
7.06088503298012	7.16665223380705	7.19539306375366
8.31112130481097	8.30589499229552	8.23983202142204
7.90854549013036	8.03557343229703	7.88176429208479
9.57341306509494	9.600384893167	9.57020071824397
8.09010706894374	8.03271188747613	8.00507133679282
8.10045431133777	8.03938001772677	8.04009802355024
6.20894674842863	6.34178866189471	6.19094715872247
8.47289165920959	8.58906704370039	8.56934460406146
8.41307323400861	8.36851307062406	8.47436901345647
5.37887174987095	5.23960826708823	5.44604374513162
6.16736764467723	6.02601279398894	6.14877770447853
8.0975055212649	7.99106019515451	8.02685460258231
5.34446171908512	5.27877886436891	5.51406216856027
5.34942797197847	5.31691399325568	5.2434145786166
7.52539971324985	7.41686777868921	7.39025596694588
4.8084088188449	4.59036501503481	4.66701409139887
9.91400309464009	9.9607701830304	9.85765700168742
9.10082248667239	9.05215359391026	9.01222903882215
6.85280293820335	6.77063196069858	6.88452015737529
8.46604882405273	8.42925150314505	8.436059656559
9.47573328912354	9.46046357927369	9.49765586599239
4.24136822612101	4.25278365583596	4.11162470606106
8.75841056792841	8.81349861031044	8.72402849243139
8.79754782621314	8.88822146991736	8.72863692771395
3.82276411182198	3.84646337365823	3.82072350679432
8.70806784522235	8.71638233546244	8.66327446135229
8.44416321012266	8.38356479860702	8.45410524710089
8.70710089140539	8.69301106357611	8.67870450192189
8.24537015667851	8.17359662767685	8.21741937008366
6.38129848726549	6.48544441262624	6.436059656559
5.93604209857078	5.99106019515452	5.98381107818308
8.62603207635634	8.63255582529561	8.55500072928251
9.90032017633682	9.91333064685354	9.90502303736895
5.17017717826406	5.15792446949452	5.06703455503699
4.86499234721127	4.81127394519593	4.86604749730381
6.03491734865359	6.04127955064225	6.0926831424076
5.36422497390654	5.51581806166976	5.36416673807721
8.2645578534929	8.19252313101849	8.20864916045593
4.81560432024911	4.75682616117355	4.74995043238094
4.75700966633826	4.75682616117355	5.06703455503699
3.41248014251376	3.70024263280719	3.51406216856027
4.97190755112778	4.82015209654238	5.22033096550356
4.24136822612101	4.54823953936213	4.62368665973477
8.70999981074828	8.82567332425655	8.58749908715613
9.2062117807074	9.29757515711151	9.20277259411926
7.16736764467723	7.22464069149026	7.25055311391783
4.80117724961383	4.69059246277347	4.94561475462213
4.91944013123365	4.92263505414363	5.01432750470615
4.8084088188449	4.75682616117355	4.74995043238094
8.9306673866569	8.98020910437581	8.90818634804466
5.85455060048963	5.90605216994803	5.84356348315243
7.82097749234796	7.86802872349316	7.81206442420216
8.65540350581048	8.75509110980281	8.67658600662068
4.96545252899048	5.1993443968745	5.44604374513162
4.64028606003658	4.91436743816003	4.67552559125439
4.95896849542028	5.01831840219894	5.0926831424076
8.81874110212973	8.85350753245327	8.83218869328778
8.63571976279457	8.64510107861472	8.59031520173543
9.08564971717697	9.08014079633188	9.04626427474199
7.78568874234482	7.79672939740098	7.7347586980347
8.18066446729069	8.1993443968745	8.13495720989168
4.27307708584835	4.29160290472649	4.25481934188885
8.13393915041246	8.15266235408911	8.07026567630001
6.28089659030765	6.29479118235754	6.35359749636703
8.92776499588458	8.79278837435075	8.80723127046621
7.41603503969039	7.40216127987419	7.41588177462137
9.15252715336634	9.10623499248302	9.1010006934787
8.67778674287623	8.70923141603444	8.72043394873658
8.67284261521053	8.65567943771665	8.711666874145
5.80479756529253	5.86374136509006	5.83978184261001
9.36023241456616	9.47985256438188	9.32378799508062
9.73322132245069	9.78713960033351	9.73221111651294
6.98632661104075	6.96327703864098	6.95438496424986
4.40295736839526	4.25278365583596	4.40568600751548
6.24936101687454	6.21289092871245	6.08950189516292
10.7390278978692	10.7223144780346	10.6956721643662
4.48648072395754	4.66124850119132	4.41588177462137
4.79390924914979	4.76604469120293	4.797516115633
9.0233107290056	8.99400547356613	8.99192692661084
8.96949030112209	8.95221414340712	8.91449223712635
4.59081738377228	4.82015209654238	4.53292119581159
5.36422497390654	5.17878307439218	5.17302525072521
5.23064181952796	5.33561008696558	5.34295025216752
4.53959206041711	4.30431395647605	4.22033096550356
9.75068872055067	9.73439964353924	9.72325898665749
9.55660166843437	9.49794738483107	9.49705574325458
5.22524856075774	5.27232384223161	5.28294294280324
5.89247308363338	5.82015209654238	5.87715945242404
6.36667645290064	6.51308309394852	6.64551302218795
8.7640006105989	8.83117350263363	8.72094800362921
8.85760392446718	8.83062442744493	8.79458876588147
9.22592382172999	9.07921658423051	9.11866416452088
4.56543206535236	4.54823953936213	4.55153687397894
8.66986798520642	8.8006596840451	8.67764564312876
5.58661739524299	5.44296749626207	5.60598465800131
8.85934578407013	8.81016032488522	8.82407694190413
9.13321942226539	9.17012860908165	9.18871905783035
8.81335957879595	8.86535061795172	8.82837707933776
5.0714432246787	5.17878307439218	5.23767820906746
8.60022289000673	8.72645251213003	8.5841124775238
8.74528228066914	8.76604469120293	8.72248907022497
4.58240514395608	4.57994839908947	4.436059656559
9.05557681921968	9.04412416879859	9.05403721450812
4.66439851615339	4.55888678356164	4.57901761040104
5.2360149916268	5.17186366045239	5.10533844321363
9.45859894234168	9.47388738120384	9.43261160593349
9.03876556390105	9.11121683559062	8.93546265951259
8.98831790885984	9.00377986760015	8.9574419853078
6.4545714760028	6.43720822697339	6.45842746958745
4.62398424770748	4.53751313276907	4.51406216856027
8.13465851968236	8.25032241831968	8.18574289371994
9.35190470227068	9.39289300284271	9.32039979474245
9.07069162526556	9.00377986760015	8.97521846766703
9.37735296349961	9.36926939831681	9.35591614347068
4.94591234259484	4.97126982939451	4.98038017278281
4.30410398146898	4.26583980866141	4.39541767206165
8.95490112582209	9.07782915500909	8.89594659949892
4.04719567843202	4.1993443968745	4.17302525072521
9.33353807004888	9.38767664112351	9.32311099129491
9.63698962912151	9.64385145095679	9.57134141412541
8.38493095676541	8.37981656308505	8.36482475179028
9.45917337796181	9.4328736367095	9.42695150479023
6.10706713440942	6.19593779543125	6.09902466928143
9.06541943705093	8.98218811022919	9.02269097764077
8.88222905213658	8.88822146991736	8.83836116791038
4.8580395865695	4.76604469120293	4.8734649688663
8.80795790618585	8.75913632186075	8.76598054219989
8.00847368035922	7.92160418947606	7.92523861859035
13.1331069323011	13.1447606258269	13.0878837284634
12.1107278697937	12.1775961594417	12.0626813089174
5.00375641716713	4.97921858251	4.95962161261601
5.41248014251377	5.49932993888119	5.47558802074564
9.69715206774316	9.73645288476946	9.7347586980347
8.3543771879502	8.34486805482668	8.37531235847196
9.57075763448903	9.57503959870585	9.56734502641511
8.64937552333233	8.70743813421139	8.59480958244463
9.29897894929111	9.33986069816947	9.24841525967497
4.96545252899048	4.90605216994803	4.92434613786848
6.7993636792419	6.59812841515449	6.63026931012474
9.26126778355872	9.29160290472649	9.2115784914946
8.9994186674322	9.03509690213882	8.94517484150975
3.95896849542029	4.29160290472649	4.16095241842463
8.86412508235745	8.88293493032337	8.82837707933776
8.81650123979363	8.73527996190739	8.77244223621699
9.34228359610345	9.34640528996508	9.30162110640884
6.86325729584053	6.97723549623089	6.88268349889568
5.15890606592904	5.17186366045239	5.23191893977877
9.80908492369563	9.790249162711	9.71270106418275
8.76446547125731	8.86159289851149	8.79946438742252
4.68025246735422	4.26583980866141	4.57901761040104
9.10743362622922	9.05920145863951	9.08910374556997
9.47232266096088	9.42380119427929	9.43261160593349
8.69788236137601	8.57667772201219	8.63736678348631
9.6051622958186	9.63129527908969	9.55903141052586
7.53414997534886	7.50759755486478	7.52470068900662
4.74951512979134	4.79335203719866	5.03431897989361
7.40653577876451	7.49656350458981	7.50930863858964
7.43133916976508	7.39771993709242	7.39025596694588
9.5204542673986	9.50691039360346	9.52116322493542
7.01473946671595	7.08980944456991	7.0718785272683
8.01552078005262	7.86159289851148	8.01012751617686
4.43133916976508	4.30431395647605	4.46580699995305
8.33572942672195	8.31062773040825	8.32818079283718
9.53605704111352	9.48335000861811	9.47131698134533
4.51328078330126	4.40216127987419	4.41588177462137
9.01591127810369	9.06060690935065	8.97651062632116
8.98353416850263	8.92263505414363	8.93324619719171
5.18136091675674	5.48823222999786	5.38507572784019
8.97150495728092	9.04696318914583	8.96744111707531
9.22761059269367	9.19209572913686	9.19613271772571
4.51328078330126	4.71935145575489	4.83599026344763
9.27503593888641	9.24415089155115	9.249128229811
6.56115741025204	6.45156351995046	6.59031520173543
8.49938455718818	8.46930907014041	8.46273678163985
9.66065740841031	9.6750778278409	9.64442951102858
4.95896849542028	4.78430689759566	5.00760164151783
6.23333090705559	6.21961679190076	6.04092171471786
5.64028606003658	5.84211134911852	5.7857709079599
4.08341586634477	3.81127394519593	4.14877770447853
5.15323731584235	5.07133678449843	5.11788369653274
7.37156694924772	7.30905187548271	7.3295297364052
9.50384592925028	9.36548378858532	9.42411310506212
7.16314305881551	7.13675985949648	7.30916193871123
8.59918085670691	8.63255582529561	8.54806468207213
7.73630527257373	7.8945398524584	7.70388672744029
8.4904202096456	8.68998717850157	8.48590820600956
8.45284197125115	8.53076840313573	8.37596530939548
5.91609668815928	5.99498589836832	5.88084449923189
8.81021106147889	8.8818752938153	8.74389292156057
8.89204769809561	8.86320454832447	8.82694512384463
9.57526896267445	9.60167272636199	9.56075540400831
9.58345936032808	9.61640076636141	9.54080399719054
9.5490665904688	9.57864101790268	9.57219634454503
9.36667645290064	9.3958653346505	9.36087216016478
8.92152585523563	9.03127898382493	8.91134273789137
8.90264488869067	8.9607701830304	8.7896966111737
9.20449978923928	9.25319345417443	9.18201403395246
8.61833768456634	8.63129527908969	8.57504245918062
5.06541943705093	5.02601279398894	4.99405510967989
8.86108554314848	8.83062442744493	8.84309131982278
4.84403272857563	4.95523971957556	4.64117408646361
4.36422497390654	4.59036501503481	4.71734576694902
8.75887723299503	8.72053739502503	8.79116600024069
9.81335957879595	9.82539776412947	9.73857165516802
8.68713416032501	8.79785342943361	8.74641997605306
7.96626098798664	7.93596969264524	7.95875015681126
6.36912377331938	6.48544441262624	6.52822950048686
6.68615306879391	6.60585026253223	6.53292119581159
9.34041401263548	9.26340076320999	9.27910830349123
4.8580395865695	4.60070695925627	4.73374020519968
7.81650123979363	7.812386706563	7.84733523704164
4.1418325525701	4.23960826708823	4.20864916045592
7.74009187590471	7.72763263083869	7.78281960442629
9.44677232474277	9.35864455777969	9.39767012379303
9.42782182944284	9.36548378858532	9.37922563855907
9.29157967207478	9.38767664112351	9.31768349355709
7.42311866296011	7.31848128840263	7.40568600751548
8.89204769809561	8.8818752938153	8.91314329355833
8.98752171952347	8.91229310992217	8.9158399205881
4.93933968867135	4.79335203719866	4.7896966111737
9.18240496097614	9.10214610441514	9.06501142324998
8.88008569259676	8.87816042500303	8.82503363626339
4.77188294281979	4.70024263280718	4.56075540400831
8.67926668320867	8.64322623099428	8.63191029044295
4.64836840633444	4.75682616117355	4.70907815096542
4.21983506457137	4.39028717958589	4.27736191053994
5.02873877372446	5.24621100191248	5.23767820906746
5.02873877372446	4.97126982939451	5.02768588756116
8.89968551321013	8.85026065552192	8.80819919740013
8.92942421980627	9.01493915846347	8.90502303736895
6.10119056807275	5.86802872349316	6.02102215728016
8.47516541072971	8.52331259821668	8.50930863858964
9.65088488183885	9.7382104830062	9.63709444841407
5.00375641716713	5.15090404181675	4.9526351822999
4.89247308363338	4.9308555609486	4.54225906039093
4.92610386151466	5.00280540282762	4.80529346622472
4.62398424770748	4.42562025269817	4.34295025216752
8.85673220538272	8.85836418763561	8.83361545625973
9.73155799931721	9.72822232839069	9.68398717000258
5.25201547032052	5.39623644591709	5.44106033761736
4.71144708895782	4.69059246277347	4.67552559125439
8.82231766433554	8.86909857525957	8.85812442273181
7.69007343816525	7.63884208814304	7.59031520173542
9.50440263195481	9.48335000861811	9.39541767206165
5.91274547865964	5.71935145575489	5.81688144049993
5.33447763051249	5.45441751700561	5.44604374513162
4.5044026319548	4.49379175533976	4.40568600751548
5.86845620251484	5.85944122765644	5.91718634629561
8.77696042220885	8.71459792578425	8.71579919359288
8.54555473862111	8.58581699717861	8.58918941545833
8.56115741025204	8.65071104695731	8.64117408646361
9.93954553800336	9.94055696214089	9.89981106500901
4.1418325525701	4.46010862908347	4.34295025216752
5.20894674842863	5.40216127987419	5.50930863858964
4.4954695071848	4.41393844765054	4.48530317557885
5.26258471203071	5.20613356253714	5.44106033761736
4.09528996663307	4.02601279398894	3.9526351822999
4.47743558435454	4.67109628714767	4.35359749636703
9.28154630661716	9.26299385443818	9.29300386038008
9.26652830001941	9.21793826344977	9.20644825226265
4.63215817915318	4.55888678356164	4.58806275000405
7.28219573045927	7.13853548438633	7.30368160907887
8.04948627701994	7.9572532510132	8.08471683259754
7.15039456607353	7.17878307439218	7.21304092957309
9.75443780836038	9.74113506345408	9.64117408646361
9.79800200378367	9.79476023159147	9.74439868669841
8.63521150313073	8.70204487544117	8.66166879057899
5.11874893945706	5.11528013208603	4.92434613786848
8.93315051126456	8.93187983862094	8.92523861859035
6.74386856665019	6.79560448893004	6.72761410240284
5.2678404374822	5.32317298372736	5.37987682116587
6.94755083799059	6.85512823478535	6.90818634804466
8.5357847574398	8.51650099424624	8.55442399729765
9.03453196197014	9.11031232456356	8.9574419853078
9.42987465330505	9.452634430583	9.47558802074564
5.29897894929111	5.28520513352834	5.33222384557446
8.9140030946401	8.95322337397705	8.81591932306455
9.16736764467723	9.1121207798814	9.15487790401495
6.37887174987095	6.31377428572511	6.53759768302106
9.34010217970637	9.27272812836033	9.27140831168062
7.07594461691364	6.95725325101321	7.09109339564521
8.88906648219013	8.82567332425655	8.81302911500432
8.25797019345814	8.1215781559864	8.25197659212002
5.58661739524299	5.75682616117355	5.70907815096542
3.98473159148536	4.07133678449843	4.23191893977877
9.58661739524299	9.5625287006878	9.5992900054273
8.48366020489516	8.56285932863491	8.51820869791287
7.80027074940123	7.60328090292009	7.64334518550524
7.74292532043099	7.61353099961385	7.72659055142632
8.44821979656168	8.36926939831682	8.3934841961758
9.92610386151466	9.88558062158544	9.86906544603193
8.73440823740113	8.78827112591378	8.73170105992608
6.61370127444562	6.72172236021763	6.64551302218795
9.40116482928593	9.48090268819937	9.37531235847196
9.01864180894075	8.9697745502409	9.04338997030861
8.19521976531712	8.33947479605646	8.11632149276246
4.8510531562534	5.02601279398894	5.00760164151783
5.51328078330126	5.43720822697339	5.54225906039092
9.84271258661294	9.93571441616207	9.76049025864953
9.66190552254723	9.63695908368923	9.62670743659738
5.72297334233885	5.87230337859349	5.34828369647056
9.56169243530578	9.63538803372357	9.40216450450224
6.61163585527983	6.63381527106821	6.53292119581159
5.51769945456826	5.58516610836049	5.12411565024426
9.0353026324163	9.08980944456991	9.01684164134163
5.89247308363338	6.06761369845571	5.80529346622472
7.70177102960877	7.80234082042592	7.6214857515415
6.98153625232556	6.94106575955082	6.98209664537183
9.18692044209863	9.28279863582124	9.19391261719903
6.52868728407823	6.64634962481198	6.36416673807721
9.24203598592969	9.3575015271844	8.90908887859702
8.15039456607352	8.23380598102169	7.74793408678244
6.84579104084799	7.01445576256654	6.63026931012474
9.09565946209952	9.22589393758692	8.90003806446521
4.91274547865964	4.64134894375361	4.76598054219989
6.83520887818863	7.04696318914583	6.72556627375399
5.71914148074782	5.7521947124419	5.6881994212895
7.23869409182268	7.37078086523441	7.14877770447852
7.23869409182268	7.26258683086632	7.14877770447852
5.05329587796844	5.00280540282762	4.82072350679432
5.32442396584857	5.3479408888763	5.09902466928143
5.13609618302095	5.36016719120956	5.15487790401495
4.67234726926888	4.85512823478535	4.88084449923189
6.18414335742806	6.25278365583596	6.08631361753187
8.96908703206541	9.03223441103924	8.83171279190102
8.91693327562308	8.97226582186823	8.85531762215604
4.68811458512719	4.91436743816003	4.65845207789545
5.00375641716713	5.1993443968745	4.7896966111737
9.10706713440942	9.22505856116469	9.07911412636817
5.75700966633826	5.96327703864098	5.36942246352871
5.88222905213658	6.08613378642651	5.6324568693625
7.72870211905591	7.85296689349589	7.75296967667974
6.508848536986	6.58255961254601	6.28572538347457
4.73440823740113	4.95523971957556	4.49495334561257
10.2594550418216	10.3936366600968	10.0954609909584
5.19245862564006	5.1993443968745	5.12411565024426
9.84535166364316	9.96702917350209	9.80626269369879
6.72870211905591	6.94309915670335	6.60598465800131
7.99348245672167	8.12516472101787	7.89912985225965
6.21167654118421	6.2229680014004	5.98381107818308
6.45687426187222	6.50209107855825	6.50214884701677
6.66638981397248	6.77976297245071	6.72351553418921
6.16455262907018	6.1891003653777	5.8623244112611
6.95896849542029	7.07875425606092	6.74793408678244
6.31937073812229	6.44009073550651	6.40568600751548
9.56142494758074	9.67691176246187	9.45193927022514
5.63622784346222	5.72408937476155	5.60598465800131
6.03799674158556	6.25278365583596	5.95962161261601
4.97190755112778	5.11528013208603	4.85109715583784
5.38855430326829	5.72408937476155	5.39025596694587
7.63113896678943	7.74405372728768	7.50214884701677
6.53959206041711	6.5720862813165	6.45842746958745
5.6881145851272	5.91850716852096	5.46580699995305
4.58240514395608	4.82015209654238	4.74186808608308
5.62807700234136	5.59036501503481	5.50453939444177
9.01121831096992	9.05826373027313	8.85999259397491
7.18969219134869	7.34486805482668	7.04092171471786
9.37461511231041	9.4615279061688	9.25623861897419
6.70758444932542	6.92675116261586	6.49975433187639
4.95245518846161	5.10078056239091	4.72556627375398
5.11874893945706	5.1438492842828	5.25481934188885
4.18692044209863	4.48265119773456	4.22033096550356
7.91693327562308	7.9612719027506	7.80723127046621
7.55794308651417	7.67843826248883	7.41461123729497
4.530874843316	5.09347576176768	4.51406216856027
8.82410262595005	8.98268243781357	8.69972009626718
4.8510531562534	4.880814878449	4.80529346622472
4.87191176115106	4.97921858251	4.88084449923189
4.66439851615339	4.91436743816003	4.75798775144636
9.28284486209717	9.42270865727827	9.12100303837692
3.55687005184894	3.49379175533976	3.33222384557446
5.79390924914979	5.79785342943361	5.91718634629561
6.00060298412825	6.10804856285495	5.93855999708818
8.88736016023973	8.99155149263616	8.63791129945461
5.52210463368827	5.60585026253223	5.32141709061788
9.60178453010966	9.65598939475746	9.5352613342661
8.64382765932038	8.80009886963925	8.40696442588969
5.13609618302095	5.29797242960222	4.77392929531538
9.42400167535587	9.49031956343295	9.32885542228173
9.6498788183107	9.76144278924392	9.52676021118491
7.95327096176064	7.8955902311294	7.97780162868103
8.24270343680483	8.42343710720079	8.08950189516292
9.93954553800336	10.0269717139584	9.83693909284118
8.54771688970529	8.63003363052578	8.2434145786166
4.81560432024911	4.97126982939451	4.7896966111737
6.37887174987095	6.51581806166976	6.47314897529422
4.48648072395754	4.34178866189471	4.41588177462137
8.68468017939503	8.77691573442199	8.71270106418275
5.04106957563518	5.22631144447477	5.11788369653274
5.1418325525701	5.31062773040825	5.23767820906746
6.75887723299503	6.68574306311207	6.71114950098511
8.74103697586703	8.79672939740098	8.69710982770476
8.07369567641008	7.95523971957556	8.03597249874613
7.85192831250765	7.67354776614176	7.79458876588148
8.54825692154423	8.5707717527145	8.5352613342661
8.91022695307231	8.98367058514048	8.9117930875254
9.11547298110028	9.0417540433421	9.01726023848395
8.78797691894009	8.82236312385773	8.73780986950873
8.88693326423398	9.02697171395837	8.86465246572931
4.1418325525701	4.46010862908347	4.06055052146679
9.38764931941787	9.40622053448971	9.32311099129491
5.83343761333643	5.77063196069858	5.75397468893974
9.50551539332188	9.51991081630364	9.49945473784751
7.42194047176283	7.45441751700562	7.54806468207213
9.40206137724284	9.30114667739736	9.32311099129491
9.20997102610097	9.09576248762429	9.16963996554057
8.62654357965575	8.75451229533531	8.55960630395482
8.70661717135362	8.66186596109413	8.5920022356921
4.8787981467363	4.70024263280718	5.04092171471786
9.41396241433931	9.3958653346505	9.31359942843511
9.03221747745093	9.14561621045699	9.07991584633372
7.03028589992194	7.10804856285495	7.01600408251353
6.5590153236805	6.53211987399886	6.49735583582787
8.1353775304328	8.0422283800358	8.04092171471786
5.03491734865359	5.21289092871245	4.93855999708818
9.09196024201921	8.9527188469424	9.01600408251353
7.46261519678919	7.48544441262624	7.52470068900662
9.24736696674245	9.20104468586434	9.17902399134665
9.29608809774653	9.29399477326147	9.31564290617178
7.85716813076476	7.84211134911852	7.8734649688663
9.27111556951506	9.14075194670721	9.1990875473114
4.90601961547133	5.00280540282762	5.11788369653274
8.58398617977556	8.51376732210499	8.54690542524729
8.48139981267265	8.53751313276907	8.45039015052203
9.25300963255641	9.22254952567857	9.27980626917532
5.13609618302095	5.12247563349023	5.19094715872247
4.43133916976508	4.54823953936213	4.64117408646361
7.20757991266472	7.29797242960222	7.25055311391783
8.54284748498207	8.53818587469821	8.49795583377409
8.27894568393749	8.34178866189471	8.21230989584024
4.64836840633444	4.6109752947101	4.98038017278281
8.83255116474271	8.76719287673181	8.76896645918343
9.38432617996306	9.40031238170894	9.40472644975421
9.54013514156069	9.55157525192539	9.51139023542324
8.78751957386069	8.73175546086891	8.77392929531538
9.54447244671672	9.55190839937887	9.50065274085668
8.65440058950948	8.68270388979331	8.64551302218795
9.32410865712895	9.23960826708823	9.22504981120803
8.41485104697651	8.37455261912362	8.34428546285134
5.24670167042405	5.27232384223161	5.14265160168168
9.20449978923928	9.20401537827631	9.11162470606106
5.64028606003658	5.64134894375362	5.51880008756693
9.15394712891491	9.18652795154747	9.13418550886185
8.4892957395646	8.55290738040498	8.50752201911562
8.65640572539986	8.60263784739757	8.65469015909925
5.63215817915318	5.69542561650941	5.56534267350396
8.68320578474357	8.68513574041697	8.71991971061284
7.11145890352658	7.08429243960235	7.19094715872247
6.82097749234796	6.87869170655604	6.88452015737529
9.08527764882136	9.02649233364464	9.04256768756142
4.66439851615339	4.79335203719866	4.55153687397894
8.46433303192872	8.52941566507048	8.4590438742287
5.47289165920959	5.23297517475578	5.45100999802497
7.49770797938079	7.4386502011473	7.42978433113251
8.76817897405637	8.71519297427316	8.75045407876095
8.95978059509886	9.06668142376034	8.95482207833922
9.57844495744282	9.50002071937841	9.49194459574023
9.48676247281908	9.49275097493568	9.428211225491
8.09158979779048	8.01928244836972	7.97521846766703
6.91442205646702	6.56153636197559	6.83028414510241
8.4649051893984	8.55756016733861	8.52822950048686
6.09528996663307	6.30747429736937	6.0926831424076
4.57394356520788	4.71935145575489	4.46580699995305
4.87191176115106	4.86374136509006	4.81302911500432
8.2062117807074	8.22045532435151	8.18051978727213
4.530874843316	4.78430689759566	4.69239940981879
8.70999981074828	8.66124850119132	8.6449713683273
9.48507115370287	9.47985256438188	9.42000331033993
8.8343235175957	8.90239911489937	8.79018657383451
8.68074510694955	8.65753818185295	8.66914667869168
9.33479068140683	9.35215537745297	9.35127511681845
12.4201344997308	12.4840921244853	12.381259609065
7.03645786672937	7.05826373027313	6.97349378719757
7.54284748498207	7.48125255967941	7.53409173951952
9.20757991266473	9.21751832601676	9.21887590230317
9.26159712839313	9.16882594981401	9.20938205101824
7.89672005473357	7.90083068382528	7.88818647457306
9.50857106895151	9.51068573665236	9.51228142975255
5.11874893945706	4.80234082042592	4.93855999708818
4.88565181777737	5.07133678449843	5.21450188670137
5.58240514395608	5.57471175072333	5.5970515332313
7.53305909057787	7.53481902359981	7.50453939444176
5.83697797104167	5.72408937476155	5.65415194046182
8.12455456113826	8.22129336970814	8.16246705902663
8.82855539195668	8.84809200416897	8.72556627375398
7.70177102960877	7.70264512302249	7.65952511256067
4.3543771879502	4.42562025269817	4.74995043238094
9.62295924230671	9.59716027170631	9.61458619252381
5.84754721275186	5.86802872349316	5.93855999708818
5.41721806152043	5.53211987399886	5.58354726888155
9.83410209252568	9.8602484803349	9.80480860819935
4.74951512979134	4.87230337859348	4.92434613786848
5.11874893945706	5.32317298372736	5.37465911189486
9.7124111351286	9.75074433025391	9.73272099283593
4.8580395865695	5.02601279398894	4.93147057230186
8.70516503731971	8.69482235702293	8.74641997605306
4.82276411182198	4.83774615655712	5.00084427534252
9.46060846714897	9.53380743418764	9.47954269597502
6.09528996663307	6.33561008696558	6.19687199267957
8.69642140424773	8.70084363054172	8.65415194046182
8.63368564889977	8.63821469302948	8.60375655710919
4.54825692154424	5.04885277034705	4.80529346622472
4.33447763051249	4.34178866189471	4.26613465511669
9.43280220106467	9.36320764552961	9.41142999005028
4.52210463368827	4.53751313276907	4.56991540329379
4.28349370179369	4.39028717958589	4.20864916045592
4.34446171908511	4.31691399325568	4.33222384557445
4.8084088188449	5.01058275341933	4.78183449340073
9.73890962963607	9.78996675201403	9.72761410240284
6.15607447514587	6.12605997083927	6.07991584633372
7.70564924441971	7.58255961254601	7.69030094393479
8.65990802130616	8.68513574041697	8.57958459607974
9.1564287280736	9.25114329745471	9.0918884879998
8.06390955199329	8.07412280732927	8.11710280609912
8.82008335222582	8.92005651004185	8.81543802363026
8.63521150313073	8.67904841053806	8.62533514025032
6.25201547032052	6.45156351995046	6.3456194389435
7.57923786487739	7.5720862813165	7.61375602368482
8.81829340777675	8.88663754107659	8.78429601087364
4.29383564601515	4.04127955064225	4.41588177462137
5.93273695384711	6.13675985949648	6.1084849985305
4.80117724961383	4.92263505414363	4.70076288275341
4.41248014251376	4.59036501503481	4.65845207789545
8.68713416032501	8.67965830065109	8.67976258414086
8.15323731584235	8.25932650170273	8.13109457025929
8.76353560010627	8.68816980050661	8.65469015909925
4.46833337724729	4.48265119773456	4.58806275000405
4.84403272857563	4.84646337365823	4.88818647457306
5.20894674842863	5.10078056239091	5.06055052146679
7.68909434410603	7.71340709200563	7.4840923529808
4.530874843316	4.79335203719866	4.5970515332313
8.88094341856786	8.78373968900141	8.84827663677546
9.19556453650789	9.18566945997743	9.17377645878221
9.51466307241811	9.49066715891491	9.49164337535269
9.32662919944449	9.35978668348195	9.38734437152597
4.52210463368827	4.52670637781249	4.38507572784019
9.29383564601515	9.33018204224672	9.19205992008954
6.55472158527037	6.77292013729385	6.7838040432505
8.66887507736207	8.55689640149258	8.65469015909925
8.94016290982972	8.89401437620386	8.92523861859035
4.73440823740113	4.96327703864098	4.93147057230186
4.09528996663307	4.36624170561925	4.48530317557885
4.72679505329126	4.62117106181599	4.73374020519968
8.51549181061661	8.50897089627348	8.5176170657369
5.43133916976508	5.52127249176187	5.43104158179237
7.83255116474271	7.67843826248883	7.80626269369879
9.56543206535237	9.59651448161456	9.57475810024783
9.69690855435903	9.72969551859415	9.71321788132634
9.36053992709869	9.44476256311166	9.38669655155959
4.93273695384711	4.72881178500395	5.04749436864135
8.91442205646702	8.9390294923943	8.86139213656572
9.22085164362052	9.26177243906322	9.17114551750698
9.79208651354297	9.812386706563	9.77120184834857
5.07744196530014	5.23297517475578	5.00084427534252
7.38613975033498	7.43142587437938	7.436059656559
5.90601961547133	6.08613378642651	5.90999084489141
4.89926224929602	4.92263505414363	4.98038017278281
7.9491874746277	7.91436743816003	7.98466753118591
4.2625847120307	4.25278365583596	4.37465911189486
8.83476626580875	8.72998997620124	8.75598261555598
9.50468090277077	9.40253077534065	9.3779223909177
8.88351354105439	8.88293493032337	8.82551174564337
4.41248014251376	4.59036501503481	4.42600599189507
8.69447115719051	8.68998717850157	8.69710982770476
4.80117724961383	4.95523971957556	4.83599026344763
9.46861869219746	9.5055350884079	9.43009874652896
8.4545714760028	8.39177679772638	8.44604374513162
8.62654357965575	8.65133303232624	8.57561100895779
8.70758444932542	8.70204487544117	8.7183758955475
7.57500398057418	7.54020222029672	7.47192790451384
8.53032826439645	8.51650099424624	8.53759768302106
8.54825692154423	8.54623440347176	8.44168420575288
7.38976006601368	7.35100719192409	7.38896264992436
4.83697797104168	4.84646337365823	4.7896966111737
8.65138765063323	8.67660626853995	8.60152500981061
7.50217453106269	7.52941566507048	7.51168736137237
5.36912377331938	5.04885277034705	5.06703455503699
7.07893776122563	7.03938001772676	7.17001650085287
8.77234527098939	8.76948651003032	8.75095754937883
9.60723699693601	9.63664501053225	9.55384703466614
9.55149287439449	9.52229290560204	9.51732115864102
4.21983506457137	4.56945602527183	4.32141709061787
8.32000336038232	8.36926939831682	8.30162110640884
4.74198145710593	4.69059246277347	4.84356348315244
9.02757733930707	9.043650455105	9.06905485370195
9.81582860241682	9.80876708958535	9.8139931611751
8.85673220538272	8.74463675216564	8.87438947709459
4.1418325525701	4.11528013208603	4.34295025216752
9.77534679812336	9.80318065456677	9.77936876892274
4.27307708584835	4.36624170561925	4.57901761040104
8.42782182944284	8.46010862908347	8.39606158862708
8.86672531443573	8.84592008800282	8.86651220822453
5.05937039237812	5.05638644303246	4.90275927566033
5.30410398146898	5.54288630486793	5.23191893977877
8.91232602959697	8.9272648514377	8.89503580714488
9.09528996663307	9.11482921942698	9.05199576087629
3.67234726926887	3.86374136509006	3.70907815096541
7.63521150313073	7.63758702495741	7.67764564312876
5.9557155176252	6.11528013208603	5.83978184261001
4.40295736839526	4.35406699167314	4.48530317557885
5.13609618302095	5.33561008696558	5.04749436864135
9.37613678214971	9.40363869427969	9.2832910414998
7.11729387625667	6.92469457632192	7.15487790401495
9.67259496349919	9.69180227000653	9.63354940636351
4.73440823740113	4.65133303232624	4.64117408646361
8.9918953333043	8.90083068382528	8.91853151659436
7.60438351305157	7.61735608813182	7.58918941545833
4.530874843316	4.41393844765054	4.39541767206165
8.26587178349346	8.28680723812484	8.23119741186131
8.42370739793702	8.40879776250345	8.40056097533761
7.52539971324985	7.48683899469799	7.42600599189508
5.34446171908512	5.18566945997743	5.29404065168657
8.62142036745052	8.59166181965326	8.65415194046182
8.92319226609476	8.81959880984686	8.88314288276865
6.24136822612101	6.10441913945426	6.12100303837692
8.56703180128514	8.54757147033381	8.5176170657369
4.09528996663307	4.39028717958589	4.00760164151784
5.11874893945706	5.10804856285495	5.01432750470615
6.18969219134869	6.36016719120956	6.26894967072374
8.60178453010966	8.54288630486793	8.49795583377409
9.08899402140938	9.09986948244848	9.06622564274168
8.52594816223607	8.42197983935882	8.51406216856027
6.53959206041711	6.61353099961385	6.43104158179237
7.64028606003658	7.53347008003179	7.69972009626718
4.69593408958649	4.97921858251	4.98038017278281
9.77719079267495	9.80513836840527	9.69580292024978
7.55472158527037	7.59683741279462	7.54806468207213
4.73440823740113	5.00280540282762	4.88084449923189
9.65690657423005	9.68816980050661	9.65818369448087
8.77095784176796	8.85242605186223	8.73780986950873
9.12708719258145	9.17056256758722	9.12722156111208
4.38372114953234	4.52670637781249	4.49495334561257
8.18483812991483	8.21204798680072	8.14188400653674
8.92277584379691	8.88293493032337	8.87762059835761
9.31398221912692	9.26054998873653	9.249128229811
8.84359281546324	8.86535061795172	8.81736225871498
7.42194047176283	7.38879602178814	7.41333958005891
9.34973779589051	9.36926939831681	9.36778210514745
4.28349370179369	4.23960826708823	4.53292119581159
9.74457559682406	9.71400263176265	9.72607850349162
4.20894674842863	4.54823953936213	3.8954912751963
4.95245518846161	5.04127955064225	4.99405510967989
5.21440117852074	5.12247563349023	5.16095241842463
10.1158373440372	10.1785673442922	10.0222739534896
9.30634047074118	9.26624591564252	9.30847803491038
5.75326726465244	5.7521947124419	5.76598054219989
9.35561184360184	9.28560582650158	9.28642015596133
4.63215817915318	4.76604469120293	4.68398717000258
4.95896849542028	4.8976886970134	4.86604749730381
8.73677914186388	8.72053739502503	8.7749198171812
5.10706713440942	4.9308555609486	5.06055052146679
8.61060203578673	8.64009606044353	8.67552559125439
7.19383985603843	7.08980944456991	7.17902399134665
4.91944013123365	4.64134894375361	4.82837707933776
8.68958397419418	8.60585026253223	8.57731531517004
9.46318803580442	9.51854785442533	9.46273678163986
8.79709350561707	8.76776662700419	8.82503363626339
4.77188294281979	4.9308555609486	4.88818647457306
4.98473159148537	5.01058275341933	5.13032079977097
8.92235930126741	8.97425574637805	8.87115110302805
9.39907071481017	9.33173499723078	9.28676741677439
8.62807700234136	8.66618079673355	8.62643308173473
6.59500518073571	6.53481902359981	6.58354726888156
4.91944013123365	5.01831840219894	4.98723384382387
5.31429974857486	5.1993443968745	5.08631361753187
8.73013076585451	8.69663137925481	8.72351553418922
9.47856933297154	9.53279513497111	9.46580699995305
7.52649640280542	7.5280616574245	7.50453939444176
5.530874843316	5.64134894375362	5.52352249780934
9.5032890116441	9.48614187217131	9.43856216376217
5.21440117852074	5.26583980866141	5.44604374513162
4.29383564601515	4.40216127987419	4.5970515332313
5.5044026319548	5.54288630486793	5.44106033761736
7.47630094407514	7.55224146991963	7.46948265809645
4.4954695071848	4.44870386581122	4.57901761040104
7.74669461072896	7.73469314268397	7.77590965944362
4.84403272857563	4.96327703864098	4.53292119581159
5.36912377331938	5.27877886436891	5.21450188670137
5.28349370179369	5.32940493743888	5.26613465511669
5.64028606003658	5.67109628714767	5.77788730888406
8.62193350814272	8.5812545965901	8.58749908715613
3.93273695384711	4.37831453791982	4.25481934188885
7.93439047269962	7.83883869355813	7.81880375263096
7.9557155176252	7.93596969264524	7.94032692326237
9.34041401263548	9.44224884367392	9.34661911218426
4.38372114953234	4.31691399325568	4.20864916045592
4.68811458512719	4.48265119773456	4.53292119581159
9.44242117524702	9.42380119427929	9.38410235883382
4.55687005184894	4.59036501503481	4.61486280934777
8.51493937138302	8.52941566507048	8.54980182260819
8.29640958967897	8.29797242960222	8.26048809197554
8.87061689640515	8.90709420324785	8.82837707933776
4.65640572539986	4.9390294923943	4.82072350679432
5.44532339920078	5.35406699167314	5.20277259411926
8.08713703178384	8.03557343229703	8.06541627663861
7.69300673983497	7.61480715630112	7.55960630395482
7.70564924441971	7.63758702495741	7.57674743677622
5.93604209857078	6.00669931893211	6.0702656763
9.30186401977108	9.28319999763796	9.29127421739519
5.21983506457137	5.20613356253714	4.90275927566033
8.89289834378116	8.86481439975529	8.89093011097692
8.77788168344123	8.73527996190739	8.7023256505981
9.12201747587539	9.11618153482756	9.06582101644794
8.23131456145709	8.13764794511448	8.19687199267957
7.46604882405273	7.37530578804748	7.44479950612316
4.59918085670691	4.57994839908947	4.66701409139887
4.98473159148537	4.97126982939451	4.92434613786848
5.02873877372446	5.15090404181675	5.19687199267957
9.34290625258307	9.38730332114708	9.28746168774106
9.98612733000708	9.9964552874353	9.95962161261601
4.71144708895782	4.52670637781249	4.62368665973477
4.57394356520788	4.55888678356164	4.71734576694902
4.40295736839526	4.39028717958589	4.39541767206165
5.2360149916268	5.10078056239091	5.11788369653274
8.76771530860456	8.88399378911651	8.80238187080481
6.7993636792419	6.80904584430381	6.84356348315243
7.96059223789995	8.00085449645745	7.92613054754666
5.9911011163611	6.01831840219894	6.00084427534252
4.73440823740113	5.02601279398894	4.70076288275341
8.34570488593575	8.25032241831968	8.3295297364052
7.23064181952795	7.20274297333637	7.25055311391783
5.81560432024911	5.74288697021568	5.84356348315243
5.23064181952796	5.23297517475578	5.09902466928143
8.67036418298978	8.62687467362344	8.61320231228256
4.82988854625536	4.86374136509006	4.73374020519968
8.76817897405637	8.82732558063972	8.71218406183324
5.36422497390654	5.47704849150518	5.436059656559
9.1663126573974	9.19593779543125	9.12178182114395
4.42194047176283	4.40216127987419	4.74995043238094
9.56115741025204	9.61257314074882	9.56562889412605
5.15890606592904	5.08613378642651	5.14265160168168
7.68025246735422	7.53347008003179	7.62588421543901
8.62142036745052	8.65381829571583	8.62533514025032
5.01004268001455	4.79335203719866	4.94561475462213
7.96464361669517	7.88293493032338	7.90547536376892
6.2062117807074	6.25278365583596	6.26048809197554
4.77926247318539	4.87230337859348	5.06703455503699
8.59029305338639	8.62370878461788	8.61817808091212
7.51217399763831	7.55357298366517	7.47680599890231
8.68468017939503	8.59425193711897	8.61983286416472
5.84754721275186	5.98712378059534	5.58354726888155
8.62090704417847	8.55357298366518	8.54864396135752
8.36606397357033	8.23546615961789	8.25765650119238
5.74951512979134	5.8892764571972	5.69239940981878
9.01160997516152	8.96677933454728	9.06298545038385
9.33541657948211	9.38879602178814	9.31325856723071
4.87191176115106	5.19252313101849	5.00760164151783
9.37248207458185	9.44798806572663	9.35459165860291
8.82410262595005	8.74754834758554	8.80238187080481
7.83255116474271	7.69663137925481	7.71114950098511
5.8120110555251	5.78883655607617	5.56534267350396
3.77926247318539	4.04127955064225	4.03431897989361
8.2360149916268	8.18738593256645	8.15411678817514
6.13033691373227	6.11166887853365	6.16700146309744
5.90601961547133	5.9390294923943	5.91359308157161
8.67778674287623	8.68938164017542	8.61264838828232
9.32694395782709	9.28199557705245	9.29645693776072
4.76446547125731	4.880814878449	4.83599026344763
4.4954695071848	4.55888678356164	4.28850246814514
4.74198145710593	4.86374136509006	4.74186808608308
6.17577988449344	6.29797242960222	6.21741937008366
9.34632606787899	9.44045064446207	9.01726023848395
8.88436923208831	8.84428900242389	8.85672170503172
9.08825151236525	9.0985017828287	9.09744189891874
6.92610386151466	6.9308555609486	6.88452015737529
4.1418325525701	4.27877886436891	4.38507572784019
5.21440117852074	5.10078056239091	5.2434145786166
4.36422497390654	4.27877886436891	4.11162470606106
6.90601961547132	6.97326112721359	6.87715945242404
6.15039456607352	6.44296749626207	6.26894967072374
9.32000336038232	9.36358725217327	9.2822464933372
7.58661739524299	7.49932993888119	7.55269241672464
9.64382765932039	9.67691176246187	9.6104305630325
9.05177324453857	9.01735371139677	8.98894218628623
4.61576374090251	4.46010862908347	4.47558802074564
8.54067801834636	8.45441751700561	8.5352613342661
9.12853241688552	9.10940724608916	9.13302718279329
9.30857349833707	9.17878307439219	9.249128229811
9.52594816223607	9.48439759068584	9.46519347876971
8.3752239728558	8.32551312218187	8.33960680909315
8.91776937824913	8.92263505414363	8.92568465199655
4.73440823740113	4.76604469120293	4.80529346622472
4.63215817915318	4.90605216994803	4.74995043238094
8.72965470743049	8.56813909679984	8.64551302218795
9.63495730613582	9.54020222029672	9.55816864061623
9.28479050641214	9.25891844200806	9.25090911516353
5.32945955574587	5.44296749626207	5.42095276416879
8.65690657423005	8.60969574248352	8.59761147697631
8.5423054240924	8.62180591112915	8.52881679747885
4.91944013123365	4.9390294923943	5.07348957717429
7.22119034418338	7.23629553304739	7.29265809763645
9.33979027936122	9.29518922210096	9.32006053664779
4.11874893945706	4.31691399325568	4.12411565024426
8.59761639419225	8.67354776614176	8.59031520173543
5.86499234721127	5.77976297245071	5.83599026344763
8.29512319187561	8.3402464970863	8.26894967072374
4.93273695384711	4.8892764571972	5.04092171471786
8.83388063346608	8.85458820294641	8.87068788419572
5.4954695071848	5.59554525414049	5.49495334561257
5.75700966633826	5.77063196069858	5.80916647537192
9.06050652188235	9.07875425606091	9.0702656763
4.64028606003658	4.52670637781249	4.74995043238094
8.46032156349069	8.42852598387359	8.40632535830852
9.32316231728466	9.24002182450568	9.26507760655977
8.59081738377228	8.69964138460474	8.56132961099734
8.72010040071724	8.76259464163316	8.72965902838787
6.12744863440744	6.12247563349023	6.23480144831189
7.85891051629164	7.82567332425654	7.76797184001899
4.74198145710593	4.83774615655712	4.77392929531538
8.69836901850355	8.70923141603444	8.70648477431725
8.76446547125731	8.68209528609692	8.6600613307571
4.72679505329126	4.75682616117355	4.76598054219989
6.25994965186274	6.18566945997743	6.08311827837207
9.59186547320514	9.59425193711897	9.46273678163986
5.94262975860554	5.98712378059534	6.03762412461728
13.4520485881316	13.4738214510305	13.4139954182952
12.9585876662755	13.0299044477362	12.9193716115584
4.78660444852656	4.67109628714767	4.51406216856027
5.19797563060763	5.17878307439218	5.21450188670137
8.81335957879595	8.86963320377815	8.78331190780623
4.45917337796181	4.39028717958589	4.33222384557445
3.41248014251376	2.96327703864098	3.28850246814514
8.60386409088903	8.63507361832713	8.62313674738167
6.28349370179369	6.38131702608135	6.06379618097045
7.02408741545284	6.81793767547694	6.91718634629562
8.39156682271931	8.31612970672324	8.37531235847196
4.5044026319548	4.32940493743888	4.6324568693625
9.22051286352247	9.1852400225458	9.22649866399452
8.77280745104809	8.75335396926675	8.76498386164841
4.38372114953234	4.53751313276907	4.39541767206165
4.76446547125731	4.72881178500395	4.70076288275341
9.1768279739263	9.06901098189752	9.11710280609912
7.9630244301718	7.9050093834618	7.95351033855415
5.49098211619248	5.54288630486793	5.38507572784019
9.45370698279354	9.38692990454323	9.37007808500824
8.90812481800581	8.90448770743337	8.81640046198543
7.92110895159427	7.9662795268025	7.93058193966466
5.25730976999003	4.8892764571972	4.97349378719757
9.52759225932669	9.6045661547119	9.58524223094167
6.45687426187222	6.49101467066918	6.43104158179237
5.41721806152043	5.1438492842828	5.26613465511669
8.70079984475831	8.68816980050661	8.67180798739855
5.80117724961383	5.74288697021568	5.83218869328778
7.30026191517458	7.29797242960222	7.21157849149459
8.69447115719051	8.80848828099604	8.73831777130623
8.68172988175972	8.6482204204589	8.66594661444237
9.18657359871654	9.20655682645125	9.13070773689033
9.68517130962646	9.60263784739758	9.60124582354155
8.92319226609476	8.90865584335078	8.90818634804466
6.23064181952795	6.41100315662599	6.20571386943138
8.68172988175972	8.75913632186075	8.68451437448164
8.42017137890978	8.39400834502497	8.42221773140537
8.36238362708238	8.42416518949779	8.37596530939548
9.03568781331323	9.06388097957938	8.98936895601006
4.42194047176283	4.22631144447477	4.39541767206165
7.75139241703201	7.81571985022712	7.79556520926283
6.63011903387958	6.71459792578425	6.60598465800131
6.67432763339712	6.67354776614176	6.80141003173749
7.84754721275186	7.96427856248605	7.88727076839132
6.78293813132878	6.84428900242388	6.9117930875254
8.98791986911642	9.0115519808934	8.957005664409
9.36391824592816	9.34717329373136	9.30162110640884
6.58029439736027	6.48265119773456	6.55153687397893
8.74103697586703	8.73996594261143	8.70180491605324
5.88222905213658	5.97921858251	5.80141003173749
9.06541943705093	8.98613799644979	8.97306229473409
5.05329587796844	5.02601279398894	4.98723384382387
8.64836840633444	8.58321167811231	8.52940385548935
4.79390924914979	4.82015209654238	4.797516115633
5.96545252899049	5.81571985022712	5.90275927566034
8.06617378741629	7.85620769240465	7.93501963938293
5.18692044209864	5.12247563349023	5.34295025216752
9.31493459788803	9.38506137036041	9.25871899912249
8.67581112457245	8.74696649839803	8.63081651098125
4.65640572539986	4.51581806166976	4.48530317557885
9.04681355816998	9.10123588669354	9.04133338401467
8.00375641716712	8.0115519808934	8.04585401026009
4.83697797104168	5.09347576176768	5.14265160168168
9.24703435693328	9.2371244299624	9.21559663447684
9.67581112457245	9.69119749320418	9.6220362934451
4.51328078330126	4.64134894375361	4.52352249780934
4.56543206535236	4.54823953936213	4.64983894759074
5.30410398146898	5.23297517475578	5.31598320456725
8.53360463607157	8.42707384983968	8.43856216376217
7.96949030112209	7.97822738010695	7.90728325252792
8.0714432246787	8.07412280732927	8.04092171471786
7.5275922593267	7.53481902359981	7.58128421737299
4.71914148074782	4.74754834758554	4.85109715583784
7.74951512979134	7.75682616117355	7.78478781079008
5.30410398146898	5.36016719120956	5.10533844321363
4.74198145710593	4.70024263280718	4.56991540329379
4.33447763051249	4.23960826708823	4.19687199267957
4.34446171908511	4.39028717958589	4.60598465800131
9.10560023541076	9.08152600531097	9.03721139537948
4.51328078330126	4.70024263280718	4.77392929531538
5.29383564601515	5.23960826708823	5.23767820906746
6.09233059115252	6.08980944456991	5.99745368614175
8.75420377558497	8.71281130631024	8.76548228799329
9.17122934437917	9.02457321790985	9.13957876763206
9.42076131759757	9.4397307367421	9.44479950612316
9.26947893287796	9.26340076320999	9.25623861897419
