k4_temp20_1	k4_temp20_2	k4_temp20_3
4.80060378509591	4.34741562895237	4.54948183837649
8.72218010166368	8.7154555852085	8.74405436770025
8.63985275360026	8.54811146832249	8.67003031939143
9.27056791473825	9.31535941143984	9.32428407000016
4.51754525846489	4.59223669472541	4.67024621529446
9.61591945015509	9.64419058788695	9.63416842401013
8.85952473607641	8.82143543153586	8.89016889833561
4.56952019277157	4.55240524158574	4.42072532407941
8.59608908090272	8.6462825320189	8.59321572416125
4.71595028097674	4.71908318031082	4.49175280337453
4.92049750735752	4.80857245229656	4.70207358955344
4.31241926730484	4.50312569299061	4.41188249270402
8.6462825320189	8.61684303060858	8.64120761069399
7.23699536944723	7.0227226783173	7.09496151521934
9.47804883184492	9.45044481423773	9.49579639019907
4.86843587249288	4.95679598310393	4.86982978464865
4.96664724870854	4.88873506750743	4.86337277129483
6.92339067088957	6.98120964308781	7.0227226783173
9.27470522584809	9.34689466450113	9.26184749579357
4.92546226710861	4.79685320923897	4.76060493357791
7.37648111262273	7.56436027888969	7.37238808439967
4.77394323114603	4.86843587249288	4.74100933171122
4.62351656673831	4.70607223147503	4.8114958555058
5.4335810539173	5.18132370075928	5.16023423938642
7.97312619992448	8.06290201871365	7.97312619992448
5.71831577166335	5.824445828623	5.71831577166335
5.1298695297112	5.12364373002402	5.20090061085616
4.46185365111291	4.36339942762854	4.3031707760764
4.33669029965607	4.39651827026693	4.29569581011465
8.55896943595112	8.47027150606375	8.51835045630304
7.8621796989137	7.911148762904	7.88818880111261
8.6208210813319	8.61153241190948	8.62409566238793
8.99490912533042	8.98729244525039	9.05336493235501
5.77295321187131	5.86921774456249	5.84654695651569
4.96664724870854	4.97932710248736	4.98745579830874
9.28461326024001	9.39268918469332	9.32707421774237
4.49978965008661	4.76193706537017	4.70745016747229
4.8114958555058	4.52263636424542	4.71751673064378
7.96608649723856	8.0568895236307	7.99596046233995
8.0562784501413	8.09089260722594	8.18198948839163
4.20406960890667	4.39651827026693	4.50463321625778
4.57737419837151	4.61286686567086	4.64044132131411
6.37356216073506	6.14882439484422	6.24899768648889
4.70745016747229	4.90102176411526	4.90102176411526
8.78892801824971	8.79899471595602	8.80465491608574
4.38987031862733	4.37590175510615	4.70207358955344
4.46185365111291	4.29569581011465	4.42072532407941
4.88497467551301	4.76193706537017	4.94594592879794
5.18132370075928	5.40234188690982	5.30025762486938
9.20868784090626	9.19861436549053	9.26365688624061
3.88861533631863	3.71805626843616	3.78283811446919
8.89278549208598	8.8828066686793	8.92721193092401
8.20695253084386	8.10615965561841	8.22403222495496
5.0193872042913	4.99886855302768	4.86337277129483
7.99596046233995	7.96608649723856	8.04463412449753
4.77642849945238	4.84167218422081	4.89859909729391
5.35516328962425	5.24885295855883	5.48932955658173
4.47874621449018	4.49485696691215	4.57126892174118
4.89111752350458	4.75236735161875	4.76578042139089
8.5788705494348	8.65141382578061	8.64723345977004
8.93689549534671	8.89016889833561	9.00423702191084
4.22375284539311	4.26978517743318	4.1596994844059
8.97063794178799	8.98108373741658	8.99902832841377
4.61286686567086	4.70607223147503	4.67897876419263
4.97115374134777	5.06216077549128	5.26227706803686
8.2800132358069	8.28819769183301	8.30282840643003
4.84286548281629	4.79685320923897	4.73318404997228
9.25513578744881	9.16421836107367	9.24695772029454
9.83485317687713	9.76667323447724	9.84532166934513
9.09172842346233	9.06000944569217	9.12551506472553
8.99902832841377	8.8800096122514	8.97608012095094
4.35428782598282	4.39651827026693	4.3579755754769
9.19213123428611	9.133524725083	9.12262302741483
2.55665082521137	3.24151136641121	2.55665082521137
4.93276864033332	5.02594458988704	5.14908602967179
7.57355864617101	7.46616390305532	7.47707424482334
4.54948183837649	4.63421905632456	4.86982978464865
5.2680713288973	5.16924731830731	5.1943491261022
9.19861436549053	9.28054784057916	9.19708487125707
5.33415200490047	5.42528573376089	5.53338619646364
7.65975691660225	7.67541535903168	7.693329615585
9.69621482993788	9.64144552732037	9.68992645283977
8.92007160655855	8.86509855469968	8.89154794292907
4.77394323114603	4.7493140185236	4.61734206894576
4.9412137928317	4.84167218422081	4.91313545035102
9.47231062811591	9.50388165749669	9.39088805534226
4.46872336741454	4.31061814147874	4.53993814041916
9.04182759757895	9.06801595966988	9.01599234703981
5.84465947165852	5.68025119348226	5.86386311386809
9.55936748551641	9.6086266556845	9.54666558863235
9.52322667103739	9.53015983016892	9.50840609330674
5.81027915749225	5.57131049070194	5.791300824933
4.79309011504055	4.76193706537017	4.80060378509591
7.50212023323254	7.37648111262273	7.40975530145941
9.46282952435773	9.35868433569653	9.4438598529251
4.09569066292619	4.09569066292619	4.09569066292619
6.94261611080472	7.01035500105598	7.01035500105598
5.68025119348226	5.791300824933	5.824445828623
8.85127561413044	8.81493324180776	8.751994286883
4.36713097056377	4.12148097581467	4.13004094241911
4.51754525846489	4.76193706537017	4.53993814041916
8.78569716314303	8.73974776467735	8.86326127536675
8.15801514886759	8.15021470671015	8.22403222495496
4.71595028097674	4.56186813022525	5.01262578047318
7.46046808689858	7.41296909637352	7.57355864617101
3.78283811446919	3.91738552373922	4.07783469409271
9.11713962905489	9.08015868222383	9.15401589052109
4.64044132131411	4.77394323114603	4.77394323114603
6.10132146415894	6.009750347126	6.07288209834533
9.22581823545055	9.18878384794293	9.18878384794293
7.693329615585	7.64763771845358	7.66481847455149
9.26838579941219	9.27056791473825	9.29039279968167
4.20406960890667	4.33117525072283	4.02874914235858
7.88818880111261	7.92424126943169	7.87640992815006
8.55108490272823	8.59431237758152	8.63026641613461
9.48241732548873	9.55579689168337	9.46929529032717
5.16117533324328	5.11708716743986	5.08998641819252
9.70670721447861	9.59876450730928	9.65302313426181
4.2845565236083	4.49485696691215	4.50463321625778
4.79685320923897	4.99886855302768	4.77394323114603
5.23694672078942	5.31880950583529	5.22626334166266
8.64351450108541	8.72133303737733	8.70382849239557
9.05336493235501	8.97830163024073	9.03029639330591
4.93276864033332	4.86843587249288	4.99994439005056
4.73318404997228	4.20020595373191	4.77394323114603
4.20406960890667	4.48028263616174	4.34741562895237
4.37590175510615	4.59223669472541	4.82493188125239
8.54811146832249	8.46607776490923	8.50239161485037
10.0638164271884	10.0638164271884	10.1150547875278
4.29569581011465	4.13004094241911	4.38987031862733
9.43274133327102	9.48794457108303	9.49006419617319
9.56990390187089	9.54452581027249	9.55936748551641
8.86205325901451	8.87101401532792	8.91161100833934
9.34689466450113	9.30073136106013	9.34462982827485
9.61030013016506	9.45730352240202	9.56583909688474
4.34741562895237	4.61286686567086	4.59223669472541
3.96998375894295	4.14327841339185	4.43822730563582
9.19555537702361	9.26365688624061	9.23408278158431
8.69845748956135	8.75117145173265	8.68663719905851
8.63419559056665	8.63419559056665	8.66446313867601
8.94154603142399	8.99902832841377	8.97830163024073
8.35900456032061	8.31235123109481	8.36807432001868
8.63985275360026	8.68110982347773	8.55294793214057
8.9610786891355	8.87348747837894	8.9123580106529
5.97430181011967	6.02724305042743	5.99465669733922
9.38546862611405	9.37924111186291	9.40840612846227
4.31241926730484	4.44144532483673	4.3031707760764
9.17279243391222	9.15903074438245	9.17337845906683
7.81352163218193	7.82076928671806	7.84689427305917
4.36713097056377	4.42776224021065	4.20624563437758
4.38987031862733	4.31061814147874	4.18619748644773
4.41028481789915	4.56186813022525	4.29569581011465
4.77394323114603	4.97932710248736	4.88497467551301
4.85829675955417	4.66148221100814	4.94594592879794
8.8800096122514	8.89607458772506	8.86421792565134
9.33868172825455	9.31282269433495	9.34006988169681
8.394363336853	8.44803989377376	8.43111209676599
7.06285532836911	7.18161009282133	7.18851822959002
8.29509259936518	8.2800132358069	8.27142960984918
7.89171312823728	8.043340481729	7.89902231537298
9.56757585852046	9.57567986169779	9.59876450730928
8.06290201871365	8.03476255007735	8.02379291892276
8.09089260722594	8.04886229582292	8.05566737665189
6.21673875252428	6.28394363959219	6.21673875252428
8.46337652481927	8.5788705494348	8.58991467868385
8.3885802833838	8.35900456032061	8.49165692323728
5.4184791990926	5.23694672078942	5.45847835187854
6.1589406457523	5.96824708142282	6.19626408208299
8.07819443327285	7.99162473292685	8.04204683896047
5.35516328962425	5.27169331709282	5.56661875654479
5.3623368929799	5.304199106999	5.25666077988642
7.50212023323254	7.42054247255381	7.3863286368539
4.83013746177169	4.59223669472541	4.65100057729887
9.90325191768473	9.91782606172092	9.90325191768473
9.08439401635935	9.03789819061892	9.03789819061892
6.8840652205117	6.73600742510846	6.91251555599297
8.45657996428453	8.44105713926017	8.44105713926017
9.46107443154005	9.44267706875048	9.52322667103739
4.26789929189521	4.20020595373191	4.13004094241911
8.74485196883541	8.79251719676427	8.74652691395765
8.79251719676427	8.87855208310777	8.75092362484393
3.88861533631863	3.81466268274124	3.81466268274124
8.71246714402087	8.70382849239557	8.68110982347773
8.42382145673925	8.39063994985493	8.46607776490923
8.70742893624032	8.67565659967362	8.69580784044049
8.23396014334663	8.15801514886759	8.24628080662169
6.43344708367883	6.44938721730646	6.43344708367883
5.95798760847133	5.93942955315706	6.01463928615575
8.61548059932439	8.61556584987429	8.5788705494348
9.89017079330862	9.8567380554192	9.94618751913113
5.16534564483632	5.13855833244851	5.07288322999404
4.89111752350458	4.7901307312584	4.86982978464865
6.03981136833614	5.98035653881653	6.14882439484422
5.38300022540224	5.46357989038408	5.35136934687481
8.24628080662169	8.17912233818191	8.23396014334663
4.83921002160702	4.73574884723561	4.7493140185236
4.77394323114603	4.73574884723561	5.07288322999404
3.32676142287457	3.58957118260073	3.58957118260073
5.00102022707345	4.79685320923897	5.22626334166266
4.26789929189521	4.53993814041916	4.59799850443715
8.71466439540443	8.80616498578324	8.61184816924111
9.18357470281499	9.29426521784186	9.22898463757552
7.160821938332	7.2188035532775	7.24710681963263
4.81682426136085	4.67897876419263	4.94594592879794
4.94727072098385	4.88873506750743	5.01262578047318
4.83013746177169	4.73574884723561	4.7493140185236
8.92987193442147	8.95067354372894	8.93154359003164
5.85472483875964	5.87646113327427	5.87853696636976
7.80634128265032	7.8621796989137	7.83816610826383
8.65141382578061	8.74485196883541	8.69325917382955
4.99886855302768	5.19808461889314	5.45847835187854
4.66148221100814	4.88359673951574	4.66148221100814
4.99445475311251	4.98854134946852	5.10418970116294
8.81220027844472	8.83669235537752	8.86539195308377
8.63026641613461	8.62720261114681	8.61556584987429
9.06801595966988	9.07387849793772	9.07067119165589
7.78264289145019	7.78264289145019	7.7378950486778
8.17323529420602	8.18485663860134	8.15021470671015
4.29569581011465	4.25078193490582	4.26030603747403
8.11418596538252	8.1438967283359	8.09089260722594
6.30956732723284	6.2336261369357	6.37356216073506
8.92721193092401	8.77123582239948	8.82891420089568
7.4026852545266	7.41166000876057	7.42054247255381
9.12262302741483	9.10190233642597	9.11713962905489
8.67128968943412	8.69367927276894	8.73551932225831
8.66701002413375	8.64120761069399	8.72133303737733
5.7953201990906	5.84465947165852	5.86386311386809
9.35606180719797	9.46019140667329	9.35868433569653
9.7283709872723	9.75432703929093	9.75805145715771
6.9934725711883	6.94005321958092	6.96270921682894
4.42072532407941	4.20020595373191	4.38987031862733
6.27243708224593	6.1589406457523	6.14217850706664
10.7181844116186	10.7181844116186	10.7181844116186
4.50644793561491	4.65265315544305	4.39976763287123
4.8114958555058	4.7493140185236	4.80060378509591
9.00696114409461	8.97063794178799	9.02411845129876
8.95608098337194	8.92721193092401	8.95067354372894
4.60717330232561	4.79685320923897	4.52114751011708
5.38300022540224	5.15929314552956	5.18333583947604
5.22909354717023	5.33691144966653	5.33415200490047
4.56186813022525	4.26978517743318	4.23152737324063
9.75432703929093	9.70670721447861	9.73681721371108
9.53944339738386	9.48856523710824	9.52250823812406
5.22536446520095	5.26044883859588	5.29247767209412
5.90363565852646	5.81166510429266	5.91014942309473
6.3904497939419	6.50560872044939	6.68602687294478
8.75092362484393	8.81493324180776	8.73762588111626
8.84469925875981	8.81250564723753	8.81580119635031
9.21269065402796	9.07067119165589	9.14306223808029
4.58495129019642	4.53993814041916	4.53686529707604
8.66446313867601	8.78569716314303	8.69409937170833
5.57715983391626	5.41601819053957	5.67608014882044
8.84805532296151	8.79025768909599	8.84805532296151
9.11313895045351	9.15516610532355	9.20868784090626
8.80369099377965	8.85097914559161	8.85952473607641
5.08778136655044	5.15929314552956	5.23982828972634
8.58991467868385	8.71043191743614	8.60981096330383
8.73974776467735	8.75256929514463	8.73974776467735
4.59799850443715	4.57270444345863	4.42072532407941
9.0430528712622	9.02411845129876	9.07613062701264
4.68764757543325	4.55240524158574	4.55720085090652
5.23694672078942	5.14908602967179	5.11589386884438
9.44267706875048	9.45290907221872	9.46342636919702
9.02411845129876	9.11313895045351	8.974767647074
8.97830163024073	8.97542388401247	8.99437619825164
6.46532735093409	6.36657903287499	6.46663952491948
4.64044132131411	4.52263636424542	4.50463321625778
8.12456114268283	8.23667027204062	8.20695253084386
9.35152176795489	9.37055530730772	9.3534934124911
9.06000944569217	8.97542388401247	9.0105378284616
9.37511621711294	9.34377775862965	9.37924111186291
4.98042254480794	4.9412137928317	4.97115374134777
4.33669029965607	4.21403551422454	4.37590175510615
8.94661295344809	9.06732629414363	8.91618579960013
4.07783469409271	4.13459925471814	4.18619748644773
9.32349530499327	9.35685180450588	9.35628875136763
9.62654186606854	9.62654186606854	9.6024707949123
8.37218793381943	8.3885802833838	8.37218793381943
9.4438598529251	9.41411217319065	9.45730352240202
6.10132146415894	6.14882439484422	6.1589406457523
9.04940498045631	8.95488458582283	9.05077684434594
8.86480515631558	8.87855208310777	8.86894230528222
4.88497467551301	4.7493140185236	4.87880808595517
8.79899471595602	8.74755960536329	8.79025768909599
7.99162473292685	7.92738055140499	7.93977974790711
13.1210966603924	13.1210966603924	13.1210966603924
12.1161813442462	12.1161813442462	12.1161813442462
5.02815562066453	4.94727072098385	4.95679598310393
5.44270922207403	5.45337681337301	5.50680521738472
9.68992645283977	9.71406854491121	9.76667323447724
8.34011439081982	8.34935917735865	8.38411855750868
9.56583909688474	9.55181131784428	9.59435633915732
8.64351450108541	8.69165785908069	8.6184996325663
9.28054784057916	9.31853918932585	9.2656634587718
4.99886855302768	4.87239376808405	4.92433073949817
6.79208773291151	6.57583279369316	6.65927071434075
9.23977727553915	9.28461326024001	9.24130258954932
8.98729244525039	9.01599234703981	8.98108373741658
4.01944575403837	4.25078193490582	4.17997731088958
8.85068267705278	8.86509855469968	8.85952473607641
8.80767505548073	8.72361912218291	8.79899471595602
9.33963516923656	9.32349530499327	9.33287783926546
6.89007688397928	6.96270921682894	6.89007688397928
5.15929314552956	5.14908602967179	5.23192040489924
9.7907507484454	9.76528521608536	9.72666941369732
8.751994286883	8.84469925875981	8.82143543153586
4.70207358955344	4.21403551422454	4.55720085090652
9.09172842346233	9.0430528712622	9.10771229294212
9.45930838180652	9.40775753840142	9.46342636919702
8.69409937170833	8.56310429998508	8.6561394402807
9.59876450730928	9.6024707949123	9.5808891042791
7.52561537044627	7.5108949365724	7.53528098077281
4.76578042139089	4.77394323114603	5.02815562066453
7.38987874278122	7.49876930377592	7.52445883459503
7.42054247255381	7.40975530145941	7.3863286368539
9.50388165749669	9.49579639019907	9.55181131784428
7.01035500105598	7.11683407784195	7.06285532836911
8.00309299557257	7.84689427305917	8.03476255007735
4.46185365111291	4.26978517743318	4.44656413791634
8.31235123109481	8.28508873632989	8.34011439081982
9.51594441234719	9.46609861046297	9.49330205255363
4.5384017187476	4.39651827026693	4.39976763287123
9.00182143589155	9.04530412143425	9.0128337364657
8.96610300257371	8.91198450949612	8.97063794178799
5.1731489917783	5.44967757707856	5.38201275307605
8.95931761853251	9.03029639330591	9.00182143589155
9.21470682188106	9.18357470281499	9.22053377860937
4.5384017187476	4.70607223147503	4.84286548281629
9.25353943303947	9.23408278158431	9.27056791473825
6.55961780013496	6.41382125692845	6.60434025040496
8.50239161485037	8.46337652481927	8.48430219246476
9.65302313426181	9.65051979670061	9.68429313057868
4.99445475311251	4.76193706537017	4.99994439005056
6.24899768648889	6.16714012317016	6.08180641815679
5.64848713275515	5.824445828623	5.7953201990906
4.12148097581467	3.78283811446919	4.17591907290755
5.1509868235505	5.04415808254444	5.13082940792598
7.34783447835513	7.29748930320221	7.34783447835513
9.48794457108303	9.33985252546668	9.45290907221872
7.15581937125021	7.15581937125021	7.30848127895808
8.58410036646967	8.61556584987429	8.56310429998508
7.7134586058741	7.88818880111261	7.7134586058741
8.49678936816239	8.67448450884708	8.49678936816239
8.43111209676599	8.52205246041119	8.39250164335396
5.93942955315706	5.94748263103227	5.92120713059967
8.80042595374231	8.86265726719063	8.76583885871239
8.87767852059075	8.84805532296151	8.85343590270857
9.57567986169779	9.57860833966894	9.583159216183
9.5808891042791	9.59435633915732	9.56990390187089
9.53015983016892	9.55936748551641	9.6086266556845
9.35868433569653	9.37436076325721	9.38212418529246
8.91001705694673	9.0105378284616	8.93960629751592
8.88628347506988	8.9332152456418	8.81220027844472
9.17500644261149	9.24130258954932	9.20597423272518
8.60638991994992	8.61331896575884	8.59431237758152
5.07907609040064	4.99886855302768	4.98745579830874
8.84949075791765	8.81250564723753	8.87101401532792
4.86843587249288	4.92546226710861	4.61734206894576
4.38987031862733	4.59223669472541	4.70745016747229
8.74652691395765	8.70734831623169	8.81406528726522
9.79695573710522	9.82061571981343	9.77431903162941
8.68415400301702	8.77795641575297	8.76979078579986
7.95202419098952	7.9403337681118	7.97134995686825
6.4079706651237	6.44938721730646	6.53339309302986
6.68126757045063	6.59398046891176	6.55137988883962
9.33483314746222	9.25849164162119	9.29426521784186
4.88497467551301	4.61286686567086	4.73318404997228
7.80308208178957	7.80308208178957	7.8621796989137
4.1840015883231	4.17997731088958	4.20624563437758
7.72072905449375	7.73156239909393	7.80308208178957
9.42891456874442	9.33263551282689	9.42891456874442
9.41411217319065	9.33985252546668	9.40710894834057
9.27341405784134	9.35685180450588	9.34689466450113
7.41296909637352	7.30848127895808	7.4026852545266
8.87767852059075	8.86265726719063	8.94661295344809
8.974767647074	8.90358135517525	8.95488458582283
4.97823166016678	4.77394323114603	4.79309011504055
9.1574293480977	9.09809063548979	9.08439401635935
8.86326127536675	8.85952473607641	8.85008671748521
4.79309011504055	4.68764757543325	4.53993814041916
8.67344631947723	8.62583381284047	8.65313415885679
4.67024621529446	4.73574884723561	4.70207358955344
4.25078193490582	4.37590175510615	4.28059975787749
5.05330187445937	5.24270985866326	5.23982828972634
5.05330187445937	4.9412137928317	5.02594458988704
8.8828066686793	8.83010735503451	8.83010735503451
8.92823493290113	8.99384327117285	8.92823493290113
6.09260185857167	5.8490680363995	6.0487890126738
8.46607776490923	8.51124883265319	8.52598836733869
9.64419058788695	9.72666941369732	9.66721392025883
5.02815562066453	5.13517953093733	4.94961086354311
4.92049750735752	4.90102176411526	4.5272378399002
4.96664724870854	4.97004822595903	4.8114958555058
4.64044132131411	4.42072532407941	4.32946386148053
8.8423023292615	8.84301184986318	8.86615277108573
9.72666941369732	9.68992645283977	9.70670721447861
5.24885295855883	5.38102528074987	5.4335810539173
4.73318404997228	4.67897876419263	4.66148221100814
8.81406528726522	8.85343590270857	8.87892764367204
7.64763771845358	7.66481847455149	7.62763783999219
9.48856523710824	9.46609861046297	9.42587546185612
5.93579959957739	5.6469078264196	5.83694644459461
5.33863670284481	5.4335810539173	5.45847835187854
4.52568152913697	4.48028263616174	4.38987031862733
5.86921774456249	5.83694644459461	5.94998572524685
8.77123582239948	8.6975663497564	8.72781153221486
8.54141010469958	8.57619902427811	8.61331896575884
8.55481096155291	8.63509323771535	8.66241538635419
9.94041450474894	9.90325191768473	9.93464149036675
4.1840015883231	4.45485817139332	4.32946386148053
5.20090061085616	5.38300022540224	5.5444224768773
4.51754525846489	4.41188249270402	4.46561074588809
5.2586206091549	5.20890355868466	5.4335810539173
4.13459925471814	3.96998375894295	3.91738552373922
4.49978965008661	4.66148221100814	4.34049395934701
9.26184749579357	9.25353943303947	9.32349530499327
9.2461940236967	9.20868784090626	9.23045857936552
4.64934799915469	4.55240524158574	4.57126892174118
7.29748930320221	7.160821938332	7.29748930320221
8.02379291892276	7.95202419098952	8.10615965561841
7.13695324250974	7.18851822959002	7.2188035532775
9.75805145715771	9.7283709872723	9.6718954535608
9.78104001321154	9.77431903162941	9.78104001321154
8.62651821199364	8.68762905196526	8.68017301460487
5.1147005702489	5.09819058549878	4.92433073949817
8.9332152456418	8.91618579960013	8.96019815383401
6.74594764423968	6.76789847241582	6.76789847241582
5.26227706803686	5.31880950583529	5.3623368929799
6.94261611080472	6.83938665088739	6.92969405171944
8.52852383176136	8.49959049150638	8.57619902427811
9.01599234703981	9.10942397467822	8.99437619825164
9.41794687873084	9.43620218590551	9.49949184146729
5.29247767209412	5.28090470974865	5.32578649657872
8.89607458772506	8.92987193442147	8.84159280865982
9.14306223808029	9.11713962905489	9.18357470281499
6.42485312836387	6.25670019217185	6.55961780013496
9.33263551282689	9.26838579941219	9.28826859976632
7.08111032106852	6.92969405171944	7.08111032106852
8.87348747837894	8.80616498578324	8.83258670908703
8.23938040073461	8.11418596538252	8.28508873632989
5.57715983391626	5.73334384341019	5.74475282419601
4.03805253067879	4.03805253067879	4.2469652012208
9.583159216183	9.54666558863235	9.62291502994604
8.48430219246476	8.55108490272823	8.53538878260484
7.79201997461885	7.60577177266986	7.65975691660225
7.73156239909393	7.61351505656485	7.73156239909393
8.42562936884498	8.37013112691905	8.40173420489878
9.91782606172092	9.84532166934513	9.91782606172092
8.73165319323335	8.76834574920024	8.75471597994941
6.61701329936697	6.69078617543893	6.68602687294478
9.39166738112322	9.46282952435773	9.39371098826343
9.00423702191084	8.93960629751592	9.06931147777352
8.18485663860134	8.32811316099561	8.12456114268283
4.87618596265942	4.99886855302768	4.99994439005056
5.52682819140764	5.40234188690982	5.60307456702389
9.84532166934513	9.89017079330862	9.7907507484454
9.65435447206409	9.62291502994604	9.65435447206409
5.70585031586738	5.85472483875964	5.33863670284481
9.55181131784428	9.61030013016506	9.43274133327102
6.60434025040496	6.61701329936697	6.55137988883962
5.53338619646364	5.53338619646364	5.13738826116888
9.02117918554347	9.08439401635935	9.0430528712622
5.90363565852646	5.99465669733922	5.81166510429266
7.67011691679159	7.79201997461885	7.64763771845358
6.98120964308781	6.91251555599297	6.9934725711883
9.16421836107367	9.27470522584809	9.21470682188106
6.51393279073672	6.62666400375955	6.3904497939419
9.22053377860937	9.33042914629737	8.93689549534671
8.1438967283359	8.22264078765926	7.74634721281574
6.85519497504741	6.9934725711883	6.65927071434075
9.08015868222383	9.22053377860937	8.92007160655855
4.9412137928317	4.64044132131411	4.76578042139089
6.83938665088739	7.04062715505961	6.7539150579285
5.69734133830393	5.72373254551643	5.72914931936951
7.26860360726261	7.38277853092658	7.11683407784195
7.26860360726261	7.24710681963263	7.11683407784195
5.07288322999404	4.97004822595903	4.83013746177169
5.32578649657872	5.35136934687481	5.11259597893817
5.13517953093733	5.3606395659525	5.1731489917783
4.69306891587575	4.82229109799643	4.88497467551301
6.17521769726372	6.20784519807552	6.13328622860912
8.95488458582283	9.0128337364657	8.86480515631558
8.90024947063908	8.94154603142399	8.87718051863801
4.70745016747229	4.88359673951574	4.64044132131411
5.02815562066453	5.19808461889314	4.79309011504055
9.08977775152186	9.21470682188106	9.09809063548979
5.75223558052507	5.91014942309473	5.35516328962425
5.87853696636976	6.02724305042743	5.69734133830393
7.70753076305456	7.83816610826383	7.75290898315702
6.50560872044939	6.55961780013496	6.32592031216001
4.7493140185236	4.92546226710861	4.48028263616174
10.2486971291542	10.2486971291542	10.2486971291542
5.19342962527427	5.19808461889314	5.13738826116888
9.8567380554192	9.93464149036675	9.83485317687713
6.73600742510846	6.91708729005969	6.62183865156326
7.97134995686825	8.12456114268283	7.92007448654439
6.2336261369357	6.17521769726372	6.01463928615575
6.47225135117085	6.47655100343682	6.52379982533951
6.65591519494159	6.7539150579285	6.74594764423968
6.15023742049827	6.14217850706664	5.89712189395819
6.96270921682894	7.08111032106852	6.78462743497131
6.36657903287499	6.37356216073506	6.4079706651237
9.54666558863235	9.65368880316295	9.47804883184492
5.63151160935379	5.65298855420507	5.67608014882044
6.0487890126738	6.20784519807552	5.98035653881653
5.00102022707345	5.09819058549878	4.85688649642947
5.42528573376089	5.65298855420507	5.39640928747053
7.60075417031535	7.74634721281574	7.5108949365724
6.52859645918468	6.55385383179812	6.46663952491948
5.67190910415861	5.88061279946525	5.50056716886385
4.59799850443715	4.79685320923897	4.74100933171122
5.60307456702389	5.53818257925021	5.53818257925021
8.9924382169527	9.04182759757895	8.8800096122514
7.18161009282133	7.34783447835513	7.04062715505961
9.37055530730772	9.4438598529251	9.27771403250352
6.69078617543893	6.89007688397928	6.51393279073672
4.98616652351214	5.07389564906232	4.71751673064378
5.1147005702489	5.13082940792598	5.2680713288973
4.22375284539311	4.46561074588809	4.23152737324063
7.89902231537298	7.95620927390695	7.83147617564079
7.5432585803054	7.69198599869735	7.41296909637352
4.55543931062149	5.06216077549128	4.50463321625778
8.81861831394309	8.95608098337194	8.71043191743614
4.87618596265942	4.85303905039281	4.8114958555058
4.90102176411526	4.94727072098385	4.88497467551301
4.68764757543325	4.88359673951574	4.76060493357791
9.26365688624061	9.40404405237369	9.15401589052109
3.58957118260073	3.41201147933792	3.41201147933792
5.78605726956527	5.7953201990906	5.94998572524685
6.02724305042743	6.0795004495637	5.96586673945202
8.87101401532792	8.96610300257371	8.65813547529487
5.53818257925021	5.56661875654479	5.31880950583529
9.59435633915732	9.63416842401013	9.56757585852046
8.63509323771535	8.78053236624037	8.42562936884498
5.13517953093733	5.29247767209412	4.77394323114603
9.40840612846227	9.47804883184492	9.3625574044125
9.64144552732037	9.74321186138179	9.55579689168337
7.92424126943169	7.89171312823728	7.99162473292685
8.22542366225067	8.42382145673925	8.11418596538252
9.94041450474894	9.99008645038908	9.89017079330862
8.54254845514503	8.61216392657274	8.2800132358069
4.83921002160702	4.9412137928317	4.79309011504055
6.42485312836387	6.51393279073672	6.47655100343682
4.50644793561491	4.3218596930853	4.39976763287123
8.6806414190413	8.76124334736065	8.72505814270214
5.06637286234188	5.21939569677776	5.13082940792598
5.14718523579308	5.30025762486938	5.23982828972634
6.7539150579285	6.6626262337399	6.73600742510846
8.73657260168729	8.77420128472965	8.70734831623169
8.04886229582292	7.94933465684039	8.04886229582292
7.83816610826383	7.68479378275867	7.81352163218193
8.54511883180778	8.55896943595112	8.54715858711703
8.89154794292907	8.95931761853251	8.94154603142399
9.09809063548979	9.02117918554347	9.04666861900047
8.78053236624037	8.80272707147356	8.75738470222272
8.86894230528222	9.00696114409461	8.88628347506988
4.1840015883231	4.45485817139332	4.02874914235858
9.38212418529246	9.39268918469332	9.35628875136763
5.82741804413755	5.75223558052507	5.75971833685412
9.49330205255363	9.51222838185627	9.52722269981557
7.41070765510999	7.45477227074185	7.5585438420587
9.39371098826343	9.2974912867618	9.35628875136763
9.19213123428611	9.08824081135626	9.19102916055286
8.61624706551638	8.74325676656509	8.58214107079537
8.70726769622306	8.64537581552115	8.61684303060858
4.90331722597701	4.68764757543325	5.03640719055331
9.40404405237369	9.37436076325721	9.33963516923656
9.0128337364657	9.14306223808029	9.10190233642597
7.02773623158267	7.13695324250974	7.02773623158267
6.55385383179812	6.52379982533951	6.50560872044939
8.12922232541073	8.05566737665189	8.05989577117218
5.06216077549128	5.21311089617345	4.93891702271132
9.07387849793772	8.92823493290113	9.04182759757895
7.43919525254981	7.48488009879038	7.53528098077281
9.23045857936552	9.19323330801936	9.20121079196872
9.27849041260269	9.28826859976632	9.34292568898445
7.84323942346205	7.83147617564079	7.89171312823728
9.24976753515575	9.1405687015965	9.22581823545055
4.93276864033332	4.97004822595903	5.13082940792598
8.57047447743632	8.49165692323728	8.55896943595112
8.47027150606375	8.52598836733869	8.46337652481927
9.23408278158431	9.21269065402796	9.2974912867618
5.13517953093733	5.11259597893817	5.1943491261022
4.46185365111291	4.53993814041916	4.61734206894576
7.20648002402716	7.26860360726261	7.24710681963263
8.53538878260484	8.52852383176136	8.51235808366776
8.27142960984918	8.34374690665602	8.23938040073461
4.67024621529446	4.62181727222067	4.97115374134777
8.82613060604538	8.75471597994941	8.79251719676427
9.37924111186291	9.38212418529246	9.43620218590551
9.52250823812406	9.53733235210963	9.53733235210963
8.77795641575297	8.71387320560035	8.80042595374231
9.52722269981557	9.53944339738386	9.53015983016892
8.64818438752118	8.66519271189872	8.66750477569407
9.31338325523997	9.22898463757552	9.25353943303947
8.39063994985493	8.37965683163356	8.35900456032061
5.24270985866326	5.26044883859588	5.16023423938642
9.17500644261149	9.19555537702361	9.133524725083
5.64848713275515	5.59304187207724	5.57131049070194
9.12551506472553	9.17604840100153	9.17337845906683
8.49165692323728	8.54141010469958	8.52205246041119
8.65313415885679	8.58991467868385	8.67464863798211
5.6220452781302	5.63151160935379	5.626778443742
8.6785427223698	8.66750477569407	8.73373468182018
7.11586158238693	7.09496151521934	7.18161009282133
6.82140507369837	6.85519497504741	6.91251555599297
9.06732629414363	9.00423702191084	9.06801595966988
4.68764757543325	4.77394323114603	4.53686529707604
8.44803989377376	8.51590889549268	8.47027150606375
5.48452007527306	5.22909354717023	5.48932955658173
7.47707424482334	7.44400735030611	7.44400735030611
8.75738470222272	8.6993486293663	8.77420128472965
8.95067354372894	9.05077684434594	8.98729244525039
9.57860833966894	9.49006419617319	9.51594441234719
9.46929529032717	9.4854384876018	9.45930838180652
8.06970176998854	8.02379291892276	7.98491365317563
6.91251555599297	6.54890594588111	6.83938665088739
8.45284853558089	8.54620570591158	8.54141010469958
6.08065343386024	6.24899768648889	6.14882439484422
4.59223669472541	4.70607223147503	4.44656413791634
4.90102176411526	4.83013746177169	4.82493188125239
8.19877274978868	8.20695253084386	8.19877274978868
4.55543931062149	4.76193706537017	4.67897876419263
8.71466439540443	8.64449928645325	8.66519271189872
9.46817400688964	9.46019140667329	9.45044481423773
8.83010735503451	8.89278549208598	8.81281101603035
8.67432037971205	8.64252971571758	8.6848877213814
9.32428407000016	9.32707421774237	9.37360530940148
12.4276749759556	12.4276749759556	12.4276749759556
7.04062715505961	7.06285532836911	6.98120964308781
7.5333019640581	7.47707424482334	7.5432585803054
9.18878384794293	9.20597423272518	9.24976753515575
9.24130258954932	9.15286567571863	9.23977727553915
7.87640992815006	7.89902231537298	7.911148762904
9.49579639019907	9.49949184146729	9.53944339738386
5.1147005702489	4.78205982655658	4.93891702271132
4.91313545035102	5.04415808254444	5.21311089617345
5.56661875654479	5.52682819140764	5.65298855420507
7.52445883459503	7.53528098077281	7.5192870271137
5.83694644459461	5.65298855420507	5.70585031586738
8.10615965561841	8.2156728728102	8.18198948839163
8.82425498659039	8.82891420089568	8.74859229676893
7.67011691679159	7.7134586058741	7.67541535903168
4.37920691139451	4.42072532407941	4.7493140185236
9.6086266556845	9.56990390187089	9.64419058788695
5.8490680363995	5.8490680363995	5.96586673945202
5.45152719522579	5.48452007527306	5.64769747958738
9.82061571981343	9.83485317687713	9.82061571981343
4.76578042139089	4.84167218422081	4.92433073949817
5.1147005702489	5.31880950583529	5.35894223892511
9.71406854491121	9.73681721371108	9.76528521608536
4.88497467551301	4.99886855302768	4.93276864033332
8.70382849239557	8.6785427223698	8.76979078579986
4.84286548281629	4.8114958555058	4.99445475311251
9.45044481423773	9.52322667103739	9.50388165749669
6.08065343386024	6.27243708224593	6.2336261369357
8.69325917382955	8.6848877213814	8.67299768947702
8.62409566238793	8.6208210813319	8.62720261114681
4.56952019277157	5.02594458988704	4.8114958555058
4.36713097056377	4.3218596930853	4.26978517743318
9.41937863721283	9.33654612922042	9.44267706875048
4.54948183837649	4.52263636424542	4.54948183837649
4.31241926730484	4.37590175510615	4.20624563437758
4.37590175510615	4.29569581011465	4.31628434720691
4.83013746177169	4.97932710248736	4.78205982655658
9.73681721371108	9.75805145715771	9.75432703929093
6.14741136919017	6.1035272153894	6.1035272153894
7.68771808228419	7.58136270804606	7.6906423818097
8.65813547529487	8.66750477569407	8.60638991994992
9.133524725083	9.23977727553915	9.10942397467822
8.03476255007735	8.07394810163069	8.12922232541073
8.81281101603035	8.91001705694673	8.83669235537752
8.62651821199364	8.65813547529487	8.6449375509872
6.28394363959219	6.41382125692845	6.36657903287499
7.55947140840016	7.57355864617101	7.63924838350282
8.80915123129197	8.87718051863801	8.80915123129197
4.32741747318413	4.01070190684731	4.39976763287123
5.94748263103227	6.11495515562059	6.16714012317016
4.81682426136085	4.88873506750743	4.68764757543325
4.43299477292323	4.59223669472541	4.64044132131411
8.68415400301702	8.66241538635419	8.6975663497564
8.15021470671015	8.24628080662169	8.1438967283359
8.74859229676893	8.67128968943412	8.67464863798211
4.49175280337453	4.46561074588809	4.57126892174118
4.86843587249288	4.81682426136085	4.89111752350458
5.20090061085616	5.07389564906232	5.06113101300309
7.63924838350282	7.72072905449375	7.50212023323254
4.55543931062149	4.77394323114603	4.58203543381751
8.86421792565134	8.76583885871239	8.87348747837894
9.16830449609305	9.17396448422144	9.19708487125707
9.49949184146729	9.48241732548873	9.51222838185627
9.31535941143984	9.33312016570402	9.41937863721283
4.54948183837649	4.51283563758929	4.36713097056377
9.27693765240436	9.31033837957154	9.21269065402796
6.54890594588111	6.74594764423968	6.79954803085171
8.66241538635419	8.54403195770398	8.67464863798211
8.93960629751592	8.88628347506988	8.96019815383401
4.7493140185236	4.93276864033332	4.93276864033332
4.13459925471814	4.34741562895237	4.46561074588809
4.74100933171122	4.62521586125596	4.73318404997228
8.51346733468232	8.48430219246476	8.5337359452373
5.46357989038408	5.47005944356002	5.41355718198654
7.82291651778993	7.69198599869735	7.8250637488618
9.55579689168337	9.56757585852046	9.61030013016506
9.68429313057868	9.69621482993788	9.7283709872723
9.35628875136763	9.42891456874442	9.41794687873084
4.97115374134777	4.71458019650924	5.05083570747135
8.89781481046508	8.92007160655855	8.8828066686793
9.20597423272518	9.24976753515575	9.19323330801936
9.77431903162941	9.80170759082945	9.79695573710522
5.09219146983461	5.22909354717023	4.99445475311251
7.37238808439967	7.43919525254981	7.45477227074185
5.92617712635197	6.02724305042743	5.93579959957739
4.92546226710861	4.88873506750743	4.97115374134777
7.92007448654439	7.92007448654439	8.00309299557257
4.2845565236083	4.20020595373191	4.3579755754769
8.83258670908703	8.71246714402087	8.78053236624037
9.49006419617319	9.38546862611405	9.40404405237369
8.86539195308377	8.86509855469968	8.85127561413044
4.43299477292323	4.59223669472541	4.41188249270402
8.69013938197634	8.67448450884708	8.70734831623169
4.81682426136085	4.92546226710861	4.84286548281629
9.45730352240202	9.49330205255363	9.46107443154005
8.43428462862251	8.394363336853	8.45657996428453
8.61624706551638	8.63847273805286	8.59608908090272
8.71043191743614	8.68762905196526	8.73165319323335
7.55761627571724	7.5432585803054	7.48949319714531
8.52205246041119	8.49959049150638	8.55294793214057
8.54511883180778	8.53456519596228	8.45284853558089
7.38277853092658	7.37238808439967	7.37648111262273
4.85829675955417	4.81682426136085	4.79309011504055
8.64537581552115	8.6561394402807	8.62583381284047
7.48488009879038	7.51969533780824	7.52561537044627
5.41091583416783	5.02594458988704	5.07288322999404
7.09496151521934	7.02773623158267	7.15581937125021
8.76583885871239	8.75767134939374	8.77795641575297
9.6024707949123	9.61591945015509	9.57567986169779
9.53733235210963	9.51594441234719	9.54452581027249
4.25078193490582	4.56186813022525	4.31061814147874
8.30282840643003	8.37013112691905	8.32811316099561
4.76060493357791	4.67897876419263	4.85060186748086
9.0105378284616	9.02208197300469	9.09129888565515
9.80170759082945	9.79695573710522	9.8567380554192
8.8423023292615	8.73165319323335	8.89781481046508
4.1840015883231	4.07783469409271	4.32946386148053
9.76528521608536	9.78104001321154	9.80170759082945
4.29569581011465	4.34741562895237	4.55720085090652
8.41596711290835	8.45657996428453	8.40870181455111
8.85343590270857	8.82613060604538	8.89278549208598
5.0749080681306	5.03286775650108	4.90102176411526
5.304199106999	5.50056716886385	5.23192040489924
8.89501343860395	8.91434387308771	8.91434387308771
9.07613062701264	9.12262302741483	9.07387849793772
3.71805626843616	3.85984514889804	3.71805626843616
7.60577177266986	7.65554790410399	7.68479378275867
5.99465669733922	6.09260185857167	5.86386311386809
4.42072532407941	4.33117525072283	4.46561074588809
5.13517953093733	5.33691144966653	5.05083570747135
9.37360530940148	9.3901087295613	9.31033837957154
7.11780657329696	6.8840652205117	7.13695324250974
9.66395095498503	9.6718954535608	9.66395095498503
4.7493140185236	4.64934799915469	4.61734206894576
8.98108373741658	8.89154794292907	8.95608098337194
7.58136270804606	7.63924838350282	7.61351505656485
4.55543931062149	4.41188249270402	4.37590175510615
8.26047170935513	8.26047170935513	8.26047170935513
8.40870181455111	8.40870181455111	8.41596711290835
7.50212023323254	7.48949319714531	7.43919525254981
5.35516328962425	5.16924731830731	5.304199106999
8.61184816924111	8.58214107079537	8.67299768947702
8.91526483634392	8.80042595374231	8.90358135517525
6.25670019217185	6.07288209834533	6.17521769726372
8.56310429998508	8.53538878260484	8.5337359452373
4.13459925471814	4.37590175510615	3.96998375894295
5.1147005702489	5.08778136655044	5.01262578047318
6.19626408208299	6.29553506946061	6.30255119834672
8.59321572416125	8.53290669451232	8.51235808366776
9.07067119165589	9.09129888565515	9.08977775152186
8.51835045630304	8.41596711290835	8.52852383176136
6.52859645918468	6.60434025040496	6.42485312836387
7.61351505656485	7.52503710252065	7.70753076305456
4.71595028097674	4.94727072098385	4.97115374134777
9.76667323447724	9.7907507484454	9.71406854491121
7.53725999748753	7.60075417031535	7.5585438420587
4.7493140185236	4.97004822595903	4.88497467551301
9.65051979670061	9.66395095498503	9.69621482993788
8.76124334736065	8.83258670908703	8.75738470222272
9.10771229294212	9.15903074438245	9.16063214066721
4.39976763287123	4.51283563758929	4.48028263616174
8.17912233818191	8.19877274978868	8.15801514886759
8.9123580106529	8.86509855469968	8.90024947063908
9.2974912867618	9.24772141689237	9.27056791473825
8.83669235537752	8.85097914559161	8.84469925875981
7.41070765510999	7.4026852545266	7.41166000876057
9.34462982827485	9.34377775862965	9.38546862611405
4.31241926730484	4.17997731088958	4.52114751011708
9.74321186138179	9.68429313057868	9.74321186138179
4.23519842429563	4.53993814041916	3.85984514889804
4.98616652351214	5.01262578047318	4.98745579830874
5.21085844078168	5.11259597893817	5.17931156204251
10.1150547875278	10.1150547875278	10.0638164271884
9.29039279968167	9.2656634587718	9.33654612922042
5.73334384341019	5.72373254551643	5.77295321187131
9.3534934124911	9.27849041260269	9.31282269433495
4.64934799915469	4.7493140185236	4.67024621529446
4.99445475311251	4.86843587249288	4.86982978464865
8.73373468182018	8.70734831623169	8.80272707147356
5.10418970116294	4.90102176411526	5.06113101300309
8.6024206522239	8.62409566238793	8.69165785908069
7.18851822959002	7.11683407784195	7.160821938332
4.94727072098385	4.64044132131411	4.83794115758871
8.68663719905851	8.59321572416125	8.6024206522239
9.45290907221872	9.50840609330674	9.48392790654527
8.79025768909599	8.75709805505169	8.85008671748521
4.79309011504055	4.90102176411526	4.89111752350458
5.01008132103096	4.97932710248736	5.14908602967179
8.91161100833934	8.94661295344809	8.89607458772506
9.3901087295613	9.31338325523997	9.31338325523997
8.6184996325663	8.64818438752118	8.64723345977004
6.59398046891176	6.53339309302986	6.59398046891176
4.94727072098385	4.98854134946852	4.97932710248736
5.31880950583529	5.19808461889314	5.08998641819252
8.72781153221486	8.68017301460487	8.74405436770025
9.46402321403631	9.52250823812406	9.48856523710824
7.51887871641916	7.51887871641916	7.5192870271137
5.5444224768773	5.59304187207724	5.58300917713058
9.4854384876018	9.47231062811591	9.46817400688964
5.21085844078168	5.25470095061794	5.45847835187854
4.32741747318413	4.39651827026693	4.58203543381751
5.50680521738472	5.50056716886385	5.4335810539173
7.46046808689858	7.55761627571724	7.48488009879038
4.51754525846489	4.44144532483673	4.55720085090652
7.7378950486778	7.7378950486778	7.79201997461885
4.86843587249288	4.93276864033332	4.52114751011708
5.41091583416783	5.27169331709282	5.21311089617345
5.27531530528835	5.33311781331268	5.2781100075185
5.64848713275515	5.6220452781302	5.78605726956527
8.61331896575884	8.57047447743632	8.61184816924111
4.00195805965625	4.36339942762854	4.26030603747403
7.911148762904	7.8250637488618	7.84323942346205
7.92738055140499	7.9403337681118	7.95620927390695
9.33483314746222	9.42587546185612	9.37055530730772
4.39976763287123	4.29569581011465	4.20624563437758
4.70745016747229	4.46561074588809	4.52114751011708
9.42587546185612	9.40775753840142	9.41411217319065
4.57737419837151	4.59223669472541	4.59223669472541
8.51124883265319	8.51590889549268	8.57361508289756
8.28819769183301	8.27142960984918	8.29509259936518
8.85538862470228	8.89781481046508	8.85952473607641
4.67897876419263	4.91546562658917	4.83013746177169
5.47005944356002	5.35516328962425	5.20694867658764
8.0562784501413	8.043340481729	8.07819443327285
7.65133889160573	7.62763783999219	7.58136270804606
7.68771808228419	7.65554790410399	7.60075417031535
5.95798760847133	5.95248881946143	6.09911571292848
9.28826859976632	9.27693765240436	9.31853918932585
5.21939569677776	5.20890355868466	4.90102176411526
8.87892764367204	8.84949075791765	8.91001705694673
8.77420128472965	8.72361912218291	8.71387320560035
9.10190233642597	9.12551506472553	9.08824081135626
8.2156728728102	8.12922232541073	8.2156728728102
7.44400735030611	7.38987874278122	7.46616390305532
4.61286686567086	4.57270444345863	4.65100057729887
5.01008132103096	4.9412137928317	4.92433073949817
5.05330187445937	5.13517953093733	5.20090061085616
9.34006988169681	9.35606180719797	9.31535941143984
9.99008645038908	9.94618751913113	9.99008645038908
4.73318404997228	4.51283563758929	4.59799850443715
4.59223669472541	4.55240524158574	4.70745016747229
4.42072532407941	4.37590175510615	4.37590175510615
5.23694672078942	5.07389564906232	5.13082940792598
8.75471597994941	8.86894230528222	8.82519279631788
6.79208773291151	6.78462743497131	6.85519497504741
7.93977974790711	7.99596046233995	7.94088778831649
6.01952822518549	5.96348639748123	6.03981136833614
4.7493140185236	4.99886855302768	4.68764757543325
8.32811316099561	8.23667027204062	8.34374690665602
7.24710681963263	7.20648002402716	7.24710681963263
5.82147361310845	5.70159582708565	5.87853696636976
5.22909354717023	5.22909354717023	5.11259597893817
8.66519271189872	8.60981096330383	8.63509323771535
4.85060186748086	4.83013746177169	4.73318404997228
8.75738470222272	8.80915123129197	8.72218010166368
5.38300022540224	5.44270922207403	5.4184791990926
9.1405687015965	9.19102916055286	9.1574293480977
4.44656413791634	4.39651827026693	4.7493140185236
9.54452581027249	9.58920206755526	9.58920206755526
5.15929314552956	5.05330187445937	5.16023423938642
7.62763783999219	7.52503710252065	7.65133889160573
8.61184816924111	8.63985275360026	8.6449375509872
5.03994662460554	4.77394323114603	4.94594592879794
7.94933465684039	7.87640992815006	7.92424126943169
6.20784519807552	6.20784519807552	6.28394363959219
4.79685320923897	4.84167218422081	5.07288322999404
8.57361508289756	8.60638991994992	8.63847273805286
7.48949319714531	7.55947140840016	7.49876930377592
8.6806414190413	8.58410036646967	8.63985275360026
5.8490680363995	5.93347336084083	5.64769747958738
8.60981096330383	8.54254845514503	8.57047447743632
8.34935917735865	8.22542366225067	8.28819769183301
5.72914931936951	5.86386311386809	5.73334384341019
8.99384327117285	8.93689549534671	9.08015868222383
9.32707421774237	9.3625574044125	9.33868172825455
4.90102176411526	5.18132370075928	4.99994439005056
9.3625574044125	9.43274133327102	9.37511621711294
8.81861831394309	8.73551932225831	8.82519279631788
7.82291651778993	7.70753076305456	7.72072905449375
5.81027915749225	5.78605726956527	5.626778443742
3.81466268274124	4.01070190684731	4.00195805965625
8.22264078765926	8.17323529420602	8.17323529420602
6.13328622860912	6.08180641815679	6.20784519807552
5.92617712635197	5.89712189395819	5.93942955315706
8.67128968943412	8.67344631947723	8.63419559056665
9.31853918932585	9.27341405784134	9.33042914629737
4.77642849945238	4.85303905039281	4.84286548281629
4.51754525846489	4.55240524158574	4.2885132893391
4.76060493357791	4.83013746177169	4.74100933171122
6.16714012317016	6.24395560438244	6.25670019217185
9.34292568898445	9.41937863721283	9.04666861900047
8.86615277108573	8.82425498659039	8.87817652254349
9.06931147777352	9.08977775152186	9.11313895045351
6.92339067088957	6.90631134279366	6.91251555599297
4.1840015883231	4.23152737324063	4.36713097056377
5.21085844078168	5.07389564906232	5.25666077988642
4.38987031862733	4.23152737324063	4.13004094241911
6.90631134279366	6.94517900202853	6.8840652205117
6.14217850706664	6.3904497939419	6.30255119834672
9.31033837957154	9.33868172825455	9.30073136106013
7.56436027888969	7.50212023323254	7.56436027888969
9.63416842401013	9.65368880316295	9.64144552732037
9.03789819061892	8.99490912533042	9.02117918554347
4.62351656673831	4.45485817139332	4.45485817139332
8.53290669451232	8.45284853558089	8.54715858711703
9.10942397467822	9.10771229294212	9.16830449609305
9.29426521784186	9.16830449609305	9.27056791473825
9.50840609330674	9.46929529032717	9.48794457108303
8.36807432001868	8.30282840643003	8.34935917735865
8.90358135517525	8.91198450949612	8.96610300257371
4.7493140185236	4.7493140185236	4.8114958555058
4.64934799915469	4.87239376808405	4.7493140185236
8.72505814270214	8.55481096155291	8.66750477569407
9.62291502994604	9.52722269981557	9.57860833966894
9.2656634587718	9.2461940236967	9.27470522584809
5.33415200490047	5.41601819053957	5.40827448634912
8.6561394402807	8.59608908090272	8.6208210813319
8.53456519596228	8.6024206522239	8.54254845514503
4.94727072098385	4.91546562658917	5.07907609040064
7.2188035532775	7.23699536944723	7.27562110454905
9.33042914629737	9.29039279968167	9.35152176795489
4.1596994844059	4.29569581011465	4.14327841339185
8.58214107079537	8.65313415885679	8.61556584987429
5.86386311386809	5.77295321187131	5.84970163142615
8.28508873632989	8.34011439081982	8.31235123109481
4.97115374134777	4.85954584897866	5.03640719055331
8.82891420089568	8.84159280865982	8.89501343860395
5.50056716886385	5.5444224768773	5.52682819140764
5.75223558052507	5.75223558052507	5.824445828623
9.04530412143425	9.06931147777352	9.09215796126952
4.66148221100814	4.51283563758929	4.7493140185236
8.44105713926017	8.43428462862251	8.42382145673925
9.31282269433495	9.23045857936552	9.28461326024001
8.57619902427811	8.68342028465263	8.58410036646967
8.72133303737733	8.75117145173265	8.751994286883
6.11495515562059	6.09911571292848	6.27243708224593
7.84689427305917	7.81352163218193	7.78264289145019
4.76060493357791	4.8114958555058	4.77394323114603
8.69580784044049	8.69367927276894	8.7154555852085
8.751994286883	8.66446313867601	8.6785427223698
4.74100933171122	4.73574884723561	4.76578042139089
6.29553506946061	6.13328622860912	6.11495515562059
9.58920206755526	9.56583909688474	9.48392790654527
5.97430181011967	5.93347336084083	6.0795004495637
13.4458013840144	13.4458013840144	13.4458013840144
12.9684674733853	12.9684674733853	12.9684674733853
4.80060378509591	4.66148221100814	4.50463321625778
5.19526862693013	5.15929314552956	5.21311089617345
8.80369099377965	8.85538862470228	8.80767505548073
4.48181905783331	4.37590175510615	4.31628434720691
3.32676142287457	2.55665082521137	3.24151136641121
8.59431237758152	8.6184996325663	8.64252971571758
6.32592031216001	6.30956732723284	6.09260185857167
7.0227226783173	6.79954803085171	6.94517900202853
8.37965683163356	8.29509259936518	8.38411855750868
4.52568152913697	4.31061814147874	4.60717330232561
9.20121079196872	9.17279243391222	9.25513578744881
8.76834574920024	8.73762588111626	8.78569716314303
4.39976763287123	4.52263636424542	4.37590175510615
4.77642849945238	4.71458019650924	4.68764757543325
9.15516610532355	9.05336493235501	9.1405687015965
7.94088778831649	7.90364259934439	7.96608649723856
5.49413903789039	5.50056716886385	5.38201275307605
9.43620218590551	9.3534934124911	9.39088805534226
8.89016889833561	8.89501343860395	8.84301184986318
7.90364259934439	7.97312619992448	7.94933465684039
5.25470095061794	4.85954584897866	4.96664724870854
9.51222838185627	9.583159216183	9.61591945015509
6.47225135117085	6.46795169890488	6.42485312836387
5.45152719522579	5.13082940792598	5.2781100075185
8.69845748956135	8.67128968943412	8.688620904872
5.791300824933	5.70159582708565	5.84654695651569
7.30848127895808	7.26860360726261	7.20648002402716
8.69013938197634	8.78892801824971	8.76124334736065
8.67515261882786	8.63026641613461	8.68342028465263
9.16063214066721	9.20121079196872	9.16421836107367
9.6718954535608	9.5808891042791	9.62654186606854
8.91526483634392	8.90024947063908	8.93154359003164
6.24395560438244	6.32592031216001	6.24395560438244
8.67515261882786	8.74755960536329	8.6993486293663
8.40173420489878	8.40173420489878	8.43428462862251
8.34374690665602	8.42562936884498	8.39250164335396
9.02208197300469	9.04803311656668	9.02208197300469
4.44656413791634	4.1596994844059	4.37590175510615
7.75290898315702	7.80634128265032	7.82076928671806
6.62666400375955	6.68126757045063	6.62183865156326
6.6626262337399	6.65591519494159	6.82140507369837
7.83147617564079	7.97134995686825	7.90364259934439
6.76789847241582	6.82140507369837	6.94005321958092
8.97608012095094	8.9924382169527	8.9924382169527
9.35741485764412	9.32428407000016	9.33287783926546
6.57583279369316	6.43003440799455	6.57583279369316
8.73657260168729	8.72781153221486	8.71246714402087
5.87853696636976	5.92120713059967	5.80889321069183
9.04940498045631	8.9610786891355	9.00696114409461
5.07288322999404	4.99886855302768	4.97932710248736
8.63985275360026	8.57361508289756	8.54403195770398
4.8114958555058	4.79685320923897	4.80060378509591
6.009750347126	5.80889321069183	5.93114712210426
8.04204683896047	7.84323942346205	7.95202419098952
5.18132370075928	5.11259597893817	5.33415200490047
9.30073136106013	9.35152176795489	9.28054784057916
8.66799952725439	8.73373468182018	8.65141382578061
4.67897876419263	4.50312569299061	4.46561074588809
9.03029639330591	9.09215796126952	9.06732629414363
7.98491365317563	8.00309299557257	8.06970176998854
4.85829675955417	5.06216077549128	5.16023423938642
9.22898463757552	9.22581823545055	9.24695772029454
9.66721392025883	9.66721392025883	9.65051979670061
4.5384017187476	4.64044132131411	4.5144123591308
4.58495129019642	4.53993814041916	4.63421905632456
5.304199106999	5.22909354717023	5.31359962144979
8.52598836733869	8.43111209676599	8.44803989377376
7.95620927390695	7.98491365317563	7.92738055140499
8.04463412449753	8.07394810163069	8.05989577117218
7.51969533780824	7.53528098077281	7.60577177266986
4.73574884723561	4.73009144544294	4.85688649642947
7.74634721281574	7.75290898315702	7.80634128265032
5.304199106999	5.3606395659525	5.11589386884438
4.76060493357791	4.68764757543325	4.54948183837649
4.36713097056377	4.17997731088958	4.19634229855714
4.37590175510615	4.37590175510615	4.58644014432476
9.08824081135626	9.07613062701264	9.06000944569217
4.5384017187476	4.68764757543325	4.77394323114603
5.28090470974865	5.23694672078942	5.23982828972634
6.07288209834533	6.0487890126738	6.02724305042743
8.74325676656509	8.69580784044049	8.78892801824971
9.15286567571863	9.00182143589155	9.17604840100153
9.40710894834057	9.41794687873084	9.47231062811591
9.24772141689237	9.25849164162119	9.27771403250352
