k4_temp20_1	k4_temp20_2	k4_temp20_3
28.8313075802923	19.8548891246263	23.5770855797471
29.7094184710626	27.5298882820449	29.6951900656308
451.348997855946	419.455388733702	431.400977285119
437.299223603621	385.752131564168	416.62799328262
677.023496783919	641.029277452221	643.743969563475
28.8313075802923	25.6945623965752	28.6506356412117
23.5626422356703	23.1918452800257	25.5169723679541
849.718638635416	805.70806372118	792.070697830998
14.6351815128387	18.3532588546966	18.3543134576512
511.060538428328	462.502123138354	482.136477899765
24.4407531264407	22.6913018567158	21.4879767309088
427.640003805147	408.276585613114	396.18457097613
27.0750857987516	25.6945623965752	22.5325311553279
31.0265848072181	27.3630404742749	25.9646385498481
20.9283095633594	22.0239106256359	22.5325311553279
20.3429023028458	22.0239106256359	21.3387546702774
442.421537133114	403.771694803325	410.360666736105
157.328201263016	127.471725136256	138.92573844775
786.787358130209	718.279812449716	736.858535397413
25.7579194625961	21.356519394556	26.412304731742
30.0021221013194	30.5331488219043	28.9490797624743
31.75834388286	29.1983663597446	28.799857701843
127.03337553144	122.466290903157	128.032528021665
25.0261603869542	25.8614102043452	28.6506356412117
693.853955523683	674.732534621754	634.641423864965
31.1729366223465	27.1961926665049	26.8599709136359
199.477524019992	206.390738211452	185.781465485982
30.2948257315761	26.5288014354251	27.1584150348986
28.2459003197787	28.6978229364347	26.5615267923733
25.6115676474677	25.3608667810353	27.7553032774238
333.243083047338	310.170074644372	301.72700659651
55.7600415639155	55.2266243718597	50.437056493383
36.5879537820968	33.8701049773037	36.4101827940398
22.6845313449	20.0217369323963	19.697312003333
20.6356059331026	20.3554325479362	19.5480899427017
402.613843418193	347.877679200385	367.533935334918
290.654704844977	267.62388366303	270.390373863935
30.7338811769613	28.3641273208947	32.6796312782571
427.932707435404	394.428217568207	400.362788673807
21.0746613784877	26.862497050965	23.5770855797471
573.260059857892	537.58363663484	553.912289063426
57.2235597151994	57.5624936806393	56.5551609792668
31.75834388286	31.0336922452142	31.6350768538379
25.1725122020826	27.8635838975848	24.024751761641
697.659102717021	701.261336057179	666.127278658171
23.2699386054136	26.5288014354251	26.1138606104794
28.9776593954207	22.3576062411758	26.2630826711107
292.264574811389	273.964100358289	275.762368046662
296.069722004727	278.969534591388	299.339453626409
18.5866805213052	20.3554325479362	22.6817532159592
24.587104941569	23.3586930877957	25.0693061860602
84.0059418836942	70.5766226866969	73.4172538306049
26.9287339836232	29.3652141675145	29.6951900656308
488.815062528813	460.833645060654	458.111726138124
21.5137168238729	20.1885847401662	25.9646385498481
22.5381795297716	19.1874978935464	21.4879767309088
30.2948257315761	26.5288014354251	30.5905224294187
38.0514719333807	41.7119519424922	38.7977357641408
657.705057186972	603.488520703978	636.282866531909
24.587104941569	20.3554325479362	27.9045253380551
19.7574950423323	17.8527154313867	15.369872245025
7.61029438667613	6.34021669525882	4.77510594020195
28.6849557651639	26.695649243195	28.9490797624743
20.781957748231	18.0195632391566	19.3988678820704
14.0497742523252	16.017389545917	17.3097590332321
576.918855236102	521.733094896693	535.408753545143
325.047381400148	277.467904321458	306.502112536712
33.3682138492723	31.3673878607542	28.799857701843
300.021221013194	269.29236174073	286.058690230223
22.6845313449	24.8603233577254	23.7263076403784
36.8806574123536	38.3749957870929	37.6039592790903
42.4420263872323	36.8733655171631	43.4236196437114
22.8308831600284	21.8570628178659	23.8755297010097
34.9780838156845	31.5342356685241	32.5304092176258
431.737854628742	418.120606271542	415.434216797569
534.184125218613	481.52277322413	514.816109178022
19.0257359666903	19.0206500857765	17.4589810938634
30.4411775467045	27.8635838975848	26.7107488530046
548.96565854658	512.723313277115	513.323888571709
25.318864017211	25.3608667810353	25.6661944285855
31.9046956979884	32.8690181306839	37.7531813397216
370.562795905076	352.883113433484	343.210739452015
20.6356059331026	17.5190198158467	23.2786414584845
29.5630666559342	27.1961926665049	26.412304731742
1719.63382775855	1526.65744109522	1598.16826936134
1157.05745040503	1013.76728001033	1078.27861012185
20.9283095633594	20.3554325479362	20.5926443671209
17.2695141851497	21.690215010096	22.084864973434
16.6841069246361	17.0184763925368	15.369872245025
647.0213746826	571.620589419914	573.609601066759
6.73218349590581	7.84184696518854	4.02899563704539
31.3192884374748	31.8679312840641	34.7687401270954
205.770652070512	174.022263504078	178.021918333154
24.0016976810555	23.8592365111056	28.9490797624743
42.1493227569755	37.874452363783	38.2008475216156
647.167726497728	623.510257636374	599.723461677238
42.0029709418471	42.0456475580322	44.9158402500245
234.455607835676	208.226064096921	221.743982098128
924.797119796278	836.741755966394	850.267301477209
540.330901454005	488.196685534929	498.700126629841
28.2459003197787	26.1951058198851	24.7708620647976
26.3433267231097	25.5277145888052	26.2630826711107
31.4656402526032	28.1972795131247	29.9936341868935
772.883935693013	726.789050645985	679.408042054358
19.6111432272039	21.0228237790161	25.2185282466915
22.6845313449	19.3543457013164	23.4278635191158
26.6360303533665	21.0228237790161	23.1294193978532
594.188369421252	557.104830143926	541.676080091658
17.5622178154065	16.017389545917	18.9512017001765
59.8578923875103	51.2222769853805	56.8536051005294
30.2948257315761	34.5374962083836	34.6195180664641
825.570589139232	792.026543484043	752.974517945594
32.7828065887587	32.8690181306839	32.9780753995197
798.641855155609	739.135788420962	729.69587648711
60.1505960177671	50.2211901387606	55.9582727367415
23.2699386054136	23.8592365111056	19.9957561245956
37.0270092274819	32.034779091834	37.1562930971964
13.1716633615548	12.6804333905176	15.369872245025
14.4888296977103	17.8527154313867	18.2050913970199
205.624300255384	172.854328849688	182.647802212724
750.638459793498	648.537428801869	680.004930296883
29.2703630256774	25.6945623965752	25.3677503073228
17.7085696305348	19.0206500857765	17.757425215126
17.4158660002781	17.0184763925368	16.8620928513381
20.1965504877174	19.3543457013164	18.0558693363886
129.375004573494	127.304877328486	126.689529475983
54.44287522776	53.3912984863901	55.6598286154789
16.245051479251	18.1864110469266	18.8019796395452
511.499593873713	460.833645060654	445.726295105725
21.0746613784877	17.3521720080768	17.1605369726007
26.3433267231097	26.862497050965	28.352191519949
23.5626422356703	26.5288014354251	23.4278635191158
27.5141412441368	25.3608667810353	26.1138606104794
475.789750982387	426.629844467811	460.200834986962
299.874869198065	278.135295552538	293.221349140526
27.0750857987516	22.8581496644857	32.0827430357318
196.843191347681	174.189111311848	197.719230336487
13.9034224371968	15.1831505070672	16.7128707907068
25.1725122020826	24.0260843188755	23.8755297010097
602.53042288357	536.41570198045	569.282161308451
25.7579194625961	26.695649243195	27.1584150348986
728.832039339368	650.539602495109	653.741847625773
219.235019062324	191.207587704384	200.256005367219
670.291313288013	618.671671211045	630.164762046025
18.5866805213052	19.6880413168563	16.5636487300755
275.141412441368	261.951058198851	256.512722225223
426.322837468992	410.278759306354	422.149209525978
839.766715206685	818.889040535008	773.716384373346
37.4660646728671	33.7032571695337	33.7241857026762
913.528030031393	801.703716334701	830.868433595138
20.050198672589	21.8570628178659	22.6817532159592
28.6849557651639	31.3673878607542	27.1584150348986
39.3686382695361	38.5418435948628	37.0070710365651
33.2218620341439	33.0358659384538	30.8889665506813
434.372187301053	421.791258042481	422.895319829135
586.139019589191	522.901029551083	536.1548638483
31.3192884374748	28.6978229364347	31.9335209751005
26.1969749079813	23.6923887033356	22.9801973372219
21.0746613784877	16.6847807769969	17.757425215126
27.3677894290084	18.3532588546966	27.1584150348986
18.5866805213052	21.690215010096	20.4434223064896
21.2210131936161	23.1918452800257	27.9045253380551
429.688929216945	375.74126309797	394.393906248554
21.3673650087445	22.8581496644857	20.7418664277522
1157.78920948067	1107.70259578482	1097.37903388266
20.1965504877174	17.5190198158467	21.0403105490148
753.858199726322	717.946116834176	720.742552849231
24.2944013113123	25.0271711654953	26.5615267923733
17.7085696305348	21.0228237790161	20.5926443671209
28.0995485046503	24.0260843188755	22.8309752765906
822.058145576151	750.31459154155	760.286398916528
41.1248600510768	38.8755392104028	40.5884004917165
513.987574730896	473.847774066712	488.851470628174
38.0514719333807	36.3728220938532	33.8734077633075
731.173668381422	655.711884535978	683.735481812666
848.694175929517	712.106443562227	760.584843037791
25.7579194625961	26.1951058198851	22.9801973372219
18.14762507592	18.3532588546966	20.144978185227
20.781957748231	23.3586930877957	24.3231958829037
15.3669405884806	17.8527154313867	21.7864208521714
625.654009673855	597.481999624259	590.770138039359
459.691051318264	446.818429207977	435.131528800902
433.933131855668	402.603760148935	413.046663827468
547.941195840681	527.239072553102	520.486547482012
385.929736493557	355.552678357804	365.892492667974
438.030982679263	419.955932157012	388.574245883933
556.868656563513	487.696142111619	508.548782631507
16.245051479251	18.1864110469266	18.5035355182825
810.789055811265	764.329807394228	772.821052009559
29.2703630256774	29.8657575908244	34.7687401270954
928.602266989616	852.925993320081	858.176070690668
30.0021221013194	28.5309751286647	22.5325311553279
21.0746613784877	20.8559759712461	18.3543134576512
21.5137168238729	19.3543457013164	17.9066472757573
21.9527722692581	22.8581496644857	19.5480899427017
19.3184395969471	23.1918452800257	21.0403105490148
28.2459003197787	31.0336922452142	29.2475238837369
24.7334567566974	19.5211935090864	21.0403105490148
549.551065807094	508.885813698405	504.967453176356
705.562100733954	644.53308141539	652.697293201353
20.1965504877174	22.5244540489458	22.8309752765906
414.468340443592	382.748871024309	391.409465035928
157.767256708401	158.171721765931	160.115271057396
348.024616375305	322.18311680381	316.350768538379
268.994636205976	271.1276876262	248.305508890501
23.7089940507987	19.5211935090864	23.5770855797471
17.2695141851497	16.6847807769969	14.3253178206058
38.929582824151	36.8733655171631	36.8578489759338
825.131533693847	771.337415320566	775.357827040291
284.654280424713	252.107037540423	255.02050161891
19.1720877818187	18.6869544702365	17.6082031544947
287.874020357538	253.775515618123	262.630826711107
77.2737583877884	78.0847740363455	72.521921466817
65.5656131775174	58.5635805272591	60.5841566163122
28.8313075802923	29.1983663597446	27.6060812167925
738.198555507585	701.094488249409	738.499978064357
20.050198672589	20.3554325479362	21.1895326096461
20.4892541179742	14.1820636604474	16.8620928513381
43.466489093131	36.3728220938532	43.2743975830801
75.0784811608626	62.7347757215083	70.4328126179787
330.608750375027	288.146164018736	293.967459443682
42.4420263872323	37.373908940473	45.3635064319185
18.14762507592	17.1853242003068	22.084864973434
260.798934558786	228.080953221548	229.95119543285
29.2703630256774	23.1918452800257	25.2185282466915
1039.97599830232	988.072717613756	950.992192403344
623.751436077186	561.109177530406	563.46250094383
23.2699386054136	22.6913018567158	22.5325311553279
120.740247480919	105.11411889508	117.28853965621
20.050198672589	21.8570628178659	19.2496458214391
21.3673650087445	19.3543457013164	21.0403105490148
395.149900846645	358.722786705433	363.355717637242
780.34787826456	710.938508907838	750.288520854231
19.7574950423323	18.3532588546966	17.1605369726007
472.130955604177	452.157559056616	438.712858256054
495.693597839847	483.69179472514	453.03817607666
497.010764176003	467.173861755913	466.617383594109
369.538333199178	326.020616382519	353.954727817469
443.592351654141	405.106477265485	413.046663827468
333.389434862466	291.316272366366	309.188109628076
87.0793300013903	86.2603166170739	85.951906923635
63.9557432111052	61.2331454515786	62.8224875257818
434.957594561567	402.436912341165	390.663354732772
23.5626422356703	27.029344858735	22.9801973372219
22.8308831600284	28.3641273208947	20.4434223064896
10.3909788741155	10.678259697278	9.84865600166651
1036.17085110898	965.0477201415	987.999263439909
32.4901029585019	31.7010834762941	31.187410671944
37.6124164879955	34.3706484006136	33.2765195207823
30.4411775467045	27.029344858735	28.9490797624743
22.5381795297716	17.3521720080768	24.6216400041663
68.4926494800852	63.4021669525882	67.7468155266151
43.0274336477458	44.0478212512718	40.8868446129792
360.610872476346	316.009747916321	333.212861389717
16.9768105548929	22.8581496644857	23.7263076403784
28.2459003197787	26.0282580121152	33.2765195207823
11.1227379497574	12.5135855827477	11.3408766079796
32.7828065887587	27.1961926665049	37.0070710365651
20.781957748231	25.5277145888052	27.7553032774238
11.8544970253994	10.1777162739681	10.2963221835604
19.7574950423323	22.5244540489458	24.472417943535
15.8059960338658	19.8548891246263	17.6082031544947
456.471311385439	457.496688905255	396.035348915499
642.338116598491	627.014061599543	600.171127859132
150.156962321725	143.989658105483	151.161947419518
22.5381795297716	21.356519394556	18.8019796395452
29.124011210549	24.8603233577254	30.5905224294187
31.6119920677316	29.1983663597446	32.0827430357318
29.2703630256774	26.0282580121152	26.7107488530046
27.0750857987516	21.0228237790161	24.7708620647976
509.743372092172	486.194511841689	476.913705777669
21.5137168238729	18.6869544702365	23.7263076403784
60.4432996480239	57.7293414884093	57.0028271611607
252.017825651083	243.764647151925	242.038182343986
20.781957748231	20.0217369323963	16.4144266694442
462.032680360318	452.157559056616	441.846521529311
32.6364547736303	35.3717352472334	43.2743975830801
36.0025465215832	37.373908940473	34.7687401270954
17.7085696305348	19.6880413168563	16.1159825481816
32.4901029585019	31.2005400529842	33.8734077633075
514.280278361152	483.3580991096	493.328132447113
442.421537133114	410.946150537433	410.509888796736
24.0016976810555	20.5222803557062	21.9356429128027
635.898636732842	585.802653080361	587.487252705471
267.823821684948	249.771168231643	250.991505981865
362.513446073015	340.870071274047	336.495746723606
20.1965504877174	18.8538022780065	18.9512017001765
349.195430896332	327.689094460219	315.903102356485
16.0986996641226	20.3554325479362	17.3097590332321
81.2252573962549	75.5820569197959	81.1768009834331
542.233475050674	466.172774909293	482.285699960396
37.9051201182523	34.8711918239235	40.1407343098226
178.402862641504	162.84346038349	169.516260877169
14.1961260674536	15.1831505070672	17.757425215126
643.655282934647	588.47221800468	594.053023373248
20.050198672589	23.8592365111056	21.3387546702774
14.7815333279671	13.8483680449074	15.5190943056563
462.76443943596	439.810821281638	451.396733409715
451.348997855946	412.948324230673	443.637186256887
58.3943742362265	56.0608634107096	56.8536051005294
716.099431423198	717.111877795326	666.873388961328
952.018557410158	921.166746697999	906.822462456476
138.741520741711	128.139116367336	129.82319274924
51.0767834798071	43.046734404652	41.1852887342418
22.0991240843865	18.3532588546966	21.0403105490148
1997.40957287223	1822.64545207914	1841.54945025101
23.4162904205419	24.3597799344155	21.1895326096461
28.9776593954207	26.1951058198851	27.6060812167925
581.894816950467	527.906463784182	536.304085908931
551.453639403763	498.207554001127	507.504228207088
25.1725122020826	27.1961926665049	22.9801973372219
43.0274336477458	34.8711918239235	35.8132945515146
40.3931009754348	39.7097782492526	41.3345107948731
24.2944013113123	19.0206500857765	18.5035355182825
924.504416166022	846.252081009282	864.592619297815
820.155571979481	731.293941455774	746.557969338448
39.0759346392794	37.2070611327031	38.6485137035095
67.7608904044432	57.5624936806393	64.0162640108323
21.8064204541297	21.8570628178659	22.2340870340653
86.20121911062	87.9287946947736	99.381892380453
481.497471772394	463.670057792744	445.1294068632
508.865261201402	457.663536713025	462.140721775169
16.245051479251	14.8494548915272	18.5035355182825
656.09518722056	553.100482757447	585.845810038526
24.7334567566974	22.5244540489458	23.2786414584845
448.568313368507	457.496688905255	428.416536072493
50.1986725890368	41.8787997502622	48.3479476445447
523.207739083984	463.503209984974	486.613139718704
18.5866805213052	18.3532588546966	17.6082031544947
615.26303079974	580.296675423952	605.543122041859
532.135199806816	513.057008892654	518.098994511911
414.468340443592	416.118432578303	390.961798854034
478.131380024441	453.158645903236	447.815403954564
13.4643669918116	11.8461943516678	9.6994339410352
25.0261603869542	23.0249974722557	21.4879767309088
610.140717270246	552.433091526367	573.012712824233
26.4896785382381	22.6913018567158	23.7263076403784
857.182581206964	786.854261443174	788.489368375846
589.944166782529	577.460262691862	527.649206392315
566.23517273173	526.738529129792	528.842982877365
107.714935934493	96.438032891042	99.6803365017156
25.7579194625961	22.3576062411758	22.6817532159592
307.046108139356	306.499422873433	300.53323011146
25.6115676474677	28.0304317053548	30.1428562475248
720.782689507307	681.072751317013	672.394605204686
50.9304316646787	52.0565160242303	55.8090506761102
591.114981303556	522.567333935543	529.439871119891
715.221320532428	652.208080572809	669.708608113323
32.1973993282452	30.1994532063644	31.3366327325753
20.6356059331026	18.5201066624666	20.8910884883835
28.6849557651639	29.1983663597446	22.9801973372219
533.452366142971	537.41678882707	487.806916203755
17.2695141851497	17.6858676236167	17.9066472757573
689.317049254703	660.049927537997	648.817519624939
853.231082198497	791.859695676273	776.103937343447
380.953774779192	355.385830550034	362.161941152191
16.245051479251	22.6913018567158	19.8465340639643
785.470191794054	706.266770290278	724.473104365014
72.0050930431665	70.5766226866969	68.0452596478777
588.480648631245	518.396138741293	544.809743364916
24.587104941569	26.3619536276551	22.9801973372219
541.501715975032	503.713531657536	502.729122266886
30.2948257315761	26.1951058198851	29.0983018231056
514.719333806538	457.663536713025	472.735488079993
9757.4218664247	9055.49791890729	8976.60227933713
63.3703359505916	60.8994498360387	59.6888242525243
4631.44954155294	4469.85277015747	4252.82872799236
49.3205616982665	43.5472778279619	44.7666181893932
44.4909517990297	43.5472778279619	44.169729946868
935.334450485522	893.303162800414	921.147780277081
25.0261603869542	26.1951058198851	29.3967459443682
13.7570706220684	13.8483680449074	16.8620928513381
353.146929904798	320.84833434165	340.673964421283
838.888604315915	783.517305287774	791.324587527841
18.7330323364336	21.356519394556	20.7418664277522
20.1965504877174	19.1874978935464	20.5926443671209
426.908244729505	409.778215883044	390.961798854034
18.0012732607916	13.3478246215975	17.9066472757573
683.170273019311	648.871124417409	625.538878166455
32.6364547736303	28.8646707442046	30.1428562475248
118.691322069122	96.2711850832721	101.172557108029
688.146234733676	652.041232765039	637.327420956328
611.018828161016	577.960806115172	554.956843487845
16.245051479251	18.8538022780065	17.757425215126
22.9772349751568	20.3554325479362	18.5035355182825
498.913337772672	464.170601216054	459.156280562543
501.254966814726	441.479299359338	468.706492442947
716.099431423198	660.884166576847	666.276500718803
126.740671901183	126.637486097406	121.019091171993
37.3197128577387	34.7043440161535	37.3055151578277
969.727127040693	878.787403524426	861.75740014582
33.660917479529	36.3728220938532	40.1407343098226
502.425781335753	495.704836884578	490.791357416381
26.7823821684948	18.5201066624666	23.7263076403784
33.8072692946574	35.8722786705433	31.187410671944
613.067753572814	551.098309064207	580.175371734536
743.320869037078	662.218949039007	688.809031874131
11.4154415800142	12.3467377749777	10.7439883654544
19.4647914120755	23.5255408955656	24.472417943535
452.227108746716	389.923326758417	417.075659464514
851.328508601828	801.370020719161	782.669708011225
208.404984742823	187.703783741215	197.570008275855
21.8064204541297	24.1929321266455	21.3387546702774
28.0995485046503	26.695649243195	32.5304092176258
183.232472540741	178.694002121637	187.422908152926
7.75664620180452	6.50706450302879	5.81966036462112
988.460159377127	903.647726882152	933.831655430743
135.082725363501	131.142376907196	133.553744265023
300.021221013194	252.107037540423	287.252466715273
22.5381795297716	19.0206500857765	21.9356429128027
357.830187988907	323.18420365043	335.301970238555
21.3673650087445	19.1874978935464	26.7107488530046
14.9278851430955	11.0119553128179	10.4455442441918
818.838405643326	730.459702416924	744.319638428978
23.8553458659271	20.3554325479362	21.1895326096461
566.966931807372	542.088527444629	521.083435724537
560.673803756851	498.708097424437	518.248216572542
20.1965504877174	21.356519394556	22.2340870340653
37.9051201182523	43.213582212422	41.4837328555044
548.96565854658	535.24776732606	523.321766634007
12.4399042859129	12.6804333905176	14.7729840024998
674.096460481351	608.994498360387	632.701537076758
673.218349590581	611.497215476936	632.104648834233
24.4407531264407	27.3630404742749	30.5905224294187
98.6411233965329	84.2581429238343	95.6513408646702
394.271789955875	359.390177936513	364.549494122292
882.501445224174	823.727626960337	832.808320383346
15.6596442187374	18.5201066624666	13.8776516387119
32.4901029585019	26.5288014354251	31.9335209751005
87.0793300013903	82.0891214228247	73.8649200124988
15.513292403609	18.8538022780065	17.6082031544947
52.1012461857058	55.2266243718597	54.7644962516911
17.7085696305348	13.5146724293675	17.6082031544947
246.456456676204	218.070084755349	229.354307190325
800.690780567406	672.897208736285	726.26376909259
30.5875293618329	36.7065177093932	32.3811871569944
24.4407531264407	22.5244540489458	27.6060812167925
569.015857219169	531.076572131811	540.183859485345
237.382644138244	244.432038383004	220.699427673709
385.490681048172	410.278759306354	364.25105000103
421.493227569755	409.778215883044	377.830257518479
63.0776323203349	61.3999932593486	58.4950477674738
494.376431503692	479.520599530891	446.621627469513
530.378978025275	479.687447338661	480.644257293452
16.6841069246361	16.184237353687	16.5636487300755
834.79075349232	778.345023246905	782.0728197687
25.9042712777245	24.8603233577254	25.0693061860602
822.204497391279	772.672197782726	754.615960612539
823.521663727434	781.014588171225	794.458250801099
724.880540330901	681.406446932553	685.973812722136
1068.36825043723	1041.79771171569	966.212842587737
618.190067102307	588.97276142799	577.787818764435
37.0270092274819	33.8701049773037	32.2319650963631
428.225411065661	397.431478108066	395.140016551711
34.9780838156845	31.3673878607542	31.6350768538379
27.22143761388	27.3630404742749	28.352191519949
511.499593873713	463.002666561664	478.405926383982
27.3677894290084	30.5331488219043	26.5615267923733
30.0021221013194	29.8657575908244	24.7708620647976
22.2454758995148	24.5266277421854	21.9356429128027
21.5137168238729	23.1918452800257	26.1138606104794
1427.66195657742	1312.92539934189	1318.97379392016
35.5634910761981	34.0369527850737	35.6640724908833
457.34942227621	454.326580557625	451.098289288453
266.067599903408	240.761386612065	249.946951557446
17.7085696305348	13.6815202371375	15.8175384269189
86.3475709257484	86.2603166170739	91.6223452276248
17.5622178154065	18.0195632391566	16.8620928513381
107.568584119365	93.7684679667225	91.9207893488874
716.684838683712	632.019495832642	652.846515261985
16.5377551095077	15.850541738147	17.0113149119694
21.0746613784877	21.690215010096	19.3988678820704
30.2948257315761	23.3586930877957	26.412304731742
247.773623012359	226.078779528308	238.755297010097
18.4403287061768	18.1864110469266	18.3543134576512
236.211829617217	216.06791106211	227.265198341486
16.3914032943794	17.1853242003068	16.8620928513381
767.029863087877	671.562426274125	706.268012967994
735.564222835274	648.871124417409	675.975934659838
675.852682262892	665.722753002176	653.592625565141
28.3922521349071	28.8646707442046	25.8154164892168
189.086545145876	160.0070476514	176.529697726841
21.5137168238729	21.0228237790161	22.9801973372219
511.645945688841	468.508644218073	495.715685417214
588.334296816116	517.561899702444	533.618088817567
637.069451253869	557.271677951696	555.255287609107
520.427054596545	477.184730222111	481.091923475346
24.8798085718258	23.0249974722557	20.144978185227
28.5386039500355	25.0271711654953	23.4278635191158
440.226259906188	396.096695645906	404.839450492746
26.1969749079813	26.0282580121152	25.9646385498481
19.4647914120755	20.1885847401662	19.2496458214391
34.0999729249142	36.5396699016232	37.454737218459
34.0999729249142	30.1994532063644	32.3811871569944
535.35493973964	480.688534185281	480.793479354083
540.038197823749	527.906463784182	503.624454630674
100.69004880833	80.754338960665	89.0855701968925
392.661919989463	376.07495871351	379.919366367317
918.211288115501	900.811314150062	873.098276753799
31.0265848072181	29.3652141675145	23.1294193978532
31.75834388286	30.8668444374443	27.7553032774238
14.3424778825819	13.0141290060576	14.7729840024998
25.7579194625961	20.6891281634761	20.144978185227
509.597020277044	473.013535027862	474.078486625674
32.3437511433736	37.2070611327031	30.73974449005
18.0012732607916	19.1874978935464	17.3097590332321
904.746921123689	830.735234886675	833.852874807765
39.8076937149213	40.5440172881025	43.1251755224488
27.3677894290084	24.8603233577254	25.3677503073228
494.815486949077	473.347230643402	482.882588202922
238.260755029014	211.396172444551	212.044548157093
812.691629407934	733.629810764553	721.637885213019
62.9312805052065	50.7217335620706	55.9582727367415
42.1493227569755	42.2124953658021	43.2743975830801
23.7089940507987	21.690215010096	21.0403105490148
16.9768105548929	16.8516285847669	14.4745398812371
61.0287069085374	55.8940156029396	59.9872683737869
475.204343721873	419.121693118162	437.220637649741
405.687231535889	384.083653486469	396.632237158024
425.298374763093	419.288540925932	431.699421406382
1059.73349334465	982.566739957347	979.941272165818
18.4403287061768	21.1896715867861	20.144978185227
38.6368791938942	40.7108650958724	45.2142843712872
23.5626422356703	20.5222803557062	22.2340870340653
40.1003973451781	35.5385830550034	43.1251755224488
17.8549214456632	15.6836939303771	15.369872245025
23.2699386054136	24.5266277421854	20.2942002458583
690.195160145474	629.016235292783	661.202950657338
15.9523478489942	21.8570628178659	22.3833090946966
26.9287339836232	22.0239106256359	21.7864208521714
693.561251893427	620.006453673205	631.955426773601
209.136743818465	181.697262661496	205.180333368052
25.9042712777245	25.1940189732653	32.0827430357318
23.7089940507987	20.8559759712461	21.6371987915401
304.265423651917	262.284753814391	293.967459443682
44.0518963536445	45.3826037134315	45.3635064319185
1083.00343195006	990.909130345845	963.228401375111
972.507811528132	898.308597033513	895.92925203039
459.398347688007	449.821689747836	448.859958378983
36.29525015184	33.3695615539938	30.1428562475248
539.745494193492	494.036358806878	504.221342873199
25.9042712777245	17.3521720080768	19.9957561245956
111.959138573216	106.94944478055	105.201552745074
40.2467491603065	38.5418435948628	41.3345107948731
160.547941195841	146.992918645343	152.057279783306
418.566191267187	382.415175408769	407.227003462847
580.870354244569	566.281459571275	525.858541664739
30.5875293618329	37.540756748243	37.6039592790903
754.882662432221	707.935248367978	741.335197216352
19.7574950423323	21.690215010096	20.5926443671209
41.1248600510768	37.540756748243	39.9915122491913
561.259211017365	542.422223060169	506.758117903931
621.848862480517	557.271677951696	585.248921796001
100.397345178074	89.0967293491634	109.230548382119
701.317898095231	620.673844904284	639.714973926429
163.767681128665	136.815202371375	152.803390086462
21.6600686390013	24.1929321266455	20.2942002458583
65.2729095472607	52.3902116397702	63.1209316470445
511.79229750397	456.161906443095	465.125162987796
330.169694929641	276.633665282608	310.978774355652
50.1986725890368	52.0565160242303	51.9292770996962
16.5377551095077	16.184237353687	18.6527575789138
831.424661744367	758.823829737819	796.547359649937
17.4158660002781	17.8527154313867	12.3854310323988
408.760619653585	399.600499609076	396.632237158024
247.188215751846	198.715739054033	213.9844349453
236.504533247474	202.553238632742	226.220643917067
387.978661905354	342.204853736206	354.700838120626
1066.75838047081	960.709677139481	977.404497135086
5.41501715975032	7.00760792633869	5.07355006146457
24.2944013113123	28.5309751286647	25.9646385498481
19.4647914120755	17.6858676236167	17.0113149119694
584.968205068163	564.779829301345	556.449064094158
734.10070468399	715.443399717627	687.61525538908
579.699539723541	512.556465469345	555.404509669739
312.16842166885	318.846160648411	281.880472532546
30.1484739164477	31.3673878607542	31.9335209751005
59.4188369421252	52.0565160242303	57.0028271611607
52.8330052613478	57.2287980650993	22.9801973372219
28.2459003197787	36.0391264783133	15.9667604875503
1005.14426630176	990.408586922536	904.136465365112
859.524210249018	778.511871054675	799.084134680669
55.174634303402	56.3945590262495	40.4391784310852
799.373614231251	777.177088592515	678.363487629939
102.153566959614	95.6037938521922	91.9207893488874
47.8570435469826	46.2168427522814	34.6195180664641
572.52830078225	544.758092368949	535.557975605774
62.0531696144361	64.570101606978	55.5106065548476
217.478797280783	214.89997640772	195.480899427017
132.009337245805	118.295095708908	125.495752990932
608.82355093409	599.651021125268	581.369148219587
96.4458461696071	96.438032891042	81.7736892259583
636.337692178227	634.188517333652	479.599702869033
296.801481080369	289.814642096436	213.387546702774
120.154840220406	124.468464596397	98.3373379560338
580.138595168927	585.635805272591	483.479476445447
31.4656402526032	24.0260843188755	27.0091929742673
119.276729329636	127.304877328486	105.052330684443
55.0282824882736	51.8896682164603	51.1831667965396
157.767256708401	159.33965642032	140.865625235957
157.767256708401	147.827157684192	140.865625235957
34.6853801854278	30.8668444374443	28.0537473986864
41.8566191267187	39.2092348259427	34.0226298239389
36.7343055972252	39.5429304414826	35.3656283696207
26.6360303533665	27.8635838975848	29.2475238837369
75.9565920516329	73.4130354187863	67.4483714053525
536.525754260667	515.392878201434	459.9023908657
524.963960865525	507.050487812936	471.392489534311
26.9287339836232	29.0315185519746	25.0693061860602
33.5145656644007	35.3717352472334	27.4568591561612
599.603386581002	594.645586892169	554.509177305951
56.4918006395574	60.0652107971888	41.0360666736105
61.614114169051	65.4043406458278	49.2432800083326
221.576648104378	222.574975565139	214.133657005931
95.1286798334516	92.2668376967928	77.4462494676503
27.8068448743936	29.8657575908244	22.3833090946966
1326.09379687832	1338.953657354	1127.07422394829
985.972178519944	986.571087343826	913.686677245516
111.520083127831	118.628791324448	96.8451173497207
266.213951718536	268.79181831742	236.964632282522
77.4201102029168	71.9114051488566	62.8224875257818
91.7625880854987	87.2614034636938	89.9809025606804
127.472430976825	130.308137868346	129.226304506715
74.9321293457342	70.2429270711569	57.7489374643173
129.960411834008	130.141290060576	106.693773351387
83.4205346231807	83.5907516927544	84.1612421960593
811.22811125665	810.046106723199	709.401676241251
51.9548943705774	50.8885813698405	48.3479476445447
68.6390012952136	73.4130354187863	61.7779331013627
32.7828065887587	33.3695615539938	28.6506356412117
43.7591927233878	50.8885813698405	41.6329549161357
207.087818406668	206.390738211452	179.961805121361
97.1776052452491	91.5994464657129	87.2949054693168
53.8574679672465	58.2298849117192	43.8712858256054
25.0261603869542	27.1961926665049	26.5615267923733
51.6621907403207	46.3836905600514	45.0650623106559
543.257937756573	518.062443125754	465.125162987796
152.498591363779	156.503243688231	130.718525113028
706.00115617934	695.254814977461	618.973107498677
109.178454085777	117.127161054518	89.8316805000491
32.3437511433736	33.0358659384538	26.2630826711107
36.29525015184	34.0369527850737	37.9024034003529
19.0257359666903	21.523367202326	18.5035355182825
255.530269214164	241.595625650915	224.131535068229
196.843191347681	197.214108784103	169.367038816538
24.1480494961839	32.8690181306839	22.6817532159592
488.815062528813	502.045053579837	423.790652192923
30.1484739164477	28.3641273208947	27.7553032774238
30.5875293618329	30.3663010141343	29.2475238837369
26.4896785382381	29.0315185519746	26.8599709136359
676.291737708277	684.242859664643	570.625159854132
12.2935524707845	10.845107505048	9.99787806229782
57.9553187908413	53.55814629416	59.9872683737869
66.8827795136729	66.4054274924476	60.8826007375748
495.108190579334	490.198859228169	395.587682733605
48.003395362111	46.8842339833613	39.6930681279287
829.961143593083	793.528173753972	750.885409096756
417.834432191545	429.13256158436	336.9434129055
36.7343055972252	37.874452363783	27.1584150348986
1609.577262782	1581.71721765931	1410.29769502652
258.896360962117	229.248887875937	250.245395678708
327.242658627074	341.203766889586	279.642141623076
1041.87857189899	1022.2765182066	918.611005246349
390.905698207922	381.414088562149	300.831674232723
29.4167148408058	30.1994532063644	27.4568591561612
86.932978186262	88.0956425025436	88.1902378331047
14.3424778825819	18.1864110469266	17.6082031544947
23.4162904205419	19.5211935090864	21.1895326096461
15.3669405884806	16.184237353687	15.2206501843937
460.569162209034	450.155385363376	441.548077408049
33.0755102190155	32.034779091834	33.8734077633075
19.7574950423323	14.8494548915272	18.5035355182825
34.392676555171	36.0391264783133	34.4702960058328
36.8806574123536	38.2081479793229	37.454737218459
22.6845313449	21.523367202326	21.4879767309088
8.04934983206129	10.0108684661981	9.10254569850996
123.813635598616	110.786944359259	115.348652868003
40.6858046056916	32.8690181306839	39.2454019460347
471.106492898278	450.489080978916	434.534640558377
25.9042712777245	25.3608667810353	25.3677503073228
291.825519366004	249.270624808334	268.898153257622
281.873595937274	234.588017724576	258.004942831536
16.5377551095077	17.3521720080768	19.3988678820704
411.98035958641	386.753218410788	390.364910611509
16.8304587397645	19.5211935090864	16.8620928513381
519.841647336031	506.549944389626	494.07424275027
14.1961260674536	15.850541738147	14.6237619418685
627.117527825139	555.436352066227	563.760945065092
23.1235867902852	26.1951058198851	22.3833090946966
986.411233965329	967.38358945028	919.8047817314
18.4403287061768	21.1896715867861	16.5636487300755
751.809274314525	704.431444404809	685.824590661504
21.5137168238729	21.356519394556	18.0558693363886
59.5651887572536	52.5570594475402	53.5707197666406
794.983059777399	741.805353345282	749.691632611705
15.0742369582239	15.850541738147	12.0869869111362
183.671527986126	173.855415696308	190.10890524429
718.733764095509	621.341236135364	648.519075503677
15.3669405884806	15.3499983148371	21.3387546702774
662.827370716465	565.947763955735	611.959670649005
29.124011210549	26.695649243195	27.0091929742673
18.4403287061768	16.351085161457	16.7128707907068
438.177334494391	439.477125666098	401.705787219489
456.910366830825	411.112998345203	404.09334018959
30.7338811769613	25.0271711654953	32.6796312782571
747.272368045545	674.065143390675	660.904506536075
42.1493227569755	33.2027137462238	34.0226298239389
618.190067102307	609.495041783696	593.754579251986
150.156962321725	146.492375222033	142.507067902902
115.325230321169	104.78042327954	100.724890926135
336.170119349905	296.154858791695	301.577784535879
34.2463247400426	35.7054308627734	30.4413003687874
17.1231623700213	18.3532588546966	21.3387546702774
624.044139707443	528.740702823032	564.805499489511
201.819153062046	190.540196473305	199.659117124694
692.975844632913	620.340149288744	632.104648834233
670.437665103142	618.171127787735	648.369853443045
8.92746072283161	8.50923819626841	7.01343684967161
959.336148166578	835.740669119774	889.960369605138
31.3192884374748	30.8668444374443	34.4702960058328
423.395801166424	372.571154750341	388.275801762671
397.930585334085	381.914631985459	373.652039820802
691.073271036244	623.343409828604	666.574944840065
39.3686382695361	35.5385830550034	39.0961798854034
42.2956745721039	41.5451041347223	45.6619505531811
155.425627666347	152.665744109522	151.609613601412
440.665315351574	408.777129036424	404.690228432115
341.585136509656	327.522246652449	310.381886113126
26.1969749079813	23.5255408955656	31.3366327325753
515.743796512436	457.663536713025	470.944823352417
24.4407531264407	26.1951058198851	25.8154164892168
721.075393137563	674.065143390675	694.777914299383
24.7334567566974	22.5244540489458	22.6817532159592
813.423388483576	758.323286314509	761.927841583473
520.427054596545	463.836905600514	497.954016326684
817.082183861785	754.986330159109	753.869850309382
455.007793234156	431.1347352776	429.759534618175
39.8076937149213	40.8777129036424	22.2340870340653
695.610177305224	606.658629051607	618.973107498677
395.442604476902	353.383656856794	359.475944060828
39.6613418997929	37.2070611327031	35.067184248358
647.0213746826	595.146130315479	574.803377551809
52.1012461857058	48.0521686377511	45.5127284925498
12.4399042859129	14.1820636604474	11.3408766079796
605.750162816394	571.286893804374	567.491496580875
835.815216198219	780.514044747915	799.233356741301
51.808542555449	49.8874945232207	47.0049490988629
447.690202477736	418.787997502622	438.563636195422
154.401164960448	141.653788796704	152.803390086462
123.959987413744	117.961400093368	123.257422081463
597.700812984333	528.740702823032	556.896730276052
26.4896785382381	26.695649243195	23.2786414584845
393.247327249976	371.736915711491	371.562930971964
20.781957748231	17.3521720080768	17.3097590332321
46.3935253956987	36.2059742860833	43.4236196437114
669.559554212371	595.146130315479	626.284988469611
543.989696832215	537.08309321153	514.51766505676
17.4158660002781	17.0184763925368	22.5325311553279
851.767564047213	745.476005116221	767.449057826831
26.9287339836232	23.3586930877957	24.3231958829037
765.273641306336	704.097748789269	695.822468723802
14.0497742523252	16.8516285847669	20.8910884883835
310.558551702438	271.1276876262	271.584150348986
130.399467279393	97.1054241221219	116.393207292422
40.9785082359484	42.2124953658021	18.5035355182825
38.197823748509	46.5505383678213	17.3097590332321
30.7338811769613	26.0282580121152	29.9936341868935
387.685958275098	383.916805678698	382.45614139805
71.4196857826529	76.2494481508758	67.7468155266151
28.5386039500355	24.3597799344155	28.799857701843
24.8798085718258	25.3608667810353	21.9356429128027
30.5875293618329	28.0304317053548	27.9045253380551
23.7089940507987	23.3586930877957	26.7107488530046
342.902302845811	321.51572557273	319.185987690374
24.1480494961839	26.5288014354251	25.6661944285855
451.788053301331	402.770607956705	412.598997645574
20.050198672589	23.1918452800257	24.1739738222723
32.7828065887587	29.1983663597446	32.0827430357318
771.2740657266	707.101009329128	700.000686421479
10.0982752438587	10.3445640817381	9.10254569850996
493.498320612921	477.518425837651	454.828840804235
22.8308831600284	18.1864110469266	22.9801973372219
449.15372062902	409.444520267504	424.536762496079
7.02488712616258	6.17336888748885	5.96888242525243
725.9050030368	677.735795161614	700.000686421479
24.2944013113123	22.3576062411758	22.8309752765906
18.0012732607916	23.5255408955656	22.084864973434
5733.77141309995	5524.33091526367	5302.75514659426
141.52220522915	132.810854984895	126.987973597245
22.3918277146432	23.6923887033356	26.2630826711107
218.942315432067	198.882586861803	206.523331913734
20.4892541179742	18.0195632391566	18.5035355182825
632.386193169761	587.971674581371	606.289232345016
15.2205887733523	13.6815202371375	15.0714281237624
18.4403287061768	17.6858676236167	19.5480899427017
651.119225506194	564.612981493575	595.545243979561
15.6596442187374	16.5179329692269	17.3097590332321
248.944437533387	230.083126914787	235.173967554946
805.8130940969	742.139048960822	765.807615159887
36.29525015184	26.862497050965	30.4413003687874
24.1480494961839	23.6923887033356	24.024751761641
30.8802329920897	32.368474707374	36.8578489759338
53.2720607067329	49.0532554843709	50.884722675277
195.818728641782	182.197806084806	184.587689000931
59.7115405723819	50.8885813698405	49.9893903114891
301.923794609863	297.990184677165	293.967459443682
496.425356915489	466.673318332603	437.220637649741
259.335416407502	235.088561147886	244.276513253456
21.3673650087445	20.6891281634761	26.7107488530046
16.5377551095077	18.8538022780065	18.8019796395452
857.182581206964	781.348283786765	816.095449592639
60.1505960177671	56.2277112184795	60.8826007375748
44.6373036141581	44.5483646745817	47.6018373413881
996.070453763803	938.018375282765	933.831655430743
28.0995485046503	28.1972795131247	30.1428562475248
23.7089940507987	25.5277145888052	20.8910884883835
25.7579194625961	23.0249974722557	25.0693061860602
36.29525015184	38.5418435948628	41.1852887342418
952.457612855544	909.487400154101	923.833777368445
458.22753316698	420.957019003632	446.770849530145
29.5630666559342	27.5298882820449	31.7842989144692
768.639733054289	744.141222654061	735.217092730468
79.9080910600994	86.4271644248439	79.9830244983826
491.156691570867	451.490167825536	450.202956924665
29.2703630256774	25.6945623965752	31.0381886113126
24.8798085718258	27.3630404742749	25.0693061860602
468.17945659571	437.308104165089	435.280750861534
24.4407531264407	31.8679312840641	27.7553032774238
21.0746613784877	19.5211935090864	19.1004237608078
739.662073658869	648.704276609639	694.927136360014
23.4162904205419	23.5255408955656	26.5615267923733
21.6600686390013	23.3586930877957	22.2340870340653
24.0016976810555	22.3576062411758	23.5770855797471
23.7089940507987	23.6923887033356	22.5325311553279
20.3429023028458	20.1885847401662	18.3543134576512
24.0016976810555	20.3554325479362	22.3833090946966
21.2210131936161	19.1874978935464	19.9957561245956
969.14171978018	932.846093241896	913.239011063622
21.3673650087445	13.3478246215975	15.5190943056563
74.493073900349	67.2396665312975	67.1499272840899
278.214800559064	241.428777843145	262.92927083237
460.276458578778	430.80103966206	420.209322737771
15.0742369582239	17.0184763925368	15.2206501843937
22.8308831600284	26.1951058198851	22.6817532159592
22.9772349751568	21.8570628178659	25.2185282466915
926.846045208076	895.639032109193	869.069281116754
934.309987779623	903.314031266612	875.187385602638
20.3429023028458	18.6869544702365	21.6371987915401
311.729366223465	299.324967139324	304.860669869768
16.3914032943794	17.1853242003068	14.6237619418685
488.522358898556	474.014621874482	456.768727592442
19.6111432272039	22.8581496644857	24.6216400041663
20.4892541179742	15.850541738147	21.1895326096461
29.7094184710626	23.3586930877957	32.0827430357318
63.8093913959768	67.7402099546074	68.4929258297717
29.124011210549	29.1983663597446	25.8154164892168
22.5381795297716	23.6923887033356	22.5325311553279
22.2454758995148	23.1918452800257	25.0693061860602
448.27560973825	416.452128193842	427.819647829968
21.8064204541297	20.5222803557062	22.2340870340653
29.855770286191	27.5298882820449	23.5770855797471
309.826792626796	303.829857949113	289.490797624743
492.181154276766	435.472778279619	434.982306740271
23.1235867902852	21.523367202326	23.8755297010097
30.0021221013194	27.6967360898148	29.3967459443682
23.5626422356703	21.1896715867861	23.1294193978532
38.6368791938942	33.0358659384538	33.127297460151
234.309256020548	216.56845448542	194.137900881335
24.1480494961839	26.695649243195	24.024751761641
521.305165487315	449.321146324526	484.822474991129
38.6368791938942	36.8733655171631	47.0049490988629
638.240265774896	581.631457886112	596.142132222087
33.660917479529	29.3652141675145	30.4413003687874
773.908398398911	702.262422903799	725.666880850064
21.2210131936161	20.1885847401662	19.9957561245956
18.14762507592	20.0217369323963	17.0113149119694
22.9772349751568	21.0228237790161	20.8910884883835
740.686536364767	699.59285797948	736.56009127615
24.0016976810555	22.1907584334059	20.7418664277522
702.049657170873	665.222209578866	621.957548711303
98.2020679511478	105.28096670285	109.379770442751
20.050198672589	17.3521720080768	19.9957561245956
445.055869805425	377.07604556013	417.523325646408
18.8793841515619	15.6836939303771	20.144978185227
540.038197823749	485.0265771873	509.593337055926
29.124011210549	20.5222803557062	22.2340870340653
27.8068448743936	30.0326053985944	30.2920783081561
17.8549214456632	19.8548891246263	22.2340870340653
20.6356059331026	21.8570628178659	21.7864208521714
34.5390283702994	32.034779091834	34.4702960058328
410.663193250254	376.74234994459	389.768022368984
45.0763590595432	44.2146690590418	42.8267314011862
243.090364928251	201.885847401662	225.922199795805
16.245051479251	19.8548891246263	17.757425215126
25.9042712777245	23.0249974722557	22.6817532159592
805.959445912028	762.995024932068	773.417940252084
21.2210131936161	19.8548891246263	24.6216400041663
18.4403287061768	17.0184763925368	20.8910884883835
905.771383829588	859.76675343865	870.561501723067
20.6356059331026	25.3608667810353	21.7864208521714
751.077515238883	729.458615570304	721.040996970494
31.9046956979884	25.5277145888052	32.8288533388884
19.1720877818187	16.017389545917	15.0714281237624
26.3433267231097	27.5298882820449	29.2475238837369
529.647218949633	497.873858385587	488.702248567543
21.6600686390013	24.3597799344155	24.6216400041663
689.024345624447	646.7021029164	633.149203258652
989.777325713282	919.665116428069	928.459661248016
28.2459003197787	24.6934755499554	28.0537473986864
37.0270092274819	37.0402133249331	32.3811871569944
174.744067263294	166.180416538889	171.90381384727
62.6385768749497	65.4043406458278	59.6888242525243
31.1729366223465	29.1983663597446	31.3366327325753
272.2143761388	244.932581806314	263.526159074895
20.050198672589	18.3532588546966	20.5926443671209
493.64467242805	421.290714619172	441.548077408049
791.324264399189	683.575468433563	688.659809813499
535.501291554768	494.036358806878	487.956138264386
22.2454758995148	23.1918452800257	21.3387546702774
476.667861873157	448.153211670137	460.200834986962
29.124011210549	29.8657575908244	28.352191519949
767.761622163519	724.286333529435	707.611011513676
392.515568174334	349.879852893625	373.652039820802
19.0257359666903	15.3499983148371	18.9512017001765
440.518963536445	411.112998345203	399.765900431282
24.4407531264407	23.3586930877957	21.0403105490148
477.25326913367	445.149951130277	458.857836441281
201.965504877174	182.531501700346	178.171140393785
415.053747704106	381.914631985459	392.75246358161
411.394952325896	379.578762676679	363.20649557661
185.720453397923	166.847807769969	176.828141848103
29.855770286191	27.6967360898148	27.4568591561612
16.245051479251	11.6793465438978	16.8620928513381
448.27560973825	420.790171195862	413.494330009362
189.379248776133	177.859763082787	181.155581606411
219.088667247196	190.540196473305	210.999993732673
44.0518963536445	41.7119519424922	43.7220637649741
18.4403287061768	20.6891281634761	21.7864208521714
20.781957748231	26.5288014354251	23.4278635191158
20.050198672589	22.1907584334059	18.2050913970199
18.8793841515619	19.5211935090864	19.9957561245956
1414.05123777048	1319.93300726822	1298.82881573493
16.0986996641226	18.8538022780065	15.8175384269189
799.080910600994	725.120572568285	741.185975155721
19.4647914120755	22.8581496644857	19.8465340639643
355.342207131724	340.870071274047	333.212861389717
27.9531966895219	24.8603233577254	28.5014135805804
564.039895504804	527.906463784182	551.823180214587
980.996216805579	901.812400996682	923.982999429076
37.0270092274819	37.540756748243	31.7842989144692
512.085001134227	436.640712934009	490.194469173856
15.513292403609	14.8494548915272	12.2362089717675
18.4403287061768	16.6847807769969	20.144978185227
933.285525073725	879.955338178816	891.601812272082
20.1965504877174	19.8548891246263	23.7263076403784
381.539182039705	357.888547666583	354.253171938732
529.647218949633	482.19016445521	497.954016326684
24.1480494961839	27.3630404742749	25.2185282466915
32.9291584038871	38.3749957870929	17.1605369726007
34.8317320005561	32.034779091834	29.6951900656308
41.2712118662052	44.8820602901216	37.3055151578277
520.134350966288	490.699402651479	492.134355962063
605.896514631523	559.273851644936	557.493618518577
13.3180151766832	14.0152158526774	12.982319274924
242.651309482866	225.077692681688	236.367744039996
64.8338541018755	66.7391231079876	56.8536051005294
27.5141412441368	26.1951058198851	28.6506356412117
15.3669405884806	15.6836939303771	14.1760957599745
22.0991240843865	19.6880413168563	22.2340870340653
36.7343055972252	38.8755392104028	32.8288533388884
16.5377551095077	23.3586930877957	17.9066472757573
18.0012732607916	14.8494548915272	17.9066472757573
719.026467725766	674.565686813984	642.400971017793
164.353088389179	134.479333062595	164.144266694442
880.598871627505	826.897735307966	817.43844813832
27.8068448743936	24.1929321266455	24.7708620647976
546.916733134783	473.847774066712	494.671130992795
216.307982759756	200.384217131733	200.852893609744
24.1480494961839	20.5222803557062	20.8910884883835
334.999304828878	316.343443531861	311.724884658808
377.44133121611	341.871158120666	349.030399816636
24.4407531264407	21.8570628178659	22.3833090946966
218.942315432067	196.213021937483	192.198014093128
42.4420263872323	35.0380396316935	38.9469578247721
47.1252844713407	50.0543423309907	52.0784991603275
440.226259906188	396.263543453676	427.968869890599
540.038197823749	463.836905600514	496.014129538477
18.5866805213052	19.8548891246263	22.084864973434
79.0299801693291	66.2385796846777	69.0898140722969
415.639154964619	378.577675830059	382.754585519312
17.8549214456632	20.1885847401662	15.9667604875503
20.6356059331026	23.8592365111056	18.6527575789138
36.29525015184	33.2027137462238	32.0827430357318
532.574255252201	476.350491183261	475.272263110725
586.139019589191	540.920592790239	544.809743364916
20.9283095633594	29.3652141675145	23.5770855797471
28.5386039500355	32.201626899604	31.6350768538379
17.8549214456632	15.1831505070672	15.0714281237624
420.615116678985	364.729307785152	400.810454855701
97.1776052452491	94.2690113900324	85.6534628023724
22.2454758995148	21.0228237790161	20.4434223064896
227.430720709514	195.879326321944	224.28075712886
27.0750857987516	30.3663010141343	31.3366327325753
936.358913191421	882.458055295366	844.149196991325
19.6111432272039	20.1885847401662	18.2050913970199
198.453061314093	189.539109626685	188.765906698608
27.8068448743936	30.8668444374443	29.2475238837369
16.245051479251	17.0184763925368	15.369872245025
1360.63282524862	1287.73138036862	1276.2962845796
20.050198672589	20.8559759712461	18.2050913970199
619.799937068719	588.63906581245	591.068582160622
21.8064204541297	22.1907584334059	22.3833090946966
307.192459954485	287.979316210966	283.074249017597
526.866534462194	472.679839412322	483.330254384816
16.0986996641226	15.3499983148371	20.144978185227
23.1235867902852	21.356519394556	21.1895326096461
695.317473674967	620.173301480974	633.298425319283
534.769532479127	492.534728536948	493.178910386482
182.793417095356	165.012481884499	171.456147665376
707.318322515495	655.044493304898	675.229824356681
20.3429023028458	18.1864110469266	22.9801973372219
15.0742369582239	13.6815202371375	14.4745398812371
950.701391074003	860.6009924775	892.198700514607
19.3184395969471	22.5244540489458	14.7729840024998
32.3437511433736	31.7010834762941	31.6350768538379
38.7832310090226	33.5364093617638	35.514850430252
1209.74410385125	1162.09498111783	1083.50138224395
674.24281229648	601.319499202968	638.073531259485
56.345448824429	51.8896682164603	54.0183859485345
716.977542313969	633.854821718112	653.294181443879
25.9042712777245	26.1951058198851	25.5169723679541
32.4901029585019	28.6978229364347	28.9490797624743
15.6596442187374	17.5190198158467	15.9667604875503
19.0257359666903	18.6869544702365	18.6527575789138
457.056718645953	417.286367232692	445.1294068632
36.0025465215832	29.3652141675145	33.127297460151
434.372187301053	410.111911498584	433.490086133958
182.35436164997	161.00813449802	173.097590332321
25.1725122020826	25.5277145888052	25.0693061860602
31.6119920677316	24.0260843188755	28.2029694593177
477.106917318542	417.286367232692	423.49220807166
762.639308634025	731.293941455774	719.847220485443
22.5381795297716	22.6913018567158	24.7708620647976
482.082879032907	433.804300201919	467.661938018528
28.5386039500355	29.3652141675145	29.3967459443682
37.0270092274819	34.2038005928436	37.1562930971964
3.95149900846645	5.67282546417894	4.77510594020195
545.892270428884	516.727660663594	498.849348690472
756.78523602889	664.221122732246	664.038169809333
425.737430208478	408.443433420884	404.839450492746
108.00763956475	96.771728506582	101.918667411185
31.6119920677316	31.2005400529842	31.4858547932066
41.5639154964619	35.3717352472334	33.7241857026762
469.350271116738	423.626583927951	447.218515712038
10.5373306892439	10.511411889508	12.3854310323988
776.103675625837	745.142309500681	733.724872124155
214.11270553283	200.884760555043	203.688112761739
48.2960989923678	48.0521686377511	45.6619505531811
27.6604930592652	31.2005400529842	29.6951900656308
25.1725122020826	24.5266277421854	25.9646385498481
789.568042617649	715.443399717627	716.116668969661
38.7832310090226	37.0402133249331	43.2743975830801
20.4892541179742	20.3554325479362	24.024751761641
47.4179881015974	44.8820602901216	43.1251755224488
210.014854709236	207.224977250301	197.868452397118
23.5626422356703	21.0228237790161	23.7263076403784
238.699810474399	215.06682421549	232.040304281688
30.0021221013194	30.0326053985944	22.9801973372219
43.1737854628742	37.373908940473	36.8578489759338
40.6858046056916	38.7086914026328	38.2008475216156
52.1012461857058	49.0532554843709	54.4660521304284
19.7574950423323	18.6869544702365	17.757425215126
428.371762880789	384.917892525318	399.61667837065
15.9523478489942	20.0217369323963	18.9512017001765
19.9038468574606	23.3586930877957	20.4434223064896
20.781957748231	15.850541738147	14.0268736993432
25.9042712777245	24.1929321266455	23.8755297010097
262.555156340327	228.915192260397	230.398861614744
265.921248088279	244.598886190774	251.737616285021
755.760773322991	750.98198277263	715.818224848398
21.8064204541297	19.1874978935464	18.3543134576512
26.9287339836232	21.523367202326	22.9801973372219
754.882662432221	688.247207051122	695.225580481277
24.587104941569	23.1918452800257	24.3231958829037
412.565766846923	384.917892525318	397.975235703706
20.4892541179742	22.0239106256359	20.2942002458583
349.049079081203	323.3510514582	325.453314236889
12.5862561010413	13.3478246215975	9.99787806229782
512.963112024997	483.3580991096	469.303380685472
39.2222864544078	33.7032571695337	37.0070710365651
27.22143761388	25.3608667810353	28.0537473986864
15.8059960338658	18.1864110469266	20.2942002458583
26.3433267231097	29.5320619752845	28.0537473986864
45.5154145049284	39.3760826337127	36.5594048546711
294.459852038315	262.451601622161	275.911590107294
19.1720877818187	17.5190198158467	17.757425215126
232.113978793622	204.722260133752	203.240446579845
233.723848760034	211.729868060091	204.88188924679
65.2729095472607	63.0684713370483	67.5975934659838
681.853106683156	621.174388327594	644.340857806
24.1480494961839	22.0239106256359	22.2340870340653
27.22143761388	26.0282580121152	24.9200841254289
38.929582824151	35.5385830550034	29.6951900656308
526.720182647065	479.687447338661	499.147792811735
469.789326562123	421.123866811402	426.327427223655
584.821853253035	535.74831074937	533.91653293883
334.999304828878	287.145077172117	312.172550840702
184.695990692025	159.84019984363	172.948368271689
25.318864017211	23.0249974722557	25.2185282466915
36.1488983367116	38.8755392104028	15.9667604875503
33.0755102190155	30.1994532063644	30.1428562475248
742.735461776565	707.935248367978	684.18314799456
1082.12532105929	1008.26130235392	1014.56079023228
19.7574950423323	20.3554325479362	20.8910884883835
27.3677894290084	22.1907584334059	24.472417943535
24.8798085718258	22.6913018567158	26.1138606104794
22.0991240843865	20.1885847401662	20.8910884883835
21.2210131936161	21.523367202326	20.2942002458583
39.3686382695361	33.0358659384538	34.4702960058328
471.984603789048	467.340709563683	455.724173168023
116.349693027068	107.95053162717	114.005654322321
296.216073819856	278.135295552538	271.882594470248
68.785353110342	63.9027103758981	65.3592625565141
28.3922521349071	23.6923887033356	27.7553032774238
27.8068448743936	31.3673878607542	25.8154164892168
36.4416019669684	36.3728220938532	32.2319650963631
386.368791938942	337.699962926417	369.175378001863
159.084423044557	144.990744952103	153.101834207725
61.614114169051	55.3934721796297	62.8224875257818
39.2222864544078	36.2059742860833	34.0226298239389
471.399196528535	427.13038789112	433.639308194589
29.7094184710626	28.0304317053548	26.412304731742
495.547246024719	481.52277322413	455.127284925498
43.0274336477458	42.879886596882	42.9759534618175
621.263455220003	584.301022810431	572.415824581708
22.2454758995148	27.3630404742749	24.1739738222723
37.1733610426103	36.5396699016232	25.9646385498481
24.2944013113123	22.3576062411758	21.4879767309088
22.3918277146432	20.3554325479362	26.7107488530046
822.350849206407	783.517305287774	787.146369830164
37.3197128577387	32.7021703229139	35.067184248358
218.210556356425	181.697262661496	200.256005367219
27.0750857987516	22.6913018567158	25.0693061860602
17.1231623700213	21.1896715867861	19.8465340639643
434.957594561567	410.445607114124	411.554443221155
11.1227379497574	13.6815202371375	12.6838751536614
33.660917479529	26.695649243195	30.5905224294187
277.62939329855	241.762473458685	253.080614830703
77.2737583877884	73.4130354187863	76.2524729825998
28.6849557651639	28.1972795131247	33.2765195207823
431.88420644387	405.106477265485	416.478771221988
18.8793841515619	19.1874978935464	17.4589810938634
25.318864017211	24.3597799344155	25.5169723679541
198.306709498965	184.533675393586	183.24469045525
17.8549214456632	14.8494548915272	18.3543134576512
474.61893646136	417.953758463772	436.02686116469
61.0287069085374	61.5668410671185	48.6463917658073
419.151598527701	370.735828864871	379.471700185423
17.4158660002781	21.690215010096	21.3387546702774
26.3433267231097	24.8603233577254	27.0091929742673
424.566615687451	369.567894210481	376.039592790903
15.513292403609	15.850541738147	17.0113149119694
553.063509370175	491.700489498098	541.526858031027
29.124011210549	30.3663010141343	25.6661944285855
15.6596442187374	16.6847807769969	17.0113149119694
710.391710633191	682.073838163633	662.54594920302
30.5875293618329	35.2048874394634	31.9335209751005
716.245783238327	695.254814977461	670.454718416479
23.8553458659271	27.6967360898148	20.4434223064896
509.889723907301	446.651581400207	480.047369050927
254.06675106288	214.73312859995	219.953317370552
58.6870778664832	53.2244506786201	47.0049490988629
14.3424778825819	15.850541738147	16.2652046088129
338.365396576831	302.828771102494	299.787119808303
93.6651616821678	85.926621001534	89.6824584394178
74.493073900349	72.4119485721665	72.521921466817
455.154145049284	420.790171195862	411.554443221155
24.7334567566974	25.0271711654953	20.8910884883835
695.756529120352	625.178735714074	640.162640108323
28.3922521349071	28.3641273208947	28.352191519949
13.1716633615548	12.0130421594378	14.7729840024998
37.9051201182523	36.5396699016232	32.6796312782571
23.5626422356703	22.6913018567158	19.3988678820704
27.9531966895219	28.0304317053548	26.5615267923733
75.5175366062478	75.7489047275659	73.8649200124988
685.07284661598	675.233078045064	518.248216572542
516.036500142693	465.672231485983	484.673252930497
25.7579194625961	30.6999966296743	28.9490797624743
605.896514631523	563.611894646955	577.489374643173
14.1961260674536	15.5168461226071	19.1004237608078
127.03337553144	117.460856670058	117.28853965621
18.4403287061768	18.6869544702365	20.7418664277522
38.7832310090226	33.0358659384538	37.6039592790903
21.5137168238729	18.6869544702365	17.1605369726007
26.0506230928529	21.356519394556	25.0693061860602
125.277153749899	120.964660633227	116.691651413685
74.2003702700923	83.7575995005244	76.5509171038624
709.806303372678	678.570034200464	662.993615384914
22.8308831600284	22.1907584334059	24.9200841254289
226.991665264128	199.716825900653	207.120220156259
863.183005627227	813.549910686369	798.934912620038
581.748465135339	523.735268589933	527.499984331684
454.129682343385	397.097782492526	428.565758133125
625.21495422847	569.451567918904	591.516248342516
11.1227379497574	13.6815202371375	11.7885427898736
682.145810313412	573.455915305383	620.166883983728
812.398925777677	731.460789263544	739.99219867067
398.515992594598	362.560286284142	371.712153032595
528.183700798349	488.530381150469	507.205784085825
27.8068448743936	26.1951058198851	27.7553032774238
25.9042712777245	28.8646707442046	26.7107488530046
463.64255032673	384.250501294238	417.672547707039
850.304045895929	733.796658572323	766.404503402412
678.047959489818	616.168954094495	629.866317924763
71.1269821523962	62.0673844904284	59.9872683737869
57.8089669757129	57.5624936806393	56.7043830398981
834.205346231807	775.174914899276	771.328831403245
31.6119920677316	29.5320619752845	33.4257415814136
28.5386039500355	28.6978229364347	29.8444121262622
21.3673650087445	21.0228237790161	24.3231958829037
168.304587397645	156.169548072691	168.620928513381
689.170697439575	617.336888748885	642.848637199687
26.4896785382381	25.0271711654953	26.1138606104794
15.9523478489942	15.3499983148371	17.3097590332321
18.14762507592	19.1874978935464	17.3097590332321
495.254542394462	474.181469682252	468.408048321685
334.121193938108	317.010834762941	311.575662598177
31.9046956979884	28.5309751286647	32.6796312782571
535.062236109383	501.043966733217	524.664765179689
55.7600415639155	58.3967327194891	53.7199418272719
61.7604659841794	58.2298849117192	59.3903801312617
583.651038732008	547.260809485498	559.731949428047
26.0506230928529	22.1907584334059	26.7107488530046
18.8793841515619	17.8527154313867	21.3387546702774
372.611721316874	337.366267310877	342.166185027596
692.683141002656	602.987977280668	628.821763500344
412.85847047718	413.282019846213	382.45614139805
481.058416327009	466.005927101523	457.514837895599
73.0295557490652	67.0728187235275	74.7602523762867
307.192459954485	280.137469245778	274.270147440349
450.909942410561	425.461909813421	431.699421406382
522.036924562957	460.666797252884	470.19871304926
80.0544428752278	70.076079263387	67.2991493447212
842.693751509253	780.680892555685	732.083429457211
20.6356059331026	25.1940189732653	22.6817532159592
64.248446841362	61.0662976438086	65.2100404958828
11877.6206121896	11134.7552993366	10996.7705361638
8337.22385241883	8068.09259252462	7704.9318786371
28.8313075802923	24.5266277421854	22.6817532159592
38.3441755636374	34.8711918239235	36.8578489759338
492.034802461638	475.849947759951	462.140721775169
28.8313075802923	21.690215010096	27.4568591561612
22.9772349751568	20.1885847401662	19.9957561245956
16.9768105548929	15.3499983148371	15.0714281237624
11.1227379497574	7.5081513496486	9.6994339410352
422.956745721039	401.769521110085	408.420779947898
92.3479953460123	87.5950990792337	75.9540288613372
168.158235582517	133.478246215975	146.536063539947
371.440906795847	325.019529535899	346.941290967798
21.0746613784877	21.8570628178659	22.8309752765906
23.7089940507987	19.3543457013164	24.6216400041663
647.89948557337	585.802653080361	618.077775134889
18.7330323364336	15.1831505070672	15.6683163662876
14.4888296977103	13.6815202371375	15.5190943056563
483.692748999319	444.816255514737	458.410170259387
23.1235867902852	23.3586930877957	22.5325311553279
28.3922521349071	25.5277145888052	25.8154164892168
617.458308026665	526.571681322022	563.46250094383
23.7089940507987	23.3586930877957	25.5169723679541
273.677894290084	240.427690996525	257.25883252838
46.9789326562123	44.8820602901216	41.4837328555044
764.834585860951	675.233078045064	692.390361329282
23.7089940507987	20.6891281634761	25.5169723679541
519.402591890646	475.182556528872	461.09616735075
15.0742369582239	17.3521720080768	18.8019796395452
253.18864017211	240.761386612065	242.187404404617
39.9540455300497	28.5309751286647	31.187410671944
21.8064204541297	19.8548891246263	21.9356429128027
790.446153508419	765.664589856387	779.83448885923
91.7625880854987	86.5940122326139	85.6534628023724
10.0982752438587	8.84293381180835	7.90876921345947
507.694446680375	455.828210827555	471.094045413048
58.2480224210981	51.5559726009204	56.5551609792668
164.645792019436	151.497809455132	147.132951782472
477.106917318542	482.02331664744	468.706492442947
472.570011049562	426.296148852271	445.427850984463
643.36257930439	599.984716740808	584.950477674738
889.087276904952	779.012414477985	798.487246438144
552.185398479405	505.215161927466	518.695882754436
545.014159538114	535.5814629416	518.397438633174
369.391981384049	336.365180464257	352.164063089893
352.707874459413	342.371701543976	341.718518845702
592.139444009454	558.272764798316	548.391072820067
22.3918277146432	18.0195632391566	20.8910884883835
246.163753045947	236.256495802276	240.24751761641
24.8798085718258	24.1929321266455	22.6817532159592
110.202916791676	108.28422724271	102.813999774973
106.690473228594	98.2733587765117	110.722768988433
241.626846776967	241.261930035375	236.666188161259
115.032526690912	110.620096551489	119.52687056568
47.4179881015974	47.0510817911312	42.5282872799236
565.649765471216	531.910811170661	518.845104815068
818.399350197941	739.135788420962	746.557969338448
482.082879032907	449.154298516756	445.278628923831
17.1231623700213	15.0163026992972	14.6237619418685
27.22143761388	26.1951058198851	29.0983018231056
61.614114169051	60.7326020282687	55.3613844942163
19.3184395969471	19.3543457013164	20.144978185227
605.164755555881	530.742876516271	544.063633061759
28.6849557651639	27.3630404742749	28.6506356412117
34.6853801854278	31.3673878607542	31.4858547932066
16.6841069246361	17.3521720080768	15.0714281237624
34.6853801854278	29.1983663597446	34.9179621877267
463.788902141859	410.445607114124	414.688106494413
45.8081181351852	45.2157559056616	44.3189520074993
84.298645513951	69.5755358400771	80.2814686196452
9.36651616821678	12.1798899672077	14.1760957599745
296.947832895498	239.426604149905	260.392495801637
10.5373306892439	9.84402065842817	10.5947663048231
38.0514719333807	33.5364093617638	40.2899563704539
696.049232750609	669.560252580885	637.028976835066
453.105219637487	443.147777437037	423.641430132291
26.3433267231097	22.0239106256359	22.2340870340653
25.0261603869542	20.6891281634761	25.5169723679541
571.211134446095	546.426570446648	545.108187486178
277.922096928807	256.778776157982	272.479482712774
35.5634910761981	37.2070611327031	38.3500695822469
660.193038044154	607.492868090457	614.645667740369
894.063238619317	835.240125696464	821.019777593472
23.8553458659271	24.0260843188755	22.8309752765906
24.7334567566974	22.5244540489458	24.9200841254289
41.2712118662052	36.2059742860833	39.5438460672974
17.7085696305348	20.6891281634761	24.3231958829037
422.078634830269	358.555938897663	375.293482487747
261.823397264685	242.763560305305	238.307630828203
280.995485046503	259.615188890072	261.437050226056
229.040590675926	212.89780271448	227.71286452338
27.5141412441368	25.8614102043452	28.6506356412117
248.65173390313	231.751604992487	243.978069132193
45.9544699503136	43.7141256357319	39.84229018856
25.7579194625961	25.0271711654953	25.8154164892168
27.9531966895219	25.0271711654953	23.5770855797471
21.0746613784877	18.1864110469266	18.2050913970199
21.2210131936161	20.1885847401662	24.1739738222723
589.212407706887	536.74939759599	537.497862393981
23.1235867902852	21.1896715867861	25.9646385498481
23.8553458659271	25.0271711654953	27.1584150348986
40.9785082359484	36.3728220938532	37.454737218459
71.2733339675245	65.5711884535978	63.4193757683071
511.206890243456	459.999406021804	489.000692688805
14.0497742523252	12.1798899672077	16.4144266694442
618.629122547692	516.060269432514	576.594042279385
731.466372011679	682.741229394713	703.58201587663
17.1231623700213	19.1874978935464	21.0403105490148
683.316624834439	632.353191448182	649.414407867465
