k27_temp26_1	k27_temp26_2	k27_temp26_3
250.78318108856	253.233841583223	233.981524391761
10.5268620825963	8.49566384453122	9.69350325341146
157.170630690906	159.593343485899	181.876637131329
1137.31876030404	1124.15265701562	1044.94999189279
48.9540412212358	47.4718232202907	50.3165616658338
53.3086396977063	56.5778809661172	62.4559663933517
297.797562682683	307.970203505867	172.85104914048
258.648415834273	258.648415834273	171.977421305545
373.580947872554	365.628698166745	361.76927309568
4034.03719751976	4034.03719751976	4034.03719751976
2811.80461869574	2811.80461869574	2885.31816170236
77.0408574084555	73.8218804710878	79.3142752759174
425.434836283793	432.655379547505	466.967922529193
590.382134785156	632.224495969744	499.367356003571
850.774850189488	831.13145405058	864.720945614647
173.191777120863	187.110099747472	153.289473331628
1607.36147615218	1586.79109850683	1524.9709609292
38.7628428431653	36.3201365253465	41.2758278522011
262.098637969024	243.461147192378	274.65944068592
195.509014843752	202.397244866155	177.542420782379
353.248835870418	355.337318056586	368.134340338311
404.901055618111	383.122630778168	459.171081447715
41.6140132759811	45.0435684508733	45.3537853376354
1034.86253201157	1108.22208231053	1143.30539108225
37.8270416853887	40.0233124361052	39.1276928335196
45.6057837165101	41.002880553368	44.566801408824
49.7932239849442	49.7932239849442	51.3980069625625
2506.80826296251	2483.19640443889	2449.10878909985
73.3949654457996	83.9991495462594	104.830994534878
15.4917241061795	15.4917241061795	15.4917241061795
1400.45360268292	1332.62185420194	1383.71783671075
89.3300555994206	96.4453357188494	81.7508965364614
9.56168012945051	9.62759169143098	10.9242005740485
129.1802134497	126.849728209951	190.587919779655
3127.94299704395	3127.94299704395	3375.65951516315
933.540394549013	948.893729488764	791.900946191186
33.8313164299056	40.0233124361052	32.94536728889
325.99190098161	330.283999628203	273.1769186586
1318.79867765685	1293.56623927937	1362.67441188299
1877.50067086844	1822.90948727529	1716.32266622423
1480.90024830576	1455.17716591821	1389.36237138278
38.7628428431653	40.0233124361052	40.6669336598163
930.508201989547	896.565610433217	898.264316413457
65.5488995943464	73.3949654457996	87.3657034831207
459.840997827341	458.501165068088	504.323871958991
61.5590428203225	66.1560775020053	67.8027154159169
504.323871958991	524.046592461752	550.145433873155
764.190644185166	754.770569215778	741.448168519101
30.5690293942697	31.0904979555899	31.0904979555899
42.683506677288	51.068818563319	50.6926901145764
383.122630778168	394.599985852345	409.823153498515
370.510157630741	355.744218721701	383.122630778168
53.8815682726056	52.3327652726466	69.4886432288582
27.4881563766046	23.6426397710893	26.1913517555203
18.8715784558419	16.540268587528	21.9510392151556
864.720945614647	857.90929878879	894.816052492147
80.8784643840624	79.8774251013389	85.1853410860924
8.39539466188349	8.29512547923575	7.27152927973562
273.1769186586	264.516742934992	209.686331756708
80.2941045159313	76.2732144027843	72.9976269543473
950.40458946376	1027.9928207416	762.175265206918
689.380269715271	710.188512467337	679.734399142429
313.579619669634	294.360815861852	328.861412393497
2253.05864432637	2323.09301628288	2158.91421163759
906.928530301412	924.543911552294	980.025172344992
164.757049656327	163.486756766973	203.243381862638
210.355009550175	198.76278419673	212.984433218298
1667.91747159931	1672.67075872793	1793.01547282341
341.200204765096	317.318086531918	354.894343486078
29.4650700843878	26.3308679335742	33.4256114473268
153.031651018229	165.639260558203	164.757049656327
48.6827019192209	46.720239759839	48.3503404299645
499.367356003571	493.754414889857	480.244343089054
913.309808280797	894.816052492147	943.115935724841
742.024835333139	728.764408934212	813.098271289183
135.224567072122	140.522790114644	148.652104259911
213.411239955679	210.540161807285	264.120708413984
243.461147192378	244.459578534215	297.797562682683
8.94633146913199	11.626866577524	10.0510296003317
162.762880720788	176.564721784686	161.577428002273
2576.94061783496	2559.25436132907	2681.09910718644
860.270642052158	846.064463717097	860.270642052158
145.514469539645	143.122223291337	172.85104914048
27.1634879414412	26.9487591504956	28.3040434022186
182.376591623565	182.876546115801	219.20624481481
77.711404321492	83.5368340526114	108.047645491458
32.6071818651099	33.0122134106551	41.6140132759811
717.736855181375	698.403483477387	698.403483477387
993.278771993084	1020.42339958219	857.90929878879
645.469144783551	679.734399142429	609.545652889661
1408.08674060647	1408.08674060647	1455.17716591821
23.3906413922146	24.65532692286	27.1004883467225
25.8473423972166	22.6923870649114	24.4508337426103
39.2575385500034	37.2941418308368	46.7861513218195
66.5534159934575	67.4188939130813	89.9279324561683
3619.87453028779	3686.56023111351	3686.56023111351
432.655379547505	441.354626136475	450.64232063495
456.424547326783	442.783776127022	493.754414889857
37.2941418308368	31.619659571003	32.0188671820246
68.0663616638388	63.7695693809734	82.2362911923883
35.3039722571882	35.3039722571882	30.7676986399958
294.360815861852	289.337017346412	333.828318437768
32.4085126193838	33.8313164299056	31.5566599762843
1605.48591902167	1575.16641000519	1491.87425880748
813.098271289183	823.867312155251	850.774850189488
1267.51000753299	1237.60488223314	1353.59151869231
745.729969457339	741.448168519101	702.537247268288
6584.81173296091	6584.81173296091	6202.08250480208
3375.65951516315	3375.65951516315	3254.63627515059
193.409101364353	176.564721784686	226.036471261828
2170.80620456352	2170.80620456352	2120.09043200004
26.2640218118091	26.2276867836647	32.94536728889
1309.14850575344	1309.14850575344	1244.70798978017
394.599985852345	386.25826889692	392.570265256916
98.0957118718998	97.5094828841991	104.25432772084
143.817935062037	140.522790114644	151.891095557452
1208.76332951827	1189.47499241384	1274.11551437932
943.115935724841	950.40458946376	742.024835333139
18.9307315235141	18.901154989678	19.6566932650839
360.634280446675	359.49928779767	365.628698166745
69.4886432288582	71.0323611156114	94.193127894097
74.6023670283422	64.6915924273822	88.9404101620614
637.559229355916	662.394321039617	591.312285680601
1362.67441188299	1430.62945348755	1480.90024830576
256.321885409478	268.187366603681	267.856874233994
104.447173032042	104.447173032042	65.4457184444368
733.396476316908	715.767135991769	693.156940310884
4891.63479071629	4891.63479071629	4891.63479071629
147.009204585138	153.289473331628	157.886813682997
4414.987659932	4470.36987730145	4470.36987730145
25.2542466273001	22.2461311164829	29.9292546976052
11.1228698197746	9.15758314369001	16.540268587528
728.764408934212	720.643051838028	754.770569215778
24.4508337426103	26.2276867836647	27.5608264328934
442.783776127022	466.967922529193	404.901055618111
595.651153991126	619.29956699094	550.145433873155
175.587022786992	171.977421305545	154.609357114991
88.5430716706092	88.9404101620614	100.668111071359
27.4881563766046	31.4277488195852	21.9510392151556
12372.2830823135	12372.2830823135	12372.2830823135
240.742061006274	238.101771194046	197.95272110564
208.704416821309	216.010281655437	225.172970749682
10.9242005740485	11.1228698197746	12.2634252805521
191.563794204715	195.73632606353	254.813633375369
328.861412393497	321.718362762142	355.744218721701
31.4936603815657	35.3039722571882	33.9573156193429
43.7445252995606	50.6926901145764	39.1276928335196
2306.29050068484	2253.05864432637	2483.19640443889
370.510157630741	378.826360740805	416.6318450391
273.944561664271	273.944561664271	253.233841583223
3732.83034735455	3732.83034735455	3172.93492451836
103.655103990025	104.830994534878	104.25432772084
762.175265206918	764.190644185166	751.797832107046
1143.30539108225	1143.30539108225	925.336719415631
233.981524391761	228.854720041915	240.742061006274
72.9976269543473	65.6520807442559	70.5128699617684
79.18827608648	79.18827608648	51.3980069625625
516.731767762234	509.076025502729	572.822529668229
64.6915924273822	62.763640723511	73.3949654457996
998.04709459888	980.025172344992	1098.4303493796
2084.43701342564	2120.09043200004	2152.77602204872
79.8774251013389	81.7508965364614	59.4444820540547
56.5778809661172	53.595103985156	64.8137450897731
1936.08448791876	1958.07779765689	1886.42213986298
140.095201652323	135.224567072122	151.216028680336
62.8295522854915	63.5844171238639	65.9040791231306
13.195749321941	15.7039103405222	13.3255950384248
44.7426526150223	50.3165616658338	57.4373183754019
7.89778698778354	9.15758314369001	10.5268620825963
70.3907172993775	70.6350226241592	60.0996428589052
544.528128502443	565.078422287938	558.450660907894
108.320853913043	119.712107749561	68.0663616638388
937.057373711658	949.464572368278	831.13145405058
31.2920791685778	38.9319355550553	26.7205133709334
201.221962374051	197.95272110564	252.131229147408
55.170679839597	58.6118620461877	65.9040791231306
3254.63627515059	3216.54987542982	2918.64781628931
2517.15153869573	2517.15153869573	2576.94061783496
118.876271748058	129.1802134497	77.0408574084555
146.381077757521	149.22690195438	105.325429118965
45.9362760861972	43.7779483604432	62.074687447119
221.978443558247	212.557626480918	170.224082221713
44.1752868518954	45.7012718123267	60.0996428589052
34.9371448593568	33.4256114473268	43.7445252995606
232.471186662266	237.366463854629	256.321885409478
133.313369187852	137.251679726664	148.33512887884
104.25432772084	108.047645491458	119.294189748809
159.415884282882	170.671576756301	149.826647930696
368.134340338311	373.580947872554	305.238858111342
182.376591623565	165.639260558203	122.808366875412
2918.64781628931	2994.04173094295	2559.25436132907
59.9144906017957	62.4559663933517	71.0323611156114
40.6039340650976	42.7866878271975	53.3086396977063
609.545652889661	591.312285680601	524.046592461752
60.2847951160147	67.9345385398778	36.3201365253465
109.602794671444	106.818099306422	117.582748504894
317.318086531918	313.579619669634	349.94373727243
90.7374733017563	93.184612133096	95.270575472248
453.001925547317	482.176576114916	420.931070361735
409.823153498515	401.355606510295	413.64806811407
34.2016209441245	32.0188671820246	34.533982433381
5.30304744736326	5.30304744736326	5.30304744736326
295.420485966745	291.35656771543	314.601868995067
720.643051838028	733.396476316908	670.405984521462
34.533982433381	38.6596616932557	20.5959715392481
1189.47499241384	1208.76332951827	985.777537256262
138.770232755753	137.967862718756	128.240412930033
148.652104259911	149.826647930696	147.009204585138
1512.72188466785	1512.72188466785	1322.91635819295
2449.10878909985	2506.80826296251	2253.05864432637
71.0323611156114	63.1677377092715	42.424749804105
307.970203505867	299.612403295636	387.473363533556
199.291945812144	181.876637131329	131.21606364934
410.167162856819	410.167162856819	389.33092661499
802.189412690771	813.098271289183	884.295400076531
37.8270416853887	29.4650700843878	37.8270416853887
26.7902714599604	27.1634879414412	29.9292546976052
1332.62185420194	1322.91635819295	1309.14850575344
122.209447170972	122.346051381764	140.095201652323
506.47698380297	504.323871958991	608.04113909469
304.152892850534	314.601868995067	330.283999628203
20.5959715392481	30.4735412984531	23.508947527559
33.3368818458185	33.9573156193429	33.9573156193429
2323.09301628288	2406.28410919944	1958.07779765689
1459.3719494385	1400.45360268292	1408.08674060647
784.448955003988	826.415110417246	647.028465354306
125.821654949994	118.314991042205	111.991910733362
15.4917241061795	13.195749321941	18.901154989678
48.1439781301454	54.800375325378	63.6769932524187
597.927265606722	589.451983889711	616.148806758992
1632.33668960883	1616.0161687124	1994.44866274805
1322.91635819295	1318.79867765685	1318.79867765685
1244.70798978017	1250.47009176622	1332.62185420194
62.2505386533173	59.9144906017957	54.9855275824875
24.787150046821	25.3908508380922	29.0735555274592
10667.2662164498	10667.2662164498	10667.2662164498
97.5094828841991	95.270575472248	107.174691093557
524.046592461752	499.367356003571	401.052148117841
267.856874233994	269.447358498054	293.419451892303
441.354626136475	453.001925547317	425.434836283793
428.312648802522	420.931070361735	401.052148117841
232.81519602057	239.244195774392	232.81519602057
127.160879656498	128.240412930033	82.9620363581427
111.991910733362	99.08905810053	143.817935062037
225.172970749682	221.978443558247	199.291945812144
111.991910733362	116.525837532419	143.122223291337
228.211207106112	219.20624481481	268.817362550868
47.0516666893107	46.720239759839	33.9573156193429
327.658487871411	315.44800599155	327.658487871411
79.3142752759174	88.5430716706092	46.3650602310548
608.04113909469	637.559229355916	595.651153991126
130.083417818471	125.502810449355	80.2941045159313
568.800811639893	549.604167527477	637.559229355916
610.619145652858	616.148806758992	764.190644185166
83.9991495462594	80.2941045159313	88.5430716706092
38.0620459592592	35.3039722571882	54.9855275824875
73.719633880963	73.8218804710878	132.453715202752
54.800375325378	55.170679839597	62.6977291615305
21.6511662269971	23.9866491293929	25.8473423972166
355.540768389144	341.200204765096	304.152892850534
1806.95826973431	1784.9145419873	1739.86852214563
148.33512887884	130.083417818471	130.083417818471
886.84615608165	913.309808280797	906.928530301412
167.849264873352	157.886813682997	173.86045491433
550.686700218834	556.926806189784	568.800811639893
121.319847241377	117.923476485277	156.051285272838
1716.32266622423	1716.32266622423	1763.36928781749
484.037269382739	480.244343089054	531.832772583077
143.122223291337	151.891095557452	149.22690195438
831.13145405058	776.369878193553	924.543911552294
73346.4729965213	73346.4729965213	76721.8527527188
1739.86852214563	1763.36928781749	1784.9145419873
21.6511662269971	20.5959715392481	24.65532692286
78.6989266155989	69.2613320090807	121.319847241377
257.150550602391	263.724673892975	325.99190098161
38.9978471170358	38.2835332445131	42.0055278329097
106.461507519286	110.891906238435	96.4453357188494
157.886813682997	147.009204585138	210.44758567873
237.734117524337	240.742061006274	321.718362762142
178.006040246471	194.125284356445	137.967862718756
268.187366603681	262.098637969024	300.812111824085
172.510321160097	173.86045491433	113.817660394044
59.4444820540547	60.2847951160147	69.0340207893032
32.94536728889	34.6658055573419	26.2974448726916
171.977421305545	169.776587687125	228.211207106112
170.671576756301	186.615665163385	228.854720041915
1886.42213986298	1877.50067086844	1756.90630314029
360.634280446675	389.33092661499	257.150550602391
76721.8527527188	76721.8527527188	73346.4729965213
338.508977184791	328.861412393497	208.704416821309
1044.94999189279	1010.22403290931	961.451707288801
2726.80931075034	2726.80931075034	3495.85219993123
352.677992990904	362.933124294552	222.322452916551
418.05412660412	413.64806811407	315.44800599155
50.3165616658338	47.9376158303263	23.508947527559
131.21606364934	131.21606364934	159.593343485899
163.81724913666	154.246745654865	114.791143454032
289.337017346412	297.797562682683	195.963637283307
149.22690195438	132.453715202752	157.170630690906
195.963637283307	207.732280635388	229.902742277762
108.320853913043	110.295898501256	129.1802134497
365.628698166745	357.952745394214	418.05412660412
219.20624481481	202.523244055592	264.120708413984
47.6264643837795	42.1373509568707	42.7866878271975
54.6017060796519	53.595103985156	61.7500190119556
4666.49400387537	4666.49400387537	5471.10295777456
198.76278419673	199.291945812144	115.505457326555
190.587919779655	191.563794204715	178.469659710563
31.2920791685778	29.9292546976052	34.7976286813028
85.1853410860924	80.8784643840624	62.4559663933517
63.5844171238639	66.5534159934575	33.4256114473268
81.9935938644248	84.5012771844394	83.5368340526114
4470.36987730145	4414.987659932	4414.987659932
493.754414889857	484.037269382739	602.945673339269
2428.45354441301	2306.29050068484	2387.0087218768
63.1677377092715	61.654530916139	34.9371448593568
616.148806758992	624.029771670651	597.927265606722
226.292316167749	228.211207106112	214.487773811394
18512.980348031	18512.980348031	18512.980348031
823.867312155251	860.270642052158	1062.00916851992
565.078422287938	558.450660907894	543.670409021197
275.374319707568	283.943869713886	198.76278419673
115.505457326555	117.242020524511	108.594062334627
23.5757936493241	21.4477158944398	18.901154989678
1089.21224545683	1114.16073306378	1027.9928207416
99.9235472279665	92.7339445084951	73.9241270612127
371.439569704868	400.748689725387	344.251350057394
149.826647930696	143.817935062037	116.3194752326
66.1560775020053	72.9976269543473	48.6827019192209
116.42265638251	113.229345710959	127.005303933224
531.832772583077	543.670409021197	482.176576114916
215.326217753784	218.430908755046	145.947773648583
137.967862718756	145.514469539645	78.6989266155989
92.7339445084951	90.3327028789623	76.2732144027843
754.770569215778	791.900946191186	565.078422287938
45.9362760861972	47.0516666893107	45.3537853376354
88.9404101620614	78.6989266155989	79.3142752759174
154.246745654865	151.486064011907	163.81724913666
46.6543281978585	46.0757922642511	54.6017060796519
73.9241270612127	77.0408574084555	66.5534159934575
187.110099747472	188.669420318226	175.587022786992
54.2255776309093	59.4444820540547	47.317182056802
188.669420318226	195.73632606353	125.502810449355
151.891095557452	163.81724913666	104.25432772084
264.516742934992	273.1769186586	145.947773648583
103.124073255043	112.259295220423	73.719633880963
65.5488995943464	72.0063664211017	35.0766610374107
3172.93492451836	3254.63627515059	3216.54987542982
150.945993348764	153.031651018229	98.8177187985154
202.397244866155	210.355009550175	258.648415834273
39.9641593684331	37.0954725851107	27.1004883467225
1445.85361409016	1524.9709609292	1137.31876030404
232.272517416541	225.780626355907	313.579619669634
223.551281117619	226.292316167749	184.746105639593
194.125284356445	206.225592051161	191.563794204715
153.289473331628	159.593343485899	152.548125481872
420.931070361735	416.6318450391	410.167162856819
43.7445252995606	40.6039340650976	29.4650700843878
26.7902714599604	29.0735555274592	30.5690293942697
42.683506677288	41.6140132759811	35.6174705218711
894.816052492147	881.744644071412	932.02429826928
35.6174705218711	32.6071818651099	32.6071818651099
110.891906238435	105.325429118965	135.224567072122
1073.03837481651	1062.00916851992	993.278771993084
925.336719415631	864.720945614647	913.309808280797
2559.25436132907	2576.94061783496	2306.29050068484
22041.9341269711	22041.9341269711	22041.9341269711
34.9371448593568	36.3201365253465	22.9399737676138
36.3201365253465	33.4256114473268	43.7445252995606
47.317182056802	47.4718232202907	44.1752868518954
96.4453357188494	106.818099306422	109.602794671444
1922.8907867329	1914.26460167716	2131.56158069386
354.894343486078	361.76927309568	244.459578534215
33.5143410488351	32.8785211671248	38.0257109311148
34.9371448593568	30.4735412984531	35.2676372290439
22.9399737676138	27.3486401985507	8.39539466188349
12625.2731878767	12625.2731878767	12625.2731878767
1147.93315384776	1160.31141430613	1237.60488223314
2152.77602204872	2158.91421163759	2323.09301628288
1342.47603871479	1386.83934650151	1342.47603871479
98.8177187985154	100.668111071359	103.124073255043
556.926806189784	572.822529668229	509.076025502729
52.3327652726466	51.7271953618059	38.6596616932557
152.548125481872	150.945993348764	195.509014843752
38.2835332445131	34.6658055573419	38.8660239930748
208.003619937403	203.243381862638	193.409101364353
1733.34651105392	1654.16021925123	1702.89317985411
178.006040246471	172.510321160097	161.577428002273
2406.28410919944	2387.0087218768	2428.45354441301
450.64232063495	428.312648802522	393.53792438238
116.42265638251	111.724526246302	74.9424215716916
632.224495969744	653.834504821454	689.380269715271
380.408760473839	353.248835870418	357.952745394214
82.9620363581427	84.1251487356967	99.9235472279665
2131.56158069386	2131.56158069386	2233.58197078602
45.3537853376354	43.711102238678	28.3040434022186
542.81268953995	550.686700218834	456.424547326783
137.251679726664	152.548125481872	101.867297354306
62.5916360443592	62.074687447119	70.5128699617684
113.817660394044	103.655103990025	138.770232755753
25.2542466273001	25.117642416508	27.4881563766046
1586.79109850683	1632.33668960883	1667.91747159931
1793.01547282341	1898.13597152357	2016.45136304534
378.826360740805	354.894343486078	332.450628460799
355.540768389144	380.408760473839	432.655379547505
84.1251487356967	77.711404321492	54.2255776309093
305.238858111342	294.360815861852	285.966725170412
154.971968575117	160.391975283758	159.593343485899
1059.62531247232	1044.94999189279	1114.16073306378
1455.17716591821	1480.90024830576	1586.79109850683
83.5368340526114	79.3142752759174	84.0621491409781
362.933124294552	370.870595944923	394.599985852345
2356.03747230719	2356.03747230719	2517.15153869573
751.797832107046	745.729969457339	826.415110417246
202.523244055592	193.409101364353	226.036471261828
349.94373727243	370.149719316559	216.010281655437
857.90929878879	850.774850189488	875.636013051268
670.405984521462	648.442229236668	713.797416802163
898.264316413457	875.636013051268	776.369878193553
11.945145929038	7.27152927973562	8.94633146913199
401.355606510295	409.823153498515	441.354626136475
2483.19640443889	2428.45354441301	2356.03747230719
173.86045491433	173.191777120863	206.978936343275
807.535488276302	802.189412690771	784.448955003988
1491.87425880748	1459.3719494385	1459.3719494385
11.945145929038	13.705570014214	14.7368592678071
387.473363533556	368.134340338311	355.337318056586
70.6350226241592	62.763640723511	72.0063664211017
344.251350057394	338.508977184791	380.408760473839
93.6888700135965	91.881983577488	84.5012771844394
37.0954725851107	37.8270416853887	38.1909571159584
239.244195774392	232.471186662266	295.420485966745
1898.13597152357	1857.18537682703	1898.13597152357
113.229345710959	108.594062334627	140.950378576966
22.0474618707568	27.524491404749	27.1004883467225
36.7689350303779	38.0620459592592	37.2941418308368
58.6118620461877	48.9540412212358	63.1677377092715
710.188512467337	693.156940310884	884.295400076531
26.2640218118091	26.9487591504956	25.117642416508
29.870101629933	28.3040434022186	23.9866491293929
1672.67075872793	1646.56033071636	1661.02884681335
122.209447170972	114.304401924038	154.609357114991
1597.0910028729	1607.36147615218	1616.0161687124
284.955297442149	275.374319707568	312.731613553581
13.4554407549087	12.2634252805521	13.3255950384248
29.0735555274592	24.65532692286	32.6071818651099
197.95272110564	190.587919779655	239.244195774392
458.501165068088	459.840997827341	578.026656035938
333.139473449283	327.658487871411	371.439569704868
558.450660907894	531.832772583077	624.029771670651
51.068818563319	48.6827019192209	47.7820401070529
3293.72187770659	3293.72187770659	2994.04173094295
881.744644071412	898.264316413457	949.179150928521
6202.08250480208	6202.08250480208	6584.81173296091
2387.0087218768	2449.10878909985	2506.80826296251
89.9279324561683	89.3300555994206	92.7339445084951
32.94536728889	34.9371448593568	40.6669336598163
9.36883481824802	10.0510296003317	11.3748681986493
482.176576114916	488.837621985098	453.001925547317
167.214575289893	157.170630690906	202.460244460873
293.419451892303	285.966725170412	386.25826889692
228.854720041915	232.272517416541	268.817362550868
389.33092661499	371.439569704868	414.842169283812
237.734117524337	256.321885409478	262.098637969024
211.234004458416	222.322452916551	232.272517416541
578.026656035938	598.554262136087	425.434836283793
1702.89317985411	1722.95081333674	1776.5369677023
67.4188939130813	70.3907172993775	90.7374733017563
16.540268587528	18.901154989678	22.444800362209
160.391975283758	154.971968575117	188.669420318226
93.6888700135965	98.0957118718998	117.582748504894
30.7676986399958	29.9292546976052	31.5566599762843
826.415110417246	836.027995596387	969.666510503582
400.748689725387	425.434836283793	370.149719316559
875.636013051268	906.928530301412	937.057373711658
647.028465354306	645.469144783551	662.394321039617
244.459578534215	232.81519602057	211.234004458416
1027.9928207416	1034.86253201157	1059.62531247232
105.325429118965	116.3194752326	119.294189748809
57.4373183754019	61.654530916139	61.5590428203225
924.543911552294	937.057373711658	823.867312155251
101.867297354306	103.124073255043	127.005303933224
386.25826889692	393.53792438238	359.49928779767
107.174691093557	101.867297354306	122.07284296018
104.830994534878	109.602794671444	118.314991042205
132.453715202752	138.770232755753	170.224082221713
44.7426526150223	36.3201365253465	48.9540412212358
163.486756766973	162.762880720788	194.125284356445
42.2691740808316	45.7012718123267	36.3201365253465
248.840688742416	252.131229147408	153.031651018229
17.2198554287244	19.6566932650839	15.7039103405222
41.2758278522011	38.9319355550553	40.095982492394
1020.42339958219	998.04709459888	1020.42339958219
480.244343089054	456.424547326783	543.670409021197
1722.95081333674	1756.90630314029	1672.67075872793
624.029771670651	605.49340621698	802.189412690771
117.923476485277	122.07284296018	99.08905810053
40.7299332545349	37.8270416853887	36.7689350303779
7.27152927973562	7.89778698778354	8.39539466188349
3495.85219993123	3495.85219993123	3732.83034735455
1914.26460167716	1936.08448791876	1857.18537682703
99.2590853722047	94.193127894097	110.891906238435
28.2037742195709	22.0474618707568	30.3780532026366
27.4881563766046	28.6228879028585	31.3618372576047
50.6926901145764	45.0435684508733	58.3540397327894
9.87226642687159	13.705570014214	17.9874984343956
975.974376318735	969.666510503582	950.40458946376
23.5757936493241	24.65532692286	15.1341977592593
48.1439781301454	48.3503404299645	52.3327652726466
1501.21128020498	1501.21128020498	1512.72188466785
1430.62945348755	1445.85361409016	1400.45360268292
2233.58197078602	2233.58197078602	1722.95081333674
30.3780532026366	27.524491404749	24.787150046821
62.5916360443592	58.3540397327894	64.8137450897731
284.955297442149	332.450628460799	232.471186662266
33.9573156193429	42.1373509568707	39.9937359022692
1646.56033071636	1667.91747159931	1646.56033071636
253.233841583223	233.981524391761	289.337017346412
38.0620459592592	36.3201365253465	36.7689350303779
846.064463717097	886.84615608165	807.535488276302
100.668111071359	90.3327028789623	97.8025973780495
5471.10295777456	5471.10295777456	4666.49400387537
321.718362762142	333.828318437768	352.963414430661
87.3657034831207	82.2362911923883	113.229345710959
1784.9145419873	1739.86852214563	1806.95826973431
1763.36928781749	1733.34651105392	1607.36147615218
961.451707288801	961.451707288801	896.565610433217
64.9358977521639	64.9358977521639	84.0621491409781
27.0374887520039	26.7205133709334	23.508947527559
32.0188671820246	32.4085126193838	36.3201365253465
24.65532692286	22.6923870649114	26.2974448726916
3092.66263975543	3092.66263975543	3127.94299704395
229.902742277762	229.902742277762	250.78318108856
31.0904979555899	28.1035050369231	32.0188671820246
128.240412930033	121.319847241377	125.502810449355
3686.56023111351	3619.87453028779	3619.87453028779
1124.15265701562	1137.31876030404	1108.22208231053
62.2505386533173	65.4457184444368	53.8815682726056
414.842169283812	422.711922764679	484.037269382739
602.945673339269	598.554262136087	496.392835582517
2764.96658735521	2764.96658735521	2726.80931075034
1108.22208231053	1098.4303493796	1160.31141430613
509.076025502729	516.731767762234	506.47698380297
2994.04173094295	2962.53572634602	3293.72187770659
2120.09043200004	2152.77602204872	2406.28410919944
1654.16021925123	1661.02884681335	1445.85361409016
1353.59151869231	1362.67441188299	1430.62945348755
1389.36237138278	1389.36237138278	1501.21128020498
330.283999628203	344.251350057394	352.963414430661
416.6318450391	392.570265256916	373.580947872554
67.8027154159169	62.4559663933517	63.6769932524187
619.29956699094	627.35290599241	589.451983889711
836.027995596387	784.448955003988	1010.22403290931
122.808366875412	127.160879656498	144.217142673059
40.0596474642496	39.2575385500034	42.424749804105
1153.48811386675	1082.62826006737	1147.93315384776
291.35656771543	300.812111824085	291.35656771543
2885.31816170236	2885.31816170236	2962.53572634602
76.2732144027843	85.1853410860924	89.3300555994206
42.0055278329097	41.002880553368	47.7820401070529
627.35290599241	647.028465354306	720.643051838028
151.486064011907	144.217142673059	201.221962374051
662.394321039617	655.567113204456	648.442229236668
2016.45136304534	2016.45136304534	1936.08448791876
496.392835582517	496.392835582517	599.181258665453
36.3201365253465	44.1752868518954	45.7967599081432
220.713974603417	213.949506883536	202.460244460873
206.225592051161	209.195374289009	223.551281117619
209.686331756708	201.221962374051	220.713974603417
392.570265256916	387.473363533556	317.318086531918
156.051285272838	146.381077757521	184.746105639593
333.139473449283	352.677992990904	243.461147192378
32.0188671820246	32.6071818651099	45.3537853376354
29.9884077652774	31.4277488195852	38.1909571159584
11709.1959115273	11709.1959115273	11709.1959115273
896.565610433217	927.922460702589	836.027995596387
549.604167527477	568.800811639893	556.926806189784
26.2640218118091	31.0904979555899	28.3040434022186
693.156940310884	670.405984521462	653.834504821454
643.606582396158	609.545652889661	745.729969457339
1383.71783671075	1342.47603871479	1386.83934650151
118.314991042205	125.821654949994	110.295898501256
95.270575472248	99.9235472279665	77.711404321492
180.856995746784	180.856995746784	208.003619937403
2681.09910718644	2681.09910718644	2764.96658735521
698.403483477387	715.767135991769	733.396476316908
36.6429358409406	36.7689350303779	49.7932239849442
22.2461311164829	23.4497944598868	25.3908508380922
61.7500190119556	57.4373183754019	56.5778809661172
40.0596474642496	38.0620459592592	37.8270416853887
126.849728209951	122.808366875412	151.216028680336
214.487773811394	209.195374289009	210.44758567873
315.44800599155	312.731613553581	221.978443558247
35.3039722571882	35.3039722571882	31.2223210795508
58.3540397327894	69.2613320090807	62.8295522854915
69.0340207893032	67.9345385398778	91.881983577488
28.6228879028585	23.4497944598868	18.4227799508105
1756.90630314029	1776.5369677023	1733.34651105392
46.7861513218195	44.566801408824	46.3650602310548
466.967922529193	469.131118792337	425.434836283793
13.9556992735193	10.9242005740485	17.2198554287244
1776.5369677023	1806.95826973431	1877.50067086844
2962.53572634602	2918.64781628931	2811.80461869574
1160.31141430613	1153.48811386675	1189.47499241384
776.369878193553	742.024835333139	846.064463717097
269.447358498054	254.813633375369	206.978936343275
3216.54987542982	3172.93492451836	3092.66263975543
1274.11551437932	1274.11551437932	1089.21224545683
225.780626355907	250.78318108856	166.52147146008
1010.22403290931	993.278771993084	710.188512467337
19.6566932650839	18.4227799508105	9.46525747384926
91.881983577488	99.4291126438794	99.4291126438794
125.502810449355	115.505457326555	137.251679726664
186.615665163385	178.469659710563	212.984433218298
422.711922764679	418.05412660412	459.171081447715
413.64806811407	414.842169283812	488.837621985098
653.834504821454	643.606582396158	728.764408934212
1616.0161687124	1605.48591902167	1654.16021925123
1205.70240547649	1205.70240547649	1267.51000753299
1237.60488223314	1267.51000753299	1205.70240547649
125.081045921556	133.313369187852	133.313369187852
702.537247268288	689.380269715271	645.469144783551
648.442229236668	605.49340621698	632.224495969744
166.52147146008	167.214575289893	180.856995746784
1062.00916851992	1067.83720619193	949.179150928521
488.837621985098	506.47698380297	442.783776127022
1524.9709609292	1491.87425880748	1632.33668960883
949.464572368278	933.540394549013	975.974376318735
22.444800362209	31.0904979555899	32.4085126193838
140.950378576966	148.652104259911	125.502810449355
9854.6838880215	9854.6838880215	9854.6838880215
117.242020524511	114.304401924038	106.461507519286
8.39539466188349	10.5268620825963	11.3748681986493
31.619659571003	34.2016209441245	35.3403072853326
713.797416802163	751.797832107046	627.35290599241
9.87226642687159	9.62759169143098	9.46525747384926
114.791143454032	125.081045921556	122.346051381764
314.601868995067	325.99190098161	283.943869713886
1857.18537682703	1886.42213986298	1605.48591902167
791.900946191186	807.535488276302	932.02429826928
210.540161807285	215.326217753784	248.840688742416
207.732280635388	208.003619937403	218.430908755046
203.243381862638	213.949506883536	116.525837532419
119.712107749561	118.876271748058	97.8025973780495
1067.83720619193	1059.62531247232	1073.03837481651
263.724673892975	267.856874233994	294.360815861852
14.7368592678071	15.1341977592593	21.4477158944398
18.4227799508105	21.8546165595543	27.1004883467225
357.952745394214	349.94373727243	362.933124294552
110.295898501256	104.25432772084	167.214575289893
572.822529668229	543.670409021197	655.567113204456
81.9935938644248	87.3657034831207	93.184612133096
51.7271953618059	54.6017060796519	67.4188939130813
741.448168519101	762.175265206918	717.736855181375
1082.62826006737	1073.03837481651	1153.48811386675
655.567113204456	610.619145652858	675.561822736679
280.223438575372	280.223438575372	307.970203505867
675.561822736679	675.561822736679	643.606582396158
222.322452916551	220.713974603417	237.734117524337
36.14267732233	42.5803255273785	44.9185038212206
1822.90948727529	1793.01547282341	1914.26460167716
599.181258665453	595.651153991126	516.731767762234
1575.16641000519	1597.0910028729	1822.90948727529
169.776587687125	167.849264873352	163.486756766973
72.0063664211017	54.2255776309093	47.0516666893107
985.777537256262	985.777537256262	1124.15265701562
216.010281655437	223.551281117619	274.65944068592
590.382134785156	578.026656035938	610.619145652858
1098.4303493796	1089.21224545683	1293.56623927937
159.770802688916	156.051285272838	167.849264873352
2158.91421163759	2084.43701342564	2084.43701342564
84.5012771844394	82.9620363581427	79.3142752759174
23.9866491293929	17.2198554287244	22.2461311164829
469.131118792337	450.64232063495	469.131118792337
300.812111824085	294.360815861852	378.826360740805
252.131229147408	257.150550602391	280.223438575372
212.557626480918	225.172970749682	215.326217753784
74.6023670283422	74.2623124849928	80.8784643840624
32.6071818651099	32.0188671820246	39.9937359022692
312.731613553581	304.152892850534	370.870595944923
969.666510503582	927.922460702589	1067.83720619193
254.813633375369	248.840688742416	299.612403295636
15.4917241061795	14.7368592678071	13.9556992735193
99.2590853722047	98.8177187985154	111.991910733362
1994.44866274805	1994.44866274805	1922.8907867329
1958.07779765689	1922.8907867329	2170.80620456352
1250.47009176622	1244.70798978017	1208.76332951827
17.9874984343956	17.9874984343956	7.89778698778354
948.893729488764	943.115935724841	998.04709459888
393.53792438238	404.901055618111	338.508977184791
218.430908755046	211.234004458416	237.734117524337
144.217142673059	148.33512887884	187.110099747472
1386.83934650151	1383.71783671075	1250.47009176622
299.612403295636	305.238858111342	341.200204765096
1114.16073306378	1147.93315384776	1082.62826006737
45.1686330805259	45.3537853376354	58.6118620461877
28.2037742195709	25.8473423972166	36.7689350303779
1293.56623927937	1353.59151869231	1575.16641000519
980.025172344992	975.974376318735	1034.86253201157
63.7695693809734	74.9424215716916	74.2623124849928
679.734399142429	702.537247268288	619.29956699094
1661.02884681335	1702.89317985411	1597.0910028729
