k27_temp20_1	k27_temp20_2	k27_temp20_3
8.03316803355565	7.96785428303984	7.96124841931217
6.59626521937765	6.58692593929752	6.58754127450506
7.67819113728824	7.70765392320839	7.65190892137265
9.67778989909783	9.69860496186934	9.76351308602205
7.09277420176935	7.08281000906032	7.07036150330261
7.00481646463227	7.05387717387959	7.05083211950784
7.88184506437251	7.88485775462713	7.88694489446707
7.73817091685573	7.69927042633708	7.66678882640094
8.71960976130618	8.69913687262763	8.6956871768201
11.9170667555694	11.9552857785369	11.8778839509183
11.1034633813762	11.0904601586305	11.0776448917569
7.2244220694586	7.25919697278043	7.16422956813172
9.04375169700404	9.0078987827563	9.00177679728695
8.63198594981904	8.6020443432822	8.67375640677546
9.30259586566792	9.3486159633065	9.31713051940848
7.36693197318297	7.43890433535669	7.43496611193121
10.4224857856769	10.3443996722469	10.3854648408994
6.88105682443655	6.87686752770497	6.84469936362902
7.86272561873468	7.96241538646149	7.87246970102153
7.64723946298255	7.62154257853185	7.6805396255087
8.22205023222617	8.28227350666623	8.29394405432927
8.61837098798648	8.62828686339413	8.63896511521131
6.89617996335946	6.92239707097024	6.93432933876597
9.6897735079308	9.73528695250353	9.72587949497417
6.81096965349466	6.82985425345181	6.91285456019492
7.0729469960478	7.07563101366978	7.01871533534802
7.06627691086242	7.02136622670009	7.04780399636079
11.0524851086309	11.0735321487399	11.0665603168455
7.36693197318297	7.36897916638368	7.38184853613056
6.71188742306668	6.65208165288531	6.7056023901832
10.1013387170395	10.0935085387983	10.1053836441929
7.11233261840583	7.19173880726638	7.19740083845757
6.67728796089341	6.62085826603235	6.64677878009385
7.77135774579913	7.83980348838507	7.86474715831479
11.4725986351553	11.4923650342972	11.4679320883833
9.45462914447187	9.43810470524953	9.5235883181358
6.99782306202993	7.02136622670009	6.98269955372776
8.08027626545811	8.11237071637358	8.19886714669853
10.2697416042707	10.1138017488689	10.0844795237688
10.2262722516505	10.1630660115231	10.167035755725
9.84006285526365	9.82877681922873	9.82913902798901
6.94789642847516	6.85187250124682	6.89105530478448
9.41973251062717	9.29027158295211	9.24062645464063
7.27736171413471	7.22196575694008	7.22581296702988
8.65661782649237	8.60553781834597	8.62684087702431
7.36149383148969	7.41862080769624	7.38305042455607
8.6251945296162	8.69773473653087	8.75258990215459
9.25646201487995	9.24682952038276	9.27469840181528
6.94062089468859	6.92719109538181	6.92775569408977
6.97663713148948	7.03179030105389	7.02334745196505
8.49217432841796	8.49525525092791	8.58723980083717
8.56021697965354	8.49848001453258	8.4901914375342
7.04607961318695	7.10836257607535	7.13456558884511
6.77050901636576	6.79180960229375	6.79138328180348
6.80296779027591	6.72730599105464	6.76396772523343
9.25792625279445	9.21156730465735	9.25448328820375
7.41497427503518	7.39459054210419	7.44420785116325
6.66850687756077	6.66170199515513	6.66862689840346
8.34563207666251	8.41504745539664	8.34787481870528
7.19414950415662	7.19968535618859	7.21100022623352
8.947218787194	8.80407268450596	8.94472120393095
9.22835535390403	9.16902720136016	9.24228307376989
8.36478478922705	8.40934798523515	8.42633591139737
10.9868925707315	10.8834238121367	10.8358660894266
9.87959685266426	9.75407120858571	9.6979014944442
7.75900197249679	7.83725873745069	7.79693012895766
8.02287013059409	8.09897830384988	8.15802711835302
10.7049973593239	10.6682300031325	10.6796977392085
8.41289789234071	8.37700804832546	8.40815050315628
6.9185715347397	7.03771327351272	7.00784887489043
7.65615076356115	7.54563603850108	7.59910363648541
7.04607961318695	7.09564286217375	7.16283074257037
8.98307343858789	8.95645457483168	9.03961420171509
9.65574317700811	9.62650039756254	9.62383525649753
9.37185050462976	9.42771095803567	9.39812764994436
7.74653946657158	7.75785424255071	7.77603890882433
7.98446952180612	7.99398398775679	8.03879147072019
8.5094882036583	8.52876103524097	8.47053849951372
6.67728796089341	6.62676435282759	6.66665432078914
7.71277001197888	7.90281729750527	7.81396280185076
11.3488948710723	11.3004829258246	11.2421590282886
9.35279193993178	9.22103346410169	9.31775916725271
7.9230366769468	7.90929300459278	7.88185257013539
6.79492129975558	6.85858029557713	6.849924190165
7.94501878947558	7.96085764248593	7.9620528898568
7.39381939332313	7.38532983370051	7.34531826170593
6.92595882638548	6.9239968497206	6.87063631584313
9.17199811697189	9.21875420941543	9.23364780657104
9.64682928051983	9.61639395279216	9.7115995896365
8.8300445625523	8.62435618730714	8.75398410729493
10.2863387012812	10.3161986685376	10.3038916468052
6.81096965349466	6.77062721407651	6.7246891144828
6.74567654888181	6.74551483889781	6.71326740644656
7.0993231783413	7.09989523910129	7.11878043472727
7.16322810060299	7.27307156783537	7.16562703876122
11.6575861026132	11.5982965971274	11.6134723023864
8.69387685038086	8.63416287037841	8.66735828574769
9.27103794631395	9.32095352311795	9.25710766169536
6.84254055824838	6.8349652937085	6.88597758577743
7.24819093578328	7.28307902904984	7.2693599773005
6.88863820900536	6.87024441306915	6.91949629379457
8.18865929844516	8.14154111633972	8.12966640265812
6.85807066918872	6.88016771835928	6.91285456019492
10.4617708678409	10.4183384876144	10.4183698883822
9.40394775955877	9.3853705771457	9.44059449205865
9.75136449051527	9.81051399630983	9.76719999667627
9.08887679728888	9.00109409977022	8.98287575275289
12.1971152838377	12.1564544144806	12.1452649683237
11.2831832744283	11.2485208304968	11.2436484900947
7.97024830462639	8.1025146937233	8.05998740399664
11.0083649940744	10.9620306159638	10.9308680923507
6.87343539097677	6.82472504285603	6.87405961212001
10.3259681588858	10.2765191549193	10.2263282666394
8.32622167625392	8.35464281775058	8.39807967376832
7.65170199360866	7.62154257853185	7.68639293964593
7.65615076356115	7.82532352084257	7.85611779295426
9.98679827524566	9.95307467673316	9.98647123812742
9.44566260554742	9.17104954073405	9.23664279023468
6.73730316390146	6.70142124516386	6.74913025822188
8.1978428283153	8.30639336628828	8.23725428917038
7.1818603541338	7.31756839688518	7.21235314111363
7.25993011815375	7.22326571484382	7.22982654960335
9.02839079900446	8.99197097360578	9.11171125304529
10.390135326513	10.4566996056114	10.4290280895585
8.00205115025487	8.13119069200524	8.14887089725676
7.25407246677693	7.31146974122919	7.16702315708106
8.91045029940697	8.95606368296619	8.93081693300954
12.0504194346407	12.0682850422474	12.0185093890707
7.58326984917465	7.65082116919856	7.67466246686597
11.8965324351263	11.7996178393365	11.6836152583891
6.89617996335946	6.92079551636613	6.94250449794198
6.75400161796494	6.74912919306553	6.7749965400941
9.11496639179689	9.18746005330772	9.21318292313032
6.76227892550381	6.81957753227161	6.7749965400941
8.7407087037777	8.72138767910594	8.71490520572203
9.17665053771103	8.98317350680076	8.85618550710737
7.55971830105053	7.62646379249053	7.59910363648541
7.25407246677693	7.27055881850244	7.24444822412876
6.80296779027591	6.87851856664141	6.82360876533365
13.4739885815668	13.4187305833696	13.3394076840321
7.95948963450698	7.90767680077875	8.00014926671491
7.6825590929614	7.87331144236608	7.97406642645383
6.7033150333662	6.65786155247588	6.7246891144828
7.99152790501696	7.98251447203108	7.86818450387768
8.28659940560448	8.31129157605834	8.2727024201732
6.94062089468859	6.93514590586124	6.96193792682833
6.87343539097677	6.94778307272445	6.911189338412
11.1609427342738	11.1961901619085	11.1440172879793
8.39969329218489	8.52296660900589	8.5194510914038
8.28659940560448	8.23020526890769	8.26359546691239
11.4662790338975	11.4144122031816	11.2917974718494
7.20025504653148	7.26425773171237	7.21505517076366
9.34040570265042	9.27906437718515	9.3482320958997
9.65796307205589	9.61019655914571	9.60696094144807
7.92672370051034	7.86083698192732	7.80502330853348
7.39381939332313	7.40837109336277	7.34284970569927
7.39381939332313	7.20890134678472	7.17120342429084
8.80822384320909	8.82819513195445	8.82158724891317
7.20633485966425	7.24262582161247	7.2484103689304
9.57463862763039	9.56477166825422	9.65625767258708
10.7909506035028	10.814479256822	10.823856718788
7.03928385589921	6.92719109538181	6.88088193292621
7.05957584541338	7.01237096638385	7.00940624620096
10.7519950752556	10.6424674893994	10.6530440013251
7.42543651807162	7.5631948979279	7.59184531526907
7.2304010981163	7.21414131560333	7.2484103689304
6.73730316390146	6.68075235057491	6.69014910049774
7.27736171413471	7.26552015257107	7.2823006672867
6.65078273618408	6.64821548261986	6.62459472341707
7.35055566448366	7.28929862425702	7.38545120181644
8.80622367798771	8.8682166432509	8.96292024907271
7.27157455219568	7.04508295796757	6.9294019153409
9.55571446252715	9.57778792212484	9.6397605049649
6.87343539097677	6.91276096693843	6.86548609327685
8.11624010292204	8.17551586472364	8.06448915678601
7.05284351058284	7.07563101366978	7.02488819185076
10.9709107337445	10.9121213967287	10.8804835211165
11.1491552578568	11.1273816196501	11.0564261101795
7.27157455219568	7.32968890898367	7.4045149412094
7.53577589926991	7.46000979261633	7.4738410846168
7.10584256180852	6.98963434747556	7.02488819185076
7.51633172068954	7.55908258611869	7.6104363001248
6.98373373137261	7.0553376790457	7.02488819185076
7.03928385589921	7.01237096638385	6.98586729796829
8.01249819356021	8.0159031194841	8.02961129599949
7.64276308629264	7.54563603850108	7.60529612211277
7.39913726564292	7.41179576207368	7.43380672087756
7.53093936725247	7.54043073433943	7.6529057038618
8.27796546984388	8.38979961672192	8.45404934720316
7.74653946657158	7.38765058957678	7.36248089031238
11.1444131679026	10.9238622987025	10.8978250469017
6.96233834555656	6.9987720370553	7.10427886799821
6.91114622360913	6.93196924288993	6.93923999094672
8.73441135692689	8.71169515031551	8.70868738265558
7.12522579811103	7.16222116201655	7.07483098878836
7.53577589926991	7.67287246860936	7.72481966084275
8.10326583476835	8.25393239606541	8.30286202030542
7.28886685903513	7.36073381443443	7.38305042455607
8.44667471796696	8.59201611886018	8.59607687628043
8.42858551698631	8.49794305424359	8.52490584938087
6.94062089468859	6.97273010892729	6.95548915809702
6.58697527311585	6.59899338819192	6.57076260338653
8.40763054627828	8.44376959782756	8.49797825927926
9.14692859667743	9.19012168338274	9.2379719009598
6.82684145899507	6.75453380374488	6.76212136507555
9.81342384547344	9.76057714860644	9.79252175833876
7.69125553027624	7.62351307896295	7.66283583341545
7.80780256897703	7.74342979636794	7.60013756498669
9.82828397921708	9.78938647403076	9.82649100302002
10.900940659783	10.8581241305825	10.9199376183953
7.16946562621387	7.10836257607535	7.08668236468085
8.58842358931161	8.54392662356242	8.45861693459715
8.03658439788252	7.93173178325699	7.85784780018356
8.82214788878797	8.92124370316091	8.92505246592692
9.27682733333723	9.35811468588718	9.41379534275021
6.97663713148948	6.85355237580406	6.85166160275717
6.77050901636576	6.81957753227161	6.77132962783569
9.8164081425007	9.69509576290353	9.76466625807035
7.38848184689169	7.43105014713636	7.37461610308368
8.81022123923176	8.82520179142433	8.75584095409193
8.15761834273168	8.27037509889391	8.2849706196021
6.71188742306668	6.78302137038988	6.74726479986975
6.96233834555656	6.94935496405602	6.88428103372635
10.3874621663822	10.2798027095131	10.3805088404105
10.1191721443687	10.0795801697586	10.0645795360728
9.17665053771103	9.1496722529904	9.06940947505506
7.5501889668333	7.57952792133113	7.59910363648541
6.78682968138515	6.75093298039645	6.80937511488831
7.0993231783413	7.10130991740207	7.10573560150084
8.99189958039488	9.03146555838948	9.12721519366292
10.9497754994903	10.9422341605509	10.8198682584303
10.0026060309224	9.96613917146261	9.95368054233946
10.2337327352032	10.0920861609493	10.1274242048987
6.92595882638548	7.03327332533007	7.07036150330261
6.84254055824838	6.85355237580406	6.90785311778476
13.3668721710291	13.3558555532163	13.2543503022594
7.51142945190096	7.58459430214909	7.60838242603066
8.4102666232095	8.48499568485424	8.55933625403016
8.29803152732469	8.27351578516584	8.3104623595021
8.19478814238457	8.27288819464077	8.36622340810791
8.41814607712915	8.43425894427473	8.42516955140909
7.9304013254541	7.84487956392616	7.78879129293213
7.49662190080176	7.35481529237035	7.31415350769862
7.48666508767192	7.6086683028117	7.48395855636132
7.97381677262521	7.95929821474294	7.96606852758833
7.51633172068954	7.47972359448176	7.44535891713721
7.79978290877373	7.91734697632444	7.96285691207025
6.90368249964419	6.81095732476736	6.85859040610753
8.32062754068894	8.40591746403614	8.43389435328844
7.13800477694231	7.10130991740207	7.06438056921314
9.04375169700404	8.97547968480174	9.03999522829647
7.41497427503518	7.12653975321339	7.22848992896893
8.947218787194	9.01842046042602	8.99628952540374
8.96883832771016	9.11437542708426	9.1146083508651
7.13800477694231	7.13070216208243	7.08520625573471
7.12522579811103	7.24390730492972	7.22044409582438
7.74236125948009	7.86167197668743	7.80591975461822
7.21238915948874	7.27181574021188	7.24577014844406
6.77050901636576	6.7794910340028	6.79680442900747
8.0703103308459	8.11587447008226	8.15732485305782
10.5753512946052	10.6204360831747	10.7110216000167
7.39381939332313	7.42992462163114	7.49844854994407
9.50482419424455	9.4849202824902	9.54388035256669
7.68691386417321	7.73160280480305	7.67368060854822
9.26958696223339	9.25670279464603	9.27145699780465
7.65170199360866	7.68801610807655	7.75205263705639
10.5969167635782	10.6081738512525	10.5743413197887
8.74906263432317	8.75458298413871	8.720621046428
7.54540059197357	7.57036335836224	7.54536589708312
9.54974938965746	9.50483366755755	9.53741790208342
16.1834579794294	16.1703979537635	16.0514511979986
10.9023457517786	10.8290680181273	10.7549703410259
6.87343539097677	6.81957753227161	6.88597758577743
7.65170199360866	7.67762195373428	7.59080542485404
8.69387685038086	8.69492636956728	8.67522887541327
7.01177613186378	6.98657554475017	6.95548915809702
7.35055566448366	7.28058366399226	7.28101180905859
8.05354591271595	8.07253607382641	8.02268762580282
8.48968386807787	8.57174809711173	8.49297727247368
7.75070560821701	7.78363653690086	7.69706272397286
8.49217432841796	8.48607908137433	8.44199017063637
7.59258386241927	7.53938741603584	7.50066491917977
7.21841815923185	7.15542753940807	7.18229194855925
6.80296779027591	6.84005829190277	6.80758599443443
8.16075266543297	8.21460338596455	8.12679942503232
8.2310243054136	8.30147846965467	8.22858880330167
10.2748131375211	10.0860253611525	10.1372514615746
8.28659940560448	8.14085339349017	8.08087643516424
16.2116416391565	16.2311787971935	16.1356722064169
8.24880670371317	8.04706906816677	7.91463585292266
9.79941491655411	9.67860568510066	9.70344445761453
11.6133721252802	11.7508176711345	11.6237402613933
8.14184376713873	8.07685706191972	8.05547156019344
8.36750025234396	8.28102565373465	8.31235620456933
6.77869242614769	6.79880184789606	6.80937511488831
7.89319627987057	8.00913619974822	7.96366048645196
7.52608656687528	7.4321747952618	7.29640263232964
8.12268374361961	8.11377323912625	8.02807557155765
7.79575629931375	7.84487956392616	7.88779187042377
7.85887113498993	7.98404901935795	7.96767165830587
7.46654291196237	7.57546196766753	7.59703355392438
8.39969329218489	8.66031269763619	8.64298399089402
8.15447719579516	8.31373445870343	8.3286662181735
7.02559555115666	7.148601775422	7.13313769019787
7.0729469960478	7.04508295796757	7.01406829889963
12.1521533001674	12.2026192124747	12.0874551952511
7.62471738297684	7.58661588332383	7.51608489345249
8.14817430989765	8.13464909080554	8.09120861486192
7.06627691086242	6.99421042644793	7.02796474424397
7.04607961318695	6.91114867386558	6.86376525882082
7.01870238762059	6.90630095591162	6.91451786221111
7.36149383148969	7.42879821737617	7.4045149412094
11.4669122411903	11.4862192209902	11.4183090398756
8.75114358045625	8.82904923261474	8.74653272863189
10.6591899691849	10.6362593403207	10.5233386129692
6.9185715347397	6.86192253403349	6.8464430756671
8.89359374075679	8.91079306841787	8.84967971594592
7.83159749454478	7.897941370577	7.82373268680627
13.9428790826566	13.8773612014641	13.7321349218131
9.84688971541647	9.98542096678058	9.91929898365584
8.46200124855324	8.33673783809182	8.28304045770415
7.51633172068954	7.51092878817919	7.48059394310179
7.44613611124075	7.36309444167043	7.31918532894173
6.71188742306668	6.66361838982796	6.7056023901832
9.53291476950052	9.46939197658603	9.44376567316197
7.07958638609615	7.17436964539649	7.18091053473411
8.36478478922705	8.26911690749527	8.26098288643033
7.38848184689169	7.38416805433326	7.3490131941683
6.99782306202993	6.95092514466974	6.849924190165
7.72552636568771	7.72794413837962	7.6176019206314
8.64099172973415	8.57276828931925	8.51177961499253
7.6605858574427	7.68613182330711	7.6186226815872
7.41497427503518	7.28681400274969	7.26545502745024
7.31160550926632	7.19041011666421	7.14735347824079
9.08887679728888	8.99957757946803	8.91386981206717
6.99782306202993	6.98043841527906	7.02488819185076
7.31160550926632	7.26804168518891	7.32294771139511
7.65170199360866	7.68801610807655	7.64390977139871
7.06627691086242	7.09564286217375	7.02026102724476
7.20025504653148	7.25919697278043	7.32169467377237
7.60644309988222	7.6076731989796	7.58036508702305
7.21841815923185	7.03030575078838	6.95871714550793
7.61560917523946	7.59868624252147	7.51718003926642
7.47159982799511	7.49809805152689	7.47158308956636
7.97737643598077	7.897941370577	7.78151802455312
7.07958638609615	7.08137706490491	7.02950056374607
7.02559555115666	6.96031051071849	6.95710405457847
11.1938268801517	10.9671800604609	11.0698293359544
7.53577589926991	7.44671599689641	7.49733908719042
8.52902435742956	8.4779337067921	8.4010489869414
6.80296779027591	6.80576036971752	6.79499964229038
9.96185890077363	9.88612158570782	9.81273157119936
7.99855192351932	8.1862209550355	8.1253637968916
7.89696025785873	7.72885967518598	7.78242919087085
7.64723946298255	7.73525221647296	7.7066945248135
7.54540059197357	7.57138452272944	7.6104363001248
8.41289789234071	8.43762280926924	8.50517143920647
6.90368249964419	6.88510389322019	6.88258248434534
6.79492129975558	6.75812566268649	6.81116201947825
6.80296779027591	6.8635907543186	6.87234897930155
9.27103794631395	9.27499583924853	9.33742264639455
6.84254055824838	6.95406038860913	6.89779791691981
7.57389531500842	7.57342468566589	7.6328380171751
9.58867060917877	9.5433340157082	9.60721809103
9.39066057773546	9.44703389931751	9.4815664546857
10.8653611038883	10.8810578558755	10.945483914423
14.3009818015122	14.3298302947474	14.2849239177494
6.83471236168745	6.82643680662245	6.81472920297281
6.95513545726997	7.03919022507361	7.02026102724476
7.02559555115666	7.10836257607535	7.05987854114736
7.50651046876196	7.49809805152689	7.46932155501172
10.9668874574879	10.951186003329	10.8053729813274
8.19172697494903	8.04780297028604	8.04107741603472
6.90368249964419	6.85523029668837	6.87063631584313
7.01177613186378	7.00936003995415	7.04780399636079
6.67728796089341	6.62479834229298	6.64477608361678
13.5033746337102	13.4743295536488	13.4131801018214
10.1094721579903	10.0163081871401	10.0138854583409
11.0282360331815	10.9388752106373	10.7482237790807
9.91157889959124	9.91033400076514	10.0088334777766
7.42543651807162	7.36073381443443	7.34037691868206
8.98130171209041	8.92604165828602	8.98208280988568
6.86577348328013	6.90143689457968	6.92775569408977
7.67819113728824	7.76590506231844	7.83167730976893
6.88863820900536	6.87521459722592	6.9795248390171
7.63376844916443	7.6076731989796	7.62473212716588
10.6514119785383	10.636137344465	10.5951039555235
7.46146820851124	7.65852947344929	7.65190892137265
10.7092850581493	10.6824774686354	10.7651466326366
8.22504779662276	8.24691905549915	8.24123625669887
7.48666508767192	7.07563101366978	7.08815696492903
9.37185050462976	9.34174991942034	9.40020674621494
8.39969329218489	8.40018173901153	8.41462966028868
7.5405962716361	7.57036335836224	7.52917209428457
10.9397750091321	10.9750146263922	10.9981044817568
6.86577348328013	6.94778307272445	6.95548915809702
8.72173359519691	8.76175773198864	8.89377296388503
7.67819113728824	7.63430298458861	7.69706272397286
7.19414950415662	7.13208696735168	7.19192498627869
7.52121738832919	7.63625614514875	7.68444447237992
6.76227892550381	6.74551483889781	6.81650949278
10.6942220277558	10.791549133081	10.7513683453161
10.9310820814357	10.9503031272443	10.9737802052519
8.20089106012998	8.24051357026887	8.28432751918446
8.38368656636451	8.42637928914306	8.45519260048089
7.34505532480592	6.80054462723033	6.88767214519016
8.31782231752958	8.07901271254121	8.03267784935734
7.51633172068954	7.50345806601589	7.55072368905154
9.79336919616045	9.75900943341176	9.73343804202904
10.3508811718585	10.338863367916	10.3484115638434
7.46146820851124	7.43329856737426	7.37944175134795
8.66326325939735	8.59100945189012	8.658452243175
11.0638307889526	11.0766819878448	11.042041465547
9.34040570265042	9.31181726017839	9.25119609372098
7.93772857029399	7.97558873830923	7.88948433208776
8.22803914577849	8.09045543235154	8.03573789841986
9.5580936029565	9.51839949469306	9.54897600806337
9.25499628935571	9.2151652322933	9.18864806976015
9.45079316389949	9.44285521982754	9.35651582544041
6.59626521937765	6.54595620117813	6.54307411928309
8.42076302751147	8.48770265222547	8.41286550120076
10.5123358960357	10.4685326297973	10.4728674352078
7.6825590929614	7.7792240569364	7.7539119597041
9.30117629160121	9.28965123914567	9.27210586148271
10.2089653007488	10.1720134865012	10.1842019570965
6.72040918007384	6.71071919834594	6.68235994068158
8.26927955265466	8.35167404343833	8.34355969311607
7.04607961318695	7.09137791466076	7.07483098878836
8.46200124855324	8.60902285445486	8.61051508367434
7.38848184689169	7.34887239068712	7.36126173609526
6.97663713148948	6.94147832540474	6.94901143552051
8.01596379762174	7.96163672471735	7.98835185443497
10.6009607019203	10.5935464582209	10.5914692518091
7.37774714561734	7.47208909240555	7.41395317236089
6.77050901636576	6.69393949768681	6.70367975642454
6.9185715347397	6.88838531897872	6.91617924888172
7.08619536221602	7.01687560697289	7.07036150330261
9.16733064452765	9.11262278684501	9.13472675752037
6.74567654888181	6.78830073062071	6.82714534473391
6.78682968138515	6.78125728199614	6.77132962783569
10.4573167003616	10.3996311755275	10.3740253702622
7.68691386417321	7.66045013154934	7.6479148902844
10.3357077379808	10.3678049971629	10.3893576128115
8.20393286504417	8.14840037412561	8.16572955893288
6.63283814966656	6.64045192270777	6.66072035473022
6.86577348328013	6.85187250124682	6.89611521573293
7.96667098832109	8.11867135929077	8.12966640265812
8.91416960433314	8.91482150715623	8.87894048532627
8.24290355760341	8.36998272888033	8.41345379395594
8.72808640178041	8.84813401988918	8.85877963121411
7.03245593717207	7.00331927049601	7.02796474424397
11.1164359374512	11.1426627473201	11.2110274343791
9.56520757390198	9.59922406493592	9.62637484035269
12.582912831187	12.5257309173319	12.503047532361
11.1384635517071	11.0901930055804	11.0813517560618
7.31723461300774	7.3163507264066	7.30910407553566
6.96233834555656	6.92079551636613	6.94576163506669
6.65967202350511	6.60099485328273	6.67059678279697
8.56968059024187	8.53348468013064	8.64849172866578
7.76725090103007	7.71691213820562	7.75762343171081
8.54829949562785	8.52981207148294	8.55827264928688
7.85887113498993	8.04118437232052	8.03955385501109
8.47212922037014	8.38225467821063	8.39450841215592
8.06027507446476	8.03970944019385	8.01417998872009
7.82370937841521	7.90281729750527	7.9129726579501
8.60001550325934	8.46480468951333	8.51342694034226
10.5700565336425	10.5821928252416	10.5979533839309
7.19414950415662	7.32242882757916	7.25104576661706
6.73730316390146	6.77595203802278	6.77316424892706
7.78360859911998	7.84318952238901	7.85871202647781
7.44098898896105	7.4049382760192	7.44995401928644
6.78682968138515	6.87521459722592	6.8464430756671
9.67669552801855	9.70745691730346	9.74820419266604
8.48469001272643	8.51926709275075	8.52925485492432
9.66791054505962	9.5911913247998	9.64177023787144
8.71108302151126	8.80927584280413	8.81090992461572
7.83552543807814	7.89712711153999	7.91629713272928
9.92638741873745	9.90609064208135	9.95185929795668
7.43582343786959	7.45448558978976	7.45339076680232
7.28312575507888	7.18374824659552	7.16562703876122
9.56520757390198	9.47212835797195	9.57602815713777
7.73396836799928	7.83130347124997	7.6529057038618
8.35933848155937	8.41163047593388	8.35707828332251
7.48666508767192	7.48081094716871	7.40214570422754
7.39913726564292	7.38416805433326	7.37823685164198
7.77545293316924	7.72702802021179	7.73990827805325
7.07958638609615	7.03179030105389	7.07631774568121
7.79575629931375	7.8020229805321	7.75112207637324
6.86577348328013	6.87190304426938	6.89443054971322
7.81974908791454	7.72519403683523	7.68541903495144
6.72040918007384	6.66170199515513	6.6940279677269
6.85807066918872	6.87851856664141	6.87747480505749
9.60026056608758	9.48654516041355	9.60412926680084
8.8022150091604	8.7728973285866	8.74372850960596
10.4662113258722	10.4422590263505	10.4511142748451
9.51465698665426	9.52051594090811	9.49441324832887
7.58326984917465	7.21675418049495	7.27584483126561
7.00481646463227	6.88346037736152	6.9795248390171
6.60549573169486	6.57271848570858	6.57497559937224
11.6757757926842	11.714764489761	11.7321126087125
10.6130249465344	10.60605769036	10.5607300541941
7.28312575507888	7.3760092977023	7.35269868783009
6.9185715347397	6.84682110991214	6.83243401237465
6.89617996335946	6.81095732476736	6.83243401237465
7.11879361079151	7.12097112822829	7.08815696492903
6.79492129975558	6.71071919834594	6.7227917645538
9.40130009511585	9.40440576609366	9.39693824830375
6.72040918007384	6.71626934381072	6.69982678557502
6.92595882638548	7.00936003995415	7.01251595459398
10.2949228482295	10.3231871060882	10.3279624734448
10.311234385347	10.2256989164959	10.2089813575951
10.2270200384895	10.1118729585175	10.2170913128444
6.79492129975558	6.79180960229375	6.74913025822188
7.12522579811103	7.13761293465256	7.13884082508401
7.7631323323054	7.76143793225025	7.80949997915523
7.01177613186378	6.9095345770326	6.85166160275717
10.4769387346798	10.5208763682395	10.5651049416062
8.08027626545811	8.20739574287825	8.26163647522488
6.79492129975558	6.88346037736152	6.87405961212001
8.95084461749752	8.96851998822779	8.99235722802688
7.39381939332313	7.43778492291863	7.41864923437095
11.6942798606787	11.6012368177712	11.6340618562581
8.11624010292204	8.07829452015317	8.07568246386123
7.37774714561734	7.4927180492196	7.37823685164198
10.681730078549	10.5662741780248	10.589778592997
10.4126594029047	10.3577783276303	10.3505635025741
9.69626830814754	9.70815344816694	9.79319999986452
7.31160550926632	7.36309444167043	7.28616034797894
6.88105682443655	6.80576036971752	6.8289103888591
6.96950545238705	6.83155994610122	6.849924190165
6.78682968138515	6.8161356272341	6.7931925951121
11.3017584545786	11.3247570686183	11.3016029059146
8.03316803355565	7.97558873830923	8.07791074163868
6.82684145899507	6.93196924288993	6.95871714550793
7.61103341693258	7.52575516980789	7.65787931216644
11.3659692491541	11.3255138220087	11.3159905839469
9.56993080722089	9.52473954152716	9.58597811709
7.17567630066461	7.10836257607535	7.0553624207449
8.84570941287466	8.82605766550226	8.84227084500084
8.75943747874655	8.69820226665858	8.78204458598408
11.2419740136762	11.1584634153977	11.1351281029908
9.63222569431355	9.66096590799432	9.67551418954324
8.93628629833294	8.88062778808436	8.9785091637977
11.432639189027	11.4884509493101	11.5370470774581
10.9673350426479	11.0204014536986	11.1196192775016
10.0268566825873	10.0604337189281	10.1024679415532
10.5178463770051	10.4986371277907	10.525381062524
10.304165062103	10.3466380815528	10.4256785144393
8.52902435742956	8.56919445591504	8.59659502236788
8.22504779662276	8.28911747147888	8.25902034159462
7.0729469960478	7.05241518873669	6.9984691780492
8.643234418169	8.57582454455806	8.58619657716597
9.26376838854933	9.27311417569042	9.16892433080375
7.65615076356115	7.58964295368481	7.55072368905154
6.95513545726997	6.91758706379619	6.95225393227928
9.8164081425007	9.79857247839981	9.79861448376294
8.05354591271595	8.14976832092017	8.2622897680582
11.0907839919838	11.0112118463412	11.0570851187906
7.37774714561734	7.35481529237035	7.35392509653017
6.99782306202993	6.99725310213497	7.03256730676418
8.97952780712389	9.07423657717789	9.0475947032293
7.80379831125842	7.88156822680162	7.77329152797279
8.87272017198909	9.00223044477166	8.96050693311146
10.7268383394174	10.6970535103271	10.6300705266079
8.93078882954534	8.90270228733756	8.90259980163427
7.01177613186378	7.09137791466076	7.05234380106561
7.7631323323054	7.82275307773434	7.75205263705639
8.01596379762174	7.95460979241143	7.96285691207025
7.94137828469056	7.95304359304135	7.94587762564038
8.59074943523455	8.47520833020329	8.51616830953846
7.68691386417321	7.78010763321952	7.73615089206636
7.95948963450698	7.92854753146324	7.96606852758833
6.92595882638548	6.85019066846209	6.86892161691826
6.87343539097677	6.90306007108994	6.95387245201726
13.3938442671603	13.3635947408212	13.2694583002966
9.50111955055652	9.40153774105714	9.29654889870558
8.64994164139566	8.5915128731773	8.77152839920856
6.7033150333662	6.80576036971752	6.88428103372635
9.13741406588442	9.13040059463831	9.13401305312221
8.85347851289901	8.96386146794849	8.98959822866691
10.1248004972328	10.1109953824527	10.178675595303
7.49662190080176	7.4231529666799	7.42566479064207
7.11879361079151	7.10695479971693	7.16283074257037
8.0399926912985	8.03601549940553	8.041838593617
11.0562769246043	11.0157201927104	11.0422316713747
9.48245227912384	9.47894669039736	9.50300679252619
7.08619536221602	7.05825426141145	7.0837286350004
6.76227892550381	6.77595203802278	6.78230252338398
7.24228532968344	7.23620127543152	7.27065928205568
6.96233834555656	6.87851856664141	6.83594905123866
7.42021488017267	7.45448558978976	7.42333006034053
7.62925001391943	7.5916574778409	7.62676287329882
8.06362792187325	8.00611846162877	7.91878547113595
6.88105682443655	6.84513337495778	6.81472920297281
6.91114622360913	7.02435222681681	7.01561897474074
7.42021488017267	7.29301755192334	7.3053053698812
6.68601592402294	6.64821548261986	6.6940279677269
10.5730004661987	10.5625558141268	10.5204743170903
7.01870238762059	6.96031051071849	7.00940624620096
8.7820028665393	8.81876650014868	8.93040594832489
6.77869242614769	6.79880184789606	6.76027263905494
10.7478326309507	10.8290680181273	10.7912965112208
10.983798825674	11.0259989898321	11.0441323516969
9.66791054505962	9.70373639588816	9.69741848967904
9.19511162504693	9.26050664013029	9.33183180376546
7.91191873106601	7.8856789659728	7.89959761846977
11.2756134343546	11.246044822792	11.2177793334675
9.79941491655411	9.93613004734747	9.89296419809315
7.47159982799511	7.4072277282323	7.51718003926642
9.42234659317287	9.27060146721699	9.41761251517534
6.60549573169486	6.5706773804831	6.60412706339975
7.24228532968344	7.18908020127781	7.26023193201567
7.37774714561734	7.52364642099566	7.4738410846168
7.77545293316924	7.86000150361992	7.76409562117133
8.62292359977418	8.6713082457096	8.5508053793862
8.71748279625887	8.70519709795947	8.65148711031124
9.0639817433339	9.12136477363692	9.05816716225748
10.3161623811339	10.2530044223509	10.2836016621792
9.93739490253478	9.96264091345587	9.94760076533179
9.65796307205589	9.66000623437751	9.75425437555469
7.40443560835209	7.54771291295915	7.54965372123995
8.99013866647369	9.00185176254522	9.20573033243296
9.02839079900446	9.11857309700016	9.12470262277238
7.94865013101022	7.87331144236608	7.94506408229174
9.6299658101735	9.54982473024184	9.59663719166137
8.66547161873215	8.69070354223222	8.69713744261027
11.2478809780066	11.4154788241267	11.3119733210351
9.43016054101297	9.37692654625887	9.45638114837905
6.82684145899507	6.84005829190277	6.7749965400941
7.6605858574427	7.6323471762459	7.64891443513735
13.0451515569001	12.8884051232362	12.6606680450799
7.43582343786959	7.39689646089566	7.3490131941683
6.59626521937765	6.63460171432595	6.66270105637202
6.80296779027591	6.89492586517394	6.80937511488831
9.24025654530257	9.15069743402453	9.09933326798372
6.57762512263023	6.65014986274777	6.65077585264374
7.4512649357331	7.51518046752495	7.45567739203278
8.16388019348625	8.01214763879214	8.13395621485113
10.3370937544428	10.2744827267608	10.2638380338604
9.49243820651096	9.52605688496499	9.45523883458428
7.79171842014696	7.73160280480305	7.73332641675971
8.21603635402497	8.31251353443705	8.28368413197045
7.72975354159185	7.6274460240936	7.6104363001248
7.15067156014308	7.27808397545526	7.24709086264012
9.70595601299965	9.77039254088234	9.75912260656413
8.02287013059409	7.99169736760772	7.92292318817898
6.72888089896382	6.72730599105464	6.7341386165935
6.78682968138515	6.79880184789606	6.78230252338398
8.20089106012998	8.24819674682826	8.24982633346927
7.58326984917465	7.56422114697674	7.54214164523298
9.28976913134971	9.18145337090546	9.1965310393816
7.1818603541338	7.21152371011085	7.23914838119256
6.97663713148948	7.07419091796687	7.02488819185076
8.99189958039488	9.05975620750121	9.01850123564233
9.90971710119618	9.95209495405928	9.96996910120743
9.07731254393936	9.05172961474074	9.08537219861203
8.10326583476835	8.22632058749388	8.18859317768006
9.07897026621923	9.1276263647928	9.03465167684425
7.74236125948009	7.82874366983972	7.811286765184
6.97663713148948	6.97118349326851	6.95548915809702
10.6586357869332	10.6532377395738	10.6590097551289
8.89359374075679	8.82819513195445	8.87467447364973
10.5735885325169	10.5613998877778	10.5302711761971
7.60644309988222	7.42541371836457	7.37461610308368
7.08619536221602	6.74370426072036	6.87747480505749
9.55452341940962	9.60571789347579	9.59870786011091
8.10000395453162	8.05366078583326	8.01417998872009
9.0689952396812	9.00147298089548	9.05100145040295
10.0725050546007	10.1234072091963	10.1598662723229
7.78360859911998	7.8566547436954	7.8023306233279
10.7210109435785	10.7025400388724	10.6619834064912
7.27736171413471	7.32848142966226	7.34037691868206
6.66850687756077	6.69768522111328	6.67452850126664
8.47967881129182	8.47083699048859	8.46487384828435
8.43894995913493	8.52243868714488	8.51726340034459
8.06697299534506	8.24691905549915	8.23725428917038
8.00902424455049	8.03601549940553	8.0607386722932
7.40443560835209	7.33089537856359	7.40214570422754
7.01177613186378	6.91919218196144	6.89105530478448
8.34011284472445	8.37700804832546	8.35707828332251
9.60602081488257	9.58336672333242	9.61899769631859
8.12589480366617	8.12494460542698	8.13252769426525
6.60549573169486	6.62282964913802	6.61848485502699
7.34505532480592	7.29053933225668	7.25630216384194
10.5450874198694	10.5858609839853	10.5945852724452
10.7995222338362	10.8255416297642	10.7876707450918
9.92638741873745	9.87892226080249	9.88958543699482
6.55874105211916	6.51019318630173	6.53660829762219
9.60256742620908	9.65013259740623	9.7044062810182
8.26927955265466	8.21656287338884	8.28304045770415
7.97381677262521	8.08831682409601	8.03191182187493
7.81179574362224	7.82532352084257	7.85265154249585
9.67121118569641	9.65495744785734	9.66937017249369
8.10326583476835	8.21982278315961	8.27594102178895
9.70380880456533	9.67955306991343	9.74913664309226
7.0729469960478	7.06406979751818	7.04324986146135
6.89617996335946	6.90143689457968	6.87576821910789
10.3780669066281	10.5248353697786	10.4762501303904
9.44051373662877	9.56682121538558	9.5810117149309
7.13162943605944	7.20890134678472	7.19603382261752
8.99013866647369	8.9200417170302	8.89081864258074
10.5676970546606	10.5791500386072	10.4544053788116
