k4_temp10_1	k4_temp10_2	k4_temp10_3
4.90072799263731	4.39029768500806	4.72887231533229
4.57946094762348	4.39311012071737	4.46817581009266
8.99574867702979	8.8964574278508	9.07397863018516
8.72325499506892	8.75222951321246	8.59651309570039
9.50449417028523	9.47999927122129	9.50972122065351
4.73900906238582	4.84187834294196	4.81413039089998
4.85609898185888	4.73694327393029	4.45731217502669
9.91703954831611	9.88708075931289	9.89679702461276
3.7907329045415	3.96165618031995	4.31682417473062
9.02277931924458	9.07458169311739	9.05162334203209
4.6631750117841	4.91967340930992	4.84445318913871
8.90662604369491	8.87836944065383	8.93217175173752
4.30710517293351	4.55723862733586	4.28943546211221
5.05989993982379	4.8619734347268	4.87587918431711
4.66101518480834	4.51159681186846	4.65074701288333
4.40363580246158	4.32982914248637	4.50577378111517
9.05175703661951	9.05898864302259	8.92746902046185
6.47835418992987	6.6397153647878	6.48347211438484
9.68126946296093	9.70428756250738	9.74515550932378
4.62212139500568	4.83262125907363	4.54535355198468
4.90390038318929	5.00071220576481	5.00692235509305
5.08133194538189	4.9456050342393	5.28422015353238
7.08101114279603	7.08441340848752	6.99541517167403
4.59665544235924	4.93052381654552	4.89332894703274
9.49618546824488	9.45273358848896	9.4927052563335
5.02158634364053	5.12501760173084	5.15325354757721
7.85693476807613	7.73164691468008	7.76196770720171
4.73974361491979	4.8744983558524	4.98734040554656
4.79956569527918	4.73463062843901	4.91256857248886
4.78848742960214	4.78169109185663	5.10038417639333
7.6251161191399	7.48901344015964	7.71571080138147
5.2038612766116	5.00529160316532	5.41314019536361
5.4974994722212	5.54831757330933	5.37200439917499
4.53886423032931	4.51182526781004	4.7279876476428
4.55220322564847	4.68911900857904	4.33365346561237
8.58620355967536	8.60433296327886	8.49915115634133
8.01480831710407	8.08837130041555	8.12731436742346
4.92539801992937	4.89531517122809	4.98841857241762
8.64012567247628	8.72928960378976	8.60896721191438
4.42118719788223	4.76255976991195	4.63934125651714
9.26637278823793	9.30471563857093	9.33690533898007
5.20333964259503	5.15148847989316	5.1135034961431
4.75189089124481	4.91879034641344	4.89404740754808
4.45065481753793	4.54137834459029	4.5800826844325
9.66066853578513	9.67164060334675	9.55534084540399
4.79779189794412	4.76191011103236	4.39044778072648
4.10932624036849	4.31617798051355	3.99870578290247
8.24822036908379	8.19622329972951	8.18002815470411
8.36583990385479	8.34303709905096	8.27316853507612
4.3240005817649	4.40945699467999	4.53070821211645
4.27600690927713	5.00726825786537	4.54472238714798
6.04339314364815	6.07749967973864	6.07435850755841
4.45219083774707	4.67419980807202	4.87215819334634
8.85596086198162	8.82191545412081	8.92157307400667
4.45083784598553	4.36057767666678	4.81111953304463
4.34094695899477	4.48426038241181	4.61501560888108
4.89267261989309	4.75632744953075	5.21368926187677
5.17652151524982	5.15984179082761	5.22582749491128
9.50014518603696	9.52632801986659	9.43489578597995
4.35856540524332	4.72556071636283	4.77070219529975
4.09079724741372	4.19471516631296	4.28837746388038
2.23418524146474	2.92122810977147	3.06093979613712
4.78663011848131	4.58025647770407	4.78226361073158
4.419217973566	4.52844468782327	4.33280792508086
4.04924725556483	3.8969140792977	3.9804908157553
9.2403994598106	9.16928128824827	9.21228798182339
8.25349483103871	8.23065651723476	8.16935053320674
4.46500746114977	4.51355512839087	4.42890424478752
8.16457839886868	8.34326530524209	8.23045972493544
4.78640429142531	4.64773421070862	4.65173423015665
5.52566364562849	5.251572692562	5.36242544983128
5.06171855289394	5.12489392708268	5.12897033916235
4.5944931397371	4.5259900312199	4.69545812347875
5.01032605612958	4.96908432020898	5.01627868641902
9.00203642530276	8.91585017112961	9.06693552990783
9.02932718081188	9.09445659910352	9.1007234125195
4.49321770622456	4.13784931423314	4.44124323449468
5.15398505904916	4.53712276852859	4.68667673601011
9.23167140217511	9.22405627688512	9.19058095633411
4.40346005055711	4.45554985719088	4.33259487026798
4.23943141323999	4.40964815512095	4.56711908746056
8.58074393301903	8.64071907313931	8.55506400077398
4.43457884271548	4.24517098391092	4.62622802115407
4.53912745838936	4.66201010192036	4.6508520143214
10.6629662183178	10.7117390911511	10.6149956144113
10.1718328929606	10.2625133615236	10.2996138072983
4.20466958890626	4.58427299918844	4.54314939420839
4.56461002869606	4.45569127571583	4.13581788294377
4.20261276686311	4.44196768103987	4.1350620876686
9.16124218874478	9.12585386590388	9.23973280624794
2.29765049804157	2.51993254582956	2.71673738316393
5.0916312581468	5.13289073484388	5.25560780702708
7.53617903937418	7.55046565651541	7.58308740205186
4.76234616479951	4.63457919025368	4.68540206104496
4.98833467291485	4.89666753064235	4.72071534628416
9.61083939264915	9.53162387150197	9.55710211201156
5.18610546653529	5.32244453534735	5.19582867985666
7.7330161238646	7.73710572711898	7.74576925801608
9.88573442751176	9.85992898840594	9.80250200065326
9.26032794213402	9.15037641247406	9.16924071136984
4.71396989977485	4.72284421751289	4.91211193368814
4.64887012178428	4.69931384520615	4.72910168707004
4.28889345277704	4.6666512097201	3.78854952123296
9.73754607711043	9.69974964475892	9.74895303321624
4.09282269410883	4.50026502603037	4.51795738247516
4.59455010848302	4.37549206393736	4.86176565665097
4.74958632921914	4.71274086454777	4.45682952668689
9.4577892340103	9.41470751986591	9.3749148594894
4.05036574822985	4.24888394113658	3.90660440466357
5.32557586513154	5.31091228204596	5.4234074181359
5.0520319412107	5.24990803183489	5.0793514794212
9.8731084651051	9.87695393566735	9.88080886716288
5.04090974898649	5.11752313550883	4.89670703394474
9.55728051698791	9.43370499442214	9.6880949702254
5.65206363299699	5.82776935019584	5.69306046229072
4.59223527797758	4.49992930427741	4.10312185087345
4.89132406861211	4.74667784980353	4.84472932198686
3.69037605718336	4.02524295841302	3.74617760514349
4.12679283003403	3.98271094078924	3.96239470177467
7.38587263632006	7.37042945134793	7.55327102681849
9.42472029450536	9.49280383435165	9.43128984173042
4.76147711053556	4.60912212622569	4.46947856365726
4.42913401632478	3.78151342293412	3.68093408409401
4.25460752899366	4.26486409394589	4.1348429654285
4.14725631954828	4.48759294949299	3.90691292752068
5.59868903102239	5.98646501092253	5.7668216415072
5.66500796916848	5.69822833633087	5.71961243804123
4.41744826799575	4.04194820444249	4.34587399152173
8.92361031158589	8.89870537206666	8.87044740493605
3.96939698578908	4.12156018995535	4.19787468854986
4.55362416553903	4.55349450637404	4.86227022966341
4.4209741171085	4.81055994358524	4.53220840443186
4.67652916600187	4.99292391758747	4.87457897886602
8.86883127997889	8.99784349188813	8.83731909254702
8.02892079276795	8.15395935033049	7.98566909939774
4.59611384526798	4.72330535875661	4.94924034965157
7.41590983907248	7.32044854156082	7.32066533727866
3.8810080956938	3.87496142315666	3.98051006691335
4.69933345814139	4.77485318634384	4.30575930022846
9.15757747903732	9.16406310265468	9.12965178328477
4.77647482348623	4.95036291064568	4.93248650300243
9.2753863900476	9.34683812115206	9.26761331937225
7.78240444387091	7.84225370312421	7.81696617424727
9.40202063607193	9.39201197678402	9.39589718615586
4.10966614937148	4.15837442011654	4.24391504473287
8.15000616832536	8.14122012748087	8.03504085219116
8.870981342384	8.92800805770266	8.89079655272285
9.7754153441824	9.8226836532086	9.79009655520367
4.90185210779116	4.73530962753762	4.6975460808121
9.79223695702193	9.86112217949254	9.64507151116804
4.09269435612782	4.66546289233652	4.31810447733035
4.92509967311683	4.7328437459069	5.0669058233968
5.12051152882361	5.24877610295664	5.14663755356392
5.03049805078436	4.83813892494108	5.0851650367524
9.02366287584966	8.89206844108521	9.02485947155183
9.26766672340143	9.24301573925852	9.21057409820332
5.08017509912437	4.84935162122317	5.05116963318832
4.6226297734019	4.55255110442998	4.96707353603412
4.6464478753958	4.45466949788553	4.30457071325851
4.20267750976396	4.39561449908705	4.19851748235894
4.62052370669023	4.20887303449336	4.72726174165986
4.84628222705568	4.79468893041078	4.85470929974561
8.52480319343878	8.51855526824903	8.34368291440022
4.30680885514727	4.37885279823108	4.38780675218677
10.354868891822	10.386327215472	10.3923640259648
4.33906680588519	4.34732083941715	4.24455569036262
9.77505908559124	9.74627584953838	9.75239577935201
4.62194237287478	4.6999819199724	4.62831192780738
4.23937374531888	4.45551413283629	4.50568107074342
4.52624376385992	4.74822676775556	4.94904558975665
9.8285475559607	9.77693274513306	9.72187105336365
5.51824222886548	5.41365880413849	5.13470304432706
9.15874426460935	9.22555882129314	9.33164628828243
5.27208820635452	5.14505689425033	4.70169873765078
9.06216452286888	9.06216100664678	9.19780320099926
9.66999371528886	9.71251858815772	9.5762726192388
5.00981417566814	4.91687698497499	4.92411512290605
4.27337440066115	4.4856404346858	4.34646356843067
3.88286535609274	4.17765316206888	4.13440518665939
4.38791284677062	4.47044656948172	4.3467023183874
9.31828220771448	9.3454496942861	9.21934268166438
9.07836732749179	8.9885300865486	9.00455490290066
8.57537612170215	8.6703923238754	8.58982343873547
9.3259718000248	9.26666714039476	9.271679930094
8.01882156869488	8.01579975875294	8.1368304815114
8.99254503820319	8.97259745045387	9.00333504557144
9.0296211433571	9.02020114350154	8.95854729750178
4.2868569583846	4.08326526074981	3.84850745256914
9.81091046830172	9.81391980569498	9.72912432564398
5.05977659300277	4.97074721775155	4.73231663174807
9.91273965547766	9.93922838063272	9.93714066868569
4.70035683228523	4.72447499771996	4.64023972548013
4.3882324938575	4.54261381301202	4.36084921290643
4.20302196881239	4.41089463158975	4.27422820519696
4.38895293324753	4.43918468737882	4.66096760197755
4.47965506680327	4.48459523155045	4.40206204818389
5.30768169751349	5.11265564115126	5.23414840022241
4.22022599327874	4.5015503197483	4.03432693216847
9.22960332669605	9.15670406641279	9.2369835966668
9.64891223154456	9.66886374624433	9.48414725014939
4.49424039737828	4.43981375576339	4.4154355578761
8.94440717632216	8.65985986826505	8.89903580512414
7.07910430174463	7.05117973991137	6.91184284662693
8.30052958779509	8.40267623427825	8.36433966087795
8.21335383961913	8.11366469146635	8.28203352179609
4.3075520208196	4.49961207223192	4.46772412149076
4.35470786493274	4.02177459597702	4.42755563445342
5.4591670741777	5.36766424783355	5.1825813473591
9.85920766741332	9.8227974069596	9.85144419510118
6.99055318277689	7.11198342410904	7.01129055159183
4.1289025629205	3.93877018975987	4.54170302626023
7.03317005326682	7.11161864317198	7.19793405125473
6.21846959237991	6.30742869453797	6.23815394029817
4.60840757741245	4.5815001602445	4.72850010431304
4.95730743584815	4.93924518995616	4.83598971312528
9.39462310773585	9.47504983384356	9.36710991051485
4.26980996039548	4.15932483168313	3.74612535823162
4.21802531138131	4.10270659922784	3.86812226962045
4.28985582427421	4.36320356019251	4.34621318303057
6.08803929056672	6.31959129347625	6.10628594886262
8.42293863834263	8.50729665317695	8.38553072182339
4.92467038577281	4.87448199379914	4.80497634817369
4.09032540277135	4.0024341770559	4.35932623901519
7.92210022318306	8.05901843204403	7.77697701370193
4.67620556229213	4.86422564487348	4.91259978820877
10.1385968624082	10.1022274844316	10.1331519393783
9.24555008804594	9.29463554524323	9.13295426422204
4.64762292892024	4.37601388034132	4.70611313802417
6.24056643386602	6.19844496349329	6.37377940960379
4.56367096049557	3.98020577388421	4.3599855595361
4.50681554544013	4.51578750073462	3.80916691532305
8.6116051955784	8.64268511632016	8.61795039112894
9.50778198048783	9.48139369026013	9.58053704736943
4.30641276105024	4.31440595616173	4.34615671501376
8.75385208465444	8.73990782975335	8.7575374731626
9.0373898947595	9.11410580736774	9.07599627947595
8.95100003033566	8.92886856828664	9.09468369064661
7.50096552717569	7.40554498217667	7.53189895218181
8.74307290040405	8.84492724057825	8.70058571658385
8.32925320926189	8.45422834007015	8.3025158916797
5.31754565843445	5.43568724871913	5.38325554724646
6.20050584558053	6.24246100210664	6.03083692164982
8.7284753694257	8.74443570671671	8.64224750377778
4.75051569588909	4.69873071283783	4.72953958455351
4.73732446406753	4.58147288528391	4.6049449832228
3.01686102197365	3.26964866061216	2.91206780549916
10.2130153818739	10.1691777539776	10.3199502412791
5.14818192686229	5.07690664885798	5.13744567977445
4.68949915677824	4.98231824441969	4.91325758954011
4.96916855954466	5.00956503921672	5.11935359873597
4.6068943177878	4.42387256013673	4.46835290712547
5.47516419013468	5.48516381101751	5.39215397884646
5.51917386612932	5.24063315812834	5.61475216541442
8.1451468472636	8.14294877943108	8.10276559301594
4.29108084220844	4.76484902363613	4.27521391566061
4.66375784128409	4.94015341177176	4.98728868352266
3.55495949968845	3.40007355072511	3.8294681883804
5.20308305002438	4.99704413991047	5.19360234679353
4.64783463364961	4.39147972407466	4.74939810254489
3.24351636249575	3.54956033698512	3.27589690129121
4.75103546466537	4.6331882979448	4.94020313011098
4.43287252071769	4.24691782016255	4.16724111908183
9.07387384935994	9.07403301256705	8.9873117297297
9.63557716538926	9.54376515372073	9.72438740076826
6.45593211644132	6.50323360766955	6.52049002045009
4.68694404054891	4.67485949877929	4.50772168979641
4.62390988833828	4.7946526415943	5.08276538961881
4.49575509638001	4.55452715286454	4.71713961439471
5.00822244418945	4.37234472485322	5.0219727488392
4.97632066180277	4.64732346798301	4.5337227061545
8.52262514018693	8.23484890578352	8.50274163455697
4.59305150126328	4.62454097841017	4.19990917567125
5.90518896205526	5.53947608881151	5.73188247465052
8.03318102210775	7.93988033292273	8.05704863589977
4.33827716995913	4.26463088416349	4.11865873623612
9.13021444693704	9.01942208886978	9.10847097416093
5.08894783130624	4.76943815470898	4.85579781414186
4.92586130157692	5.08977440902108	4.92462341123506
4.25337870772977	3.982019321224	4.10170321417711
5.1027146704449	5.36069100795133	5.448749472995
9.19887875309288	9.16772106509812	9.14246566754777
8.9129849194211	8.95254170157778	8.79008338568884
4.3587570425937	4.64866653901773	4.90077822295143
9.38395452525649	9.36073653671506	9.37306021126238
7.90329807478688	7.7836699014767	7.98516778015707
8.50080411327801	8.50881850893048	8.56023206802029
4.05208430019567	4.41172891269114	4.18266284635583
8.62921644747127	8.53322561141356	8.4584455272696
4.36847081310719	4.00304122855469	3.86814613933926
6.18692943555598	6.12316942093778	6.22580434258975
8.76152623372952	8.92201699145016	8.89616164925495
5.17649356932855	5.22245414829688	5.15499478166913
7.1469290917239	7.22265366263972	7.01618708277344
4.41445225542175	3.91867195350811	3.70299126069308
9.29507401515991	9.33945018934917	9.27913055583929
4.59443395172143	4.55436336066901	4.65065935200028
4.10709884158418	3.8519595684917	3.90649641918993
9.04355067182475	8.99812408957557	8.89966833512273
8.69521610161367	8.71694801739406	8.64745350496755
5.57681964973886	5.67700151119144	5.50873949526337
9.76018498971235	9.73644978472667	9.78307036013878
10.0031792292696	9.99143945500607	9.97503410801743
6.63640524784383	6.61289390711125	6.60153519649822
5.20483149928665	5.35268595799135	5.36051273373068
4.6597573700643	4.45435332341869	4.36136597256431
11.043042715293	11.0604653699532	11.0339715577361
4.72639907794291	4.95242549477232	4.65279444018825
4.38884126152459	4.45443094777488	4.61507058250417
9.16087351722643	9.15407754302137	9.16431293286364
9.17778689368446	9.2250619165702	9.21822648728901
4.82409485086455	4.91761332548539	5.00599141090689
5.30959072468769	5.51484822334027	5.43189988466099
5.61100154720149	5.52395257566196	5.59472677587271
4.52297248356355	4.37788540060244	4.41535577891172
9.8936317788224	9.95373507602196	9.89782098386568
9.73223761814805	9.73052094220324	9.72021625769124
4.42006500549052	4.45418527805101	4.63831871200573
5.14992882849856	5.42302847911607	5.31034247390747
4.40494821672611	4.55533236150379	4.63858051281287
6.00234218931037	5.95979403024591	5.8518456005108
9.18037625219497	9.10747325315782	9.11734572784634
8.88272298412831	8.86521155619898	8.78861456886283
4.36972194248097	4.13961316164848	4.05132367560606
9.29142857677197	9.3277437817519	9.17242041262648
4.78664635530605	4.78484805921806	4.58220540342615
9.11214316597439	9.06717032999731	9.20630346751503
5.16671506385976	5.2326944774264	4.97368869433362
9.04035072131874	9.06622130033849	9.00664712400931
4.32262044140494	4.28111125712447	4.2888827959246
9.37701019262794	9.36433955026694	9.2873129628156
9.18418066139879	9.12423776529586	9.2573274725113
8.73766291493643	8.80485977584449	8.57775224114235
8.98514779568828	9.01511935871372	8.89807754313932
3.87876170480875	3.60384870334072	3.72502873687283
4.59488920923344	4.58146005458352	4.74990252245371
9.24499376137226	9.35093955036474	9.21093889423437
4.0481068443164	4.2149993216969	3.38651399259919
9.8729148148246	9.83916057404541	9.8711978877855
9.32395757841058	9.26331475537324	9.39850262201696
9.13563424160942	9.10049836042055	8.97437632251464
6.4332135239511	6.1717455600204	6.23976940387635
4.66281389490057	4.72297593207185	4.9402099157737
8.07391209056078	8.0432536031262	7.92725780389654
5.02748573653179	4.6344407499657	4.44449792190594
9.51950020633187	9.47983284199301	9.63999491026554
5.90495782904399	5.65431802112478	5.49967028558783
9.31322465906074	9.27736221405098	9.28259071873262
9.6011489574867	9.60823826791938	9.63802489591367
5.29956306287729	5.24696413132172	5.18022312069061
4.2025394086414	4.29844427868868	4.25920749031249
4.82278411698935	4.78355266887941	4.77283938349015
9.29617882907187	9.18380962867369	9.28939536595157
4.28965331587639	4.1383232065928	4.51759976889535
9.71916345736823	9.67130577154152	9.81446645196462
9.86734479374178	9.8613829679506	9.86706705099021
8.82354827634308	8.81238111006178	8.71322749398634
4.16773780548658	4.61242609985261	4.31815736484901
9.71483733702966	9.7552711227909	9.64851990476528
6.05315080458443	5.91791913145788	5.84683774916515
9.2368728157096	9.23756016269433	9.09008301461607
4.84555948639816	4.77207623895386	4.67516955683736
9.25161620551973	9.23953935027932	9.26447579026945
5.11896691488316	4.92611400899917	5.02552824735337
9.02493093118694	9.0583713415718	9.00087676312259
13.3056855736112	13.3467302789793	13.3406454043163
6.06338326596186	5.97379129813594	6.20842491043222
12.3862671409251	12.4498843154297	12.4173725635284
5.74736991472776	5.68627887151662	5.60449089341825
5.65081916149978	5.40012708356336	5.58166037155995
10.0190160086811	9.9074191649394	9.98557707313375
4.60887308177124	4.69948176844273	4.73970199336973
4.07019082692483	4.08317239412382	4.10164348089818
8.38319766116401	8.34798576900087	8.61221828909895
9.91774117063909	9.9219652296078	9.95607809654087
4.38490127267015	4.19520842223081	3.82876386876002
4.40397825361871	4.63821196130788	4.28986287167413
8.90593218227129	8.89234558690657	8.92233206898576
3.92303868689597	3.60364979544082	3.80854357123267
9.66576082536715	9.6500510670871	9.71427191788843
4.87134138340235	5.19920522705047	5.08637267994927
6.45968600550406	6.54696946602589	6.50815441557931
9.58194967860028	9.52429298770241	9.59255747959746
9.39481670209685	9.38047677699718	9.53542210549032
3.98947486542378	4.04399285310892	4.08490054163455
4.33987803433547	4.39431849782032	4.41495524986203
9.16166363159444	9.1118103404888	9.15283963082302
8.93005298149767	8.9758508669404	8.8473793087202
9.50352259318433	9.58219417107803	9.55010130556018
6.68204160382438	6.8312550598332	6.5294952677164
4.92610891856853	5.05027975850573	5.03395602259738
9.9971795237789	10.0011808927161	9.97247065452297
5.41360483535865	5.3747888622265	5.29749366224181
9.1321307367778	9.153549536019	9.20517875379144
4.30704784616518	4.47071286195707	4.36048130979844
5.00986736215345	4.97001149811644	4.88598133994175
9.32272764009692	9.32694231415452	9.3891499322723
9.57271881178474	9.60425121341963	9.60851581057928
3.66133840349671	3.46161788826211	3.5423910959396
4.85591721077511	4.64819863719299	4.49559911860719
8.79414569222843	8.8744101821654	8.75275682189636
9.9576897514067	9.92756281290577	9.99792640354383
7.54644123701854	7.65449042845128	7.57978213957129
4.56730231562337	4.71285575799923	4.61652755891865
4.81162376137492	4.70924838319685	5.0048845741519
7.19651824863566	7.17797703993484	7.25024735701639
2.64959620490973	2.57732842793858	3.06058653943327
9.98903630190311	10.0209136580718	9.92720500772607
5.92247530828919	5.97182101280189	5.79303262266509
8.07807030615892	8.22099806563725	8.2766229188467
3.76486849909982	4.02502890357942	3.78792289634807
8.29683631244256	8.41126285427628	8.23543432615553
4.68828653096703	4.57970803808249	4.97661733860092
3.83452540390364	3.68295545242492	3.88757007942751
9.77101475642209	9.77467036520034	9.83133492321309
4.45026933749669	4.42402293924099	4.59163461902451
9.31669969500285	9.3018564068408	9.27802972874436
9.21268151397028	9.21700721251448	9.20200991673572
4.44878024273331	4.70399960443787	3.90778286981863
5.02210419977983	5.24073824112001	5.18612010243701
9.2958249965372	9.26861234480718	9.29178322342734
3.94692973676771	4.08397617954523	3.9064891468071
9.42544811106244	9.47059112093453	9.5081383982712
9.29960454129446	9.37519128430215	9.26729355074118
4.93369257017442	4.67362908733819	4.49601490079956
5.93335040871582	5.92515774704575	5.81897275971947
8.76395066569319	8.74457369491796	8.85114803351864
9.71803349157264	9.67386695826734	9.80620922482359
3.7411093135622	3.91944787849387	4.03362568506635
4.49798554457068	4.85330792666312	5.03940406407165
5.82642294822869	5.99239338509368	5.84953128563456
4.28877284139708	4.19427433777877	4.22906619766779
5.34196877918222	5.26087620265905	5.45657021073283
4.27209647984463	3.93825387595275	4.55411989292216
7.65003347317481	7.62684351164061	7.51836106316541
9.6354940246589	9.71101155731286	9.5808559111064
5.15744512709965	5.00751824598383	5.19337515085469
4.7115312304198	4.37631225692238	4.58037424707987
8.35090444019102	8.40287346099161	8.48135736400641
7.98462589763173	7.7917441501976	7.91551116711571
8.74300071458441	8.62107698183262	8.94194780098009
8.90549722824893	8.72169877071466	8.87333984914696
5.82606490508696	5.77254115708659	5.81501202852179
9.20642886600688	9.15407375987481	9.19069637964334
9.11441172121717	9.16145732623042	9.12885266612827
4.08688228417598	4.04516949364237	3.46598175535018
9.89321977596976	9.83711618727773	9.9305226634913
5.00930308639778	4.85128207657788	4.84584371270107
9.84136600767007	9.81175178280748	9.87015135028366
9.90297637767159	9.85937836173547	9.81508072902222
9.62281497742407	9.62603359731244	9.67761227078971
10.2952071290771	10.2700944039157	10.3166379705667
9.4697285245209	9.45007245198101	9.44756519246594
5.08159810778148	5.15216192646332	5.15381666930889
8.87449362608823	8.88382171843445	8.7577897022827
5.07270698650876	5.23901985310032	5.33720171229409
4.76474459620327	4.94973654255111	5.04122634176761
8.97714984838584	9.04037416841399	8.94272808219717
4.72544781324806	4.69938401675713	4.64023972548013
4.97745829891769	4.74671835036568	4.75225167408743
4.74900516178125	4.52628989138813	4.48199899796645
4.86834345913804	4.72306377809351	4.71930197889969
10.2253110192597	10.2699904264654	10.2633549457747
4.95779178345524	5.14686311928133	4.76486570156414
8.97392840978122	9.00747680652047	8.97553543483559
8.14894210118015	8.09789209496685	8.053918581134
3.92142021956011	3.57673380098187	3.46658822302094
5.99695414532755	5.77545908502504	5.86415709344048
3.8594912266202	4.19643799847142	3.88737972519692
6.44461102092613	6.43412897250325	6.49525680062457
9.28078027732087	9.36059176442403	9.20893629834149
4.16543665106633	4.15843825927159	4.16672363208565
4.27366341955623	4.45558091706847	4.45456670925824
4.86952179526492	4.79375022120928	4.97849545535203
8.16081788877661	8.12828414312907	8.22728854026964
4.52289264632855	4.42476584563653	4.3469169264744
7.18739459580117	7.22774921583566	7.23856536083199
3.88073599945005	3.94119499066651	3.84841322578577
9.41856420269527	9.40306039021893	9.28607371645322
9.58738416459179	9.59326835115426	9.53256735337196
9.63169080344081	9.62307516016606	9.71033052849194
4.82296313789168	4.68455605490409	4.92194270367774
7.658968285757	7.71118267347485	7.68874581933976
4.55269106517399	4.64968244786759	4.50713483436215
9.04458545599601	9.06452588237871	9.0247144218057
9.21612516267361	9.27730877557512	9.23050819278338
9.27406991409196	9.29418274318227	9.25847866930642
8.93028929158477	8.91435533897451	8.85258768052402
4.24051133682588	4.75187112867693	4.51901623308002
3.96879139864922	4.08347320831477	4.08490937730379
8.7689517884956	8.77400073022662	8.69485823429307
4.7398032969893	4.91844569184579	4.96011666853729
4.63311685076989	4.43975684143446	4.28994107057467
5.11193665039821	5.23770015508683	5.44777699723743
4.72760629760945	4.88519366158794	5.05807492675754
9.00261862011801	9.06746451025834	8.9272324148081
8.9082116439979	9.03195713790609	8.88347807683198
6.30907295959059	6.23741782762159	6.23055194473578
8.79484761677969	8.70391083744683	8.9303673510169
10.1180486533428	10.0462239536311	10.1323532468331
4.76433584260269	4.98196067103991	4.89442598483757
4.24001211027428	4.48456096574691	4.64930269516045
3.78877941747807	3.89762166789461	3.90655762215146
4.63458354742471	4.54045090483797	4.59259527880177
9.09694040354484	9.12746817593431	9.26325280412139
5.22032985663443	4.9672918603756	5.04403940865911
4.18477008926879	4.29830397679136	4.31757687035046
9.98779342838069	9.9495299766822	9.99001424998925
4.80127000764211	5.12783563717927	4.99807815012061
3.58298606568811	3.7092552609171	3.61353099755243
9.04738214046353	9.02581263714604	9.12721928090497
7.63667515550332	7.66137864118981	7.55272650547893
9.66622337986642	9.62863071041848	9.60375405257846
5.0911556285748	5.19774713038915	5.05341463813954
5.01149157535282	5.04782755672242	5.26953677052116
4.57986283006432	4.55554713645526	4.41604426423226
4.11062867087383	4.36402181490997	4.28865671623358
5.57682816667791	5.55832207974083	5.63059245730438
8.9893561549951	8.978569944419	8.99768906011548
8.82918844226612	8.83554124449018	8.7111219864186
9.03338835828782	8.99334195081806	8.97387762145428
10.0118501790334	10.0098276169871	9.98745193367613
4.18341919611831	4.24820263738181	4.01643408139978
4.68879247941518	4.85333272969352	4.84425509714934
4.35671983134308	4.36182965142423	4.62632126646388
4.90428407902712	5.10831278587215	5.00753944908259
3.76616900360236	3.89699064035405	4.22842187939651
4.6482544841304	4.53974523380092	4.71764654678865
9.38059512635547	9.37204526150465	9.23422677224729
4.16586042809708	4.33214066069137	4.10199312695866
4.66158374334117	4.88929879544344	4.43082739649617
9.44680370767195	9.43578416554408	9.4497590576896
7.5199985814207	7.68668158760786	7.5017483809402
4.82323419862279	4.94070288922538	4.74175018871863
4.49399625807322	4.49957846652699	4.28974603645166
8.23498773062656	8.26522850848019	8.18825741441669
5.4219980024916	5.44894997709983	5.43233743882768
10.0657070440014	10.0934443372236	10.0212199797056
9.92385008707109	10.015333699322	9.82368238479244
8.90232551378717	8.94654679928809	8.75836056154309
5.07016531109805	4.80364385686156	5.04213684811982
9.02682547081807	9.08074219534574	8.97178196444267
4.72435124979263	4.54049215587347	4.49471836649103
5.80254669769582	5.88547585154233	5.74647277562288
3.99150201389255	4.2988662957932	4.34558981853129
6.88887501958438	6.89711007165563	7.18500465833205
8.79037275510875	8.94622407770408	8.70697304125053
9.33575284386753	9.37898389027036	9.47485312703544
5.12891026773489	5.1443486369123	4.93564039633034
9.81887591340002	9.77796531487676	9.95796584910956
4.52238980146132	4.34645355621716	4.28944627567775
5.1855159867006	5.22265655372209	5.12221983856737
9.26223871457166	9.19717824099846	9.29650388048381
9.01803125227536	8.97782952635565	9.09004041981171
6.03836100559499	6.07737403781144	6.08752298130391
9.46057036574911	9.48193350421114	9.41916273177819
7.02453726939299	7.15522226212002	6.80548443387656
4.62005092503452	4.37740771049243	4.42896174778817
5.84933436083974	6.00507186396194	5.61653712658378
9.03015764713173	9.05492849994383	9.0905057981067
7.9082320165383	8.00757976192188	7.91581390840008
4.32210079872362	4.28158905718514	4.15113836791548
2.54031755245766	2.63134658548161	2.67060627335499
9.80926137336545	9.80604872873941	9.80063464945789
4.25292357423716	3.85108290147794	4.11811615345529
8.81442081621983	8.76595002411467	8.87852312731123
7.81017804302924	7.83348758000732	7.895334102631
7.69287122035513	7.70712431363606	7.62638801357125
8.53479637178751	8.60097449771599	8.41189041572413
10.09759236489	10.1357703356802	10.0521098414489
2.93077675736425	3.08649923597134	2.47460944367239
4.72667685961681	4.81870163136242	4.8641277932867
4.3398359941059	4.40996076123818	4.38796088493039
9.54765367773023	9.56219217674647	9.60422071835077
9.75253956567934	9.74712943037766	9.82810528690276
9.09731600380221	9.14616662506473	9.15494828720365
8.44969665542328	8.35208454350733	8.67687132758287
4.95804926873263	4.91622286982934	5.06812716575542
5.399929642653	5.75705106005134	5.60100504959435
6.3873616798375	6.16015656811647	3.92702132295961
5.71211713422143	5.1714818325668	2.94749290493226
9.90670431859	9.83717448187614	9.93448300950928
9.78192569942026	9.77033115354594	9.87216630448122
5.07133641787694	5.24233085831747	4.93590147771265
9.46644494039684	9.31588907961686	9.48725218687646
5.66375899999185	5.37764022344958	5.52557787577598
5.25609786255561	5.12372833015396	5.07988863325238
9.31755999086651	9.32601806825089	9.41677712995695
5.4906384407885	5.4005516433793	5.70274553288545
6.87354224642418	6.82459425475596	6.90344450082047
6.40608501683906	6.29625462387875	6.47108898886932
8.2945674389134	8.23999778036402	8.45780743839459
5.88344845735883	5.64860007525444	5.96356107970397
8.63372601007615	8.5531861310403	8.75016939291484
7.93260032028702	7.64692280382708	7.86625227748361
5.81470079481316	5.81544488576615	6.04352187062603
8.78754173056151	8.68546574975993	8.7640677626148
4.16530655552581	4.44299203414274	3.84871651566647
6.70145316993132	6.59522740685362	6.64008970961584
4.4180491089064	4.36332383927627	4.18321396782758
5.90612613186066	6.02527743633515	5.88189179433041
5.97058406543195	5.74767833329389	5.77959492167648
4.97980737958367	5.11687507543695	5.04345184357501
5.11076486412396	5.0761951517451	5.26288335947737
4.93680659045893	5.09908043325486	4.94358277647515
4.89147653057644	4.82954358994906	4.80458516929527
5.4673194546491	5.31745501668087	5.43825314590807
9.23944212988789	9.20737939231608	9.2752502168987
9.22207092024058	9.07217371819622	9.18264522133109
5.05029895821252	4.96986220486182	4.86660395007467
4.72300392394153	4.20963841189486	4.45507587117912
9.41073540271779	9.33278108051167	9.5418316587316
4.93386777747083	4.66040798234205	4.55815445206595
4.86935369510642	4.84059656014713	4.88454552796073
6.58579107207717	6.50752406378086	6.52673895823052
5.98628996614449	5.74826026502418	5.71937945208174
5.09201995447437	5.35562619701928	5.14720824629083
10.3068196703363	10.2241628528511	10.3129093083325
9.99176064593576	9.88483782841328	10.0007610590585
6.70768999365105	6.59711076592689	6.70372274220694
7.44819864528488	7.21028296787089	7.45284425624227
5.95517916923639	5.94712631011709	6.07478450803147
6.03311484064911	5.78928358257184	6.0778419365625
6.53318429310972	6.35903996764828	6.49892802636658
5.46699991530499	5.26030634980796	5.38996933512568
6.31741100322893	6.30589545279751	6.45911790907627
6.06843640240987	6.26062527603336	6.3120429198527
9.81721609066808	9.8006219591918	9.89540019695602
5.40727413300474	5.50432162899777	5.66891807723222
6.08315712330318	6.18606331193169	6.24496165745431
4.76393469787235	4.91902689283431	4.84495441818138
5.28218705309645	4.79843513998878	5.49790525160361
6.20052887634792	6.25735438955874	6.12893739642886
6.14998348092199	6.06199284613858	6.06268691193872
5.02122008728483	5.0289830978401	5.14449612844568
4.62200249544286	4.59492674453028	4.7500518956934
4.86866554767084	4.53698544471907	4.99532985554342
7.96059605734517	7.81778032627937	8.054874761863
6.82831964628343	6.67471059211109	6.90188211700937
9.68110090206983	9.60989958019348	9.7755061870118
5.95491095220433	5.80940922024318	5.93356509389228
4.75175775441122	4.77063908162244	5.00489220770945
4.70213536578661	4.87473966617826	4.98715332331713
4.35584873252013	4.37871208394478	4.37421646794414
6.87376735018085	6.77263526643842	6.88931539562717
6.22728030808985	6.21475166672435	5.90616266278711
4.83549124417054	4.90707241560696	4.95127411668305
9.25789737826081	9.09487373013182	9.17400839878
5.02072544589637	5.07931679263068	4.95328023523894
4.43074430505489	4.15902455897288	3.7031118991323
4.6602449619667	4.2438217319467	4.70572787966507
9.61832174514575	9.54795608030025	9.63389666545445
2.9767359786497	3.30360547145455	3.02128883927285
5.24080559792547	5.50215844528866	5.35503070843446
5.80869019295595	5.89963042235326	5.88337731627655
9.01986838513974	8.8626668521232	9.06612883904637
5.25810790071186	5.39052213187056	5.42351120477723
9.73822535591357	9.74150326188943	9.84361055991784
7.51402224407072	7.24285465444044	7.55495689455118
4.79968570075298	4.80656356714897	4.87426254109711
10.8535124824082	10.7607931700309	10.8838429753303
6.36243402012151	6.29975753573432	6.08048619541492
7.6932850696061	7.52686327886978	7.68057918022529
10.2387729400268	10.1641039578625	10.338915153625
7.01698904730756	6.89717708359873	7.05074986205727
4.93504722547577	4.94084718209687	4.60733723013191
5.91682301560956	5.74091564227225	5.89757304118211
4.35353190126877	3.96048120978958	4.18249746761186
4.49285501187598	4.31437917489589	4.16746433100159
4.08914264583055	4.21383339551539	3.84847588982303
9.06479859999136	9.02008057476711	9.04669172579067
4.83462767192959	4.86423875081293	4.75212495528841
4.37187150279021	4.52904119248087	4.22987933873258
4.55459939092276	4.71096658439654	4.97660681565031
4.89319161715824	5.11784845737033	4.99854637795902
4.33932843833239	4.24638627449455	4.41460198355624
3.17070556661897	2.87732269501716	3.52074109279366
7.73680851593884	7.70587686159614	7.56138721434631
5.13987266763015	5.23022438749763	5.29402748822972
9.00590729762002	8.92597342797373	8.88819533843835
4.7746876721139	4.68614131396087	4.69678204161194
7.82146829935793	7.96594418232886	7.86468739761319
8.09873903558699	8.02148798323806	8.07405583163796
4.09011216912562	4.4582781979504	3.84865037721607
8.7161902534355	8.75383697991913	8.81205647253788
4.38620320479913	4.19415189819385	4.16706696292556
9.17218407051045	9.09816868648467	9.21110525541428
3.73784126057223	3.78322028960424	3.41417153782753
9.14757786295707	9.12910920403758	9.10621039764756
4.52418471011803	4.56904214012884	4.55627198200543
9.93506973289634	9.91755833782041	9.92724567885108
4.33913087832802	4.44138410357428	4.16741753356722
9.52791571826269	9.58960967483049	9.50914374677427
4.67270868673954	4.31231901667234	4.49382651571567
5.16730794171672	5.31562856496444	5.06344173428759
9.7641782514987	9.73654040209067	9.81097953586263
3.66302344468331	3.49088776272373	3.88795871482098
7.14127388516725	7.25180784869172	7.29120659492288
9.32969529729907	9.3878036108266	9.22549219675686
3.94505543910473	3.73343046198752	3.80844566069854
9.37793698601847	9.40799069779023	9.37658909559051
4.94520190068499	4.83079809641565	4.54671438600999
4.12657377587955	3.87432653051026	4.01614018377671
9.01409448378966	9.00336073557319	8.9583589612734
8.86429062860228	8.79128685130805	8.79890724138264
4.7997968921374	4.89727114315184	4.81471206368247
9.5254871854701	9.60503218763399	9.43979445877212
5.09164801653793	5.16050456614705	5.2329234942726
9.35919087121592	9.25832658967881	9.20009615294116
6.6499376869183	6.44822312842152	6.48986280849251
6.34617796106027	6.56022833461369	6.43723106978569
8.25806630325839	8.31355463096371	8.29350863355992
5.02144219507887	5.06800992533813	5.16901796704984
3.99168250497379	4.21229609987029	4.47933920584673
9.06944192141574	9.15940800809975	9.09538815988729
7.24033474667617	7.25265084450064	7.29099175968976
9.47040366384841	9.47738083768478	9.48100559009985
9.49383422071976	9.47489451496128	9.49947167179001
2.64496820187621	2.51977755892615	2.25795752196024
9.78705995075095	9.88745326862798	9.75066165179001
4.10876214073438	4.2830478441151	3.88753010833011
8.74257716783212	8.82995470626944	8.65174483254518
8.58831826156879	8.65416255295009	8.55607418924037
9.50392799844857	9.50921901802684	9.51332304295907
5.22181295442449	5.14059054060561	5.30132945747986
5.5270920265099	5.64640435974748	5.46218635583153
7.03399719075466	7.01718081292371	7.081101804753
8.86975384089347	8.8914936920762	8.72320430903391
7.84640729787542	7.8665521384685	7.80531326491587
4.32171294347168	4.10137213762484	4.22896264294326
9.08562281556784	9.03090096993795	9.22657757093931
4.83490084957479	4.96177720824552	4.73113400077682
9.60955704008803	9.62083746205891	9.59199927319763
4.77300231942984	4.40758838741691	4.50706001832432
9.71610137203116	9.71961078763444	9.65207855926226
8.79827847323147	8.83107883915219	9.03056238084163
9.78832149851291	9.82131237959929	9.87735368061947
8.84216809054352	8.91217921732857	8.76147675782743
5.92651605049334	5.72378471827942	3.47567645158901
9.46474463918613	9.54978527421282	9.45569340349625
8.46469933438636	8.64175835349775	8.58041706488952
4.18612943520347	4.70358527338675	4.27481445892889
9.43770772280989	9.36533951498152	9.34970140678799
4.62325038505871	4.97357597131515	4.7193254596171
3.34402544163403	3.46197221991296	3.46797917759024
9.3553337272564	9.32694024306846	9.35271992625105
9.77758564168962	9.82736587395964	9.79628048017032
5.42904154086354	5.20875747561785	5.45024830630487
8.82434129131802	8.80776663849121	9.04284152976177
7.40828613643384	7.36432432437703	7.24658195883148
6.16864263850935	6.40314765856238	6.25895935550717
9.30057812672931	9.2826542071891	9.24637284552677
4.32427014607262	4.58425254024543	4.42870297756944
8.79935143381351	8.86673138178738	8.73850421348589
4.33752935668682	4.12085550827193	4.06835978918826
5.39126148260966	5.55481015998134	5.51181459300348
9.37494550312318	9.37761630797122	9.42562774562214
9.09836452407039	8.98661123387795	9.20635733804219
4.1830025573535	4.1588869151643	3.99861347253757
9.67700987597647	9.75660582723756	9.78995044668295
4.52311863601416	4.37772753885524	4.45497911153608
9.42333095204112	9.50401322794822	9.41439416426777
3.98641397534843	4.00493338662459	3.38668927917439
8.16297830282414	8.20279152131118	8.18586655379275
6.75926993747336	7.01294529008397	6.75208627454266
5.97998117999899	5.75996158585803	3.45009246951479
5.87726175162438	5.74133029113452	3.62326172029444
4.98003565865473	5.09737650015687	5.1282647880672
8.74869238242308	8.77953474572615	8.68853754923634
5.40603035896601	5.39746325477135	5.34846487299144
5.07904436404524	4.6310721599696	4.95111166605983
4.62232715909192	4.55303825395292	4.88209548820395
4.93460067414594	4.57905781415229	4.84413175255968
4.84448959331069	4.56731118667464	4.58154899764433
8.5342727335938	8.63573560452512	8.51135653241289
4.46642063437499	4.63605528226422	4.69539183950892
8.86348891663923	8.88896947587341	8.72619089429308
4.27294288385734	4.45634893627022	4.25960736130086
5.04875011408132	4.77113361666983	4.63044308807685
9.68482932247749	9.58414859014316	9.74572315501122
3.27519607129385	3.49203044586671	2.83257164887974
9.02008401651397	9.02073342498364	9.00503064804994
4.68702402868501	4.63557499665844	4.56920393714559
8.84505441101042	8.93173415560182	8.89674945566561
2.9720472512207	2.5774050499618	2.83769946261735
9.63849077550453	9.67079525930857	9.69142645134119
4.56774018141419	4.60820916307567	4.84268759000855
4.74887201912368	4.55476853385085	4.41657154113889
12.5988420636753	12.6529542112893	12.6027152818793
5.85491538492912	5.71901628468625	5.8041224803684
4.4337169171205	4.37885717325471	4.25979650782945
7.58045904828275	7.60764470994469	7.83233840120537
4.52398062904969	4.40801592936782	4.66128365754659
9.49027199794338	9.44501182447111	9.5223745127027
3.90195517361718	3.94155238490815	3.63598326712496
4.20243914904516	4.38006635068745	4.15110126450905
9.37192759011861	9.37390562349934	9.32957819596541
4.08809830210546	3.80535952623765	3.99841624433543
7.0267284623073	7.00598417519195	7.0292325588305
9.83531119273923	9.80979011012156	9.89303629662076
4.84609709413724	4.78314936091666	4.81437250650068
4.70001098557611	4.68717673939271	4.58145839799113
4.64867335054232	4.69961343114137	4.67401921154118
5.76012611370019	5.73839141564406	5.79241782141474
7.2641427537553	7.21797284376928	7.3027851815423
4.8110428886959	4.87601234676686	4.67547034740069
8.18750609685099	8.16437423940639	8.00865393751061
9.12131685863515	9.07671660950477	9.09758359446018
8.17861684801649	8.04148850029824	8.10089605784852
4.60890483434077	4.43639624721687	5.011652935148
4.46400361563494	4.44067029270758	4.2298883778714
9.58786894411662	9.71181572733906	9.51000784763734
5.88897757169531	5.86341149427348	5.69132261026728
5.1768113812114	5.22164794372522	5.24928606839069
10.1513891597956	10.1666366389467	10.1709374436474
4.64706020992915	4.40810160547716	4.51920727839187
4.68755546728358	4.58087940946013	4.77138062832177
4.73911682805223	4.78326692671253	4.9029389803201
4.67558536512239	4.71075476756103	4.89270161261912
10.118324225617	10.1524558905763	10.2335164952074
8.90015936385173	8.98531488663634	8.91218933614862
4.56466962965968	4.36251749531004	4.2450856808237
9.63445678934358	9.60057604368716	9.63968347491732
5.58302656982295	5.54052097616008	5.3728154423857
9.10588063797958	9.02696839309077	9.0620958748963
4.77527137697992	4.67237762356812	4.87351802660206
4.6880542188445	4.77272709285259	4.71873598461849
8.64953019355213	8.64494268511973	8.57763192858075
5.11946510426798	5.05858451736975	5.03520402300036
4.27459667945512	4.58380577140019	4.57967602968143
9.40064489560096	9.44338988130183	9.32941390999631
4.52320674212077	4.45478544161887	4.40210386643755
4.59474882525636	4.68759340915986	4.60481079342929
4.53933499398444	4.6746536224405	4.69580231321568
4.59358751494498	4.55548505021637	4.41608584120657
4.46474361018492	4.6249029058432	4.2454761115068
4.69824000710885	4.3771748682084	4.40240033571482
4.32247933137686	4.2294020731841	4.30331694757766
10.1235948569254	10.0818104120047	10.1780424811422
3.99151590458996	4.19451891752305	4.45350911204874
5.90575422194812	5.81757151567237	5.79040446703373
7.7913102687349	7.75629074767845	7.90215552078029
9.00449214090006	8.90163070098373	8.94861337367489
4.30390928787281	4.14035509018683	3.86818589939643
4.58143044628064	4.68708566294865	4.71794292434613
4.56826740046641	4.78477631946953	4.81314315791072
10.0495531538766	10.0575172254983	10.1034340803318
10.0648566876228	10.0885394126453	10.1112750472032
4.72541031890116	4.71204441206115	4.61711078673029
8.31247219108443	8.41226850324387	8.19357692586946
4.14494746089041	3.98300569923388	3.82848470710383
9.05764246752136	9.07126875612864	8.96546214691017
4.68806229487724	4.71131354736407	4.78240438468126
4.07209292090266	4.31516885626233	4.3597112557828
5.05009711849169	4.88411354844079	4.89542567902924
5.92246264869276	5.86581809744408	5.88961457612255
4.98999081263568	4.98928693788601	5.09425762469439
4.77491874548381	4.68576933128126	4.7616704597485
4.77658891937484	4.87392115625304	5.04089923130227
8.84933310898708	8.96159503280733	8.85515900972864
4.55143892212017	4.42448276024993	4.38850981003964
4.91343667365955	4.84115878420531	4.75240396963819
8.19613800921715	8.14473382509737	8.11368207629783
8.98868448488017	8.99396571085128	8.99019062613839
4.56735663555386	4.64864806782068	4.69580973434964
4.73905597200281	4.79525099243924	4.87390235300167
4.40442070605941	4.46940301782942	4.57972295851903
5.16678465047663	4.89092091561918	5.33537212332654
8.01776478035775	8.05765805384309	8.03765409359989
4.72520097419431	4.60832377433065	4.66269629060502
8.90147566020715	8.88867415278349	8.85711243340602
5.1768369576741	5.31469246740498	5.16376491889948
9.05283593847835	9.06007175037126	8.96020941415735
4.91301144608873	4.72262290513243	4.75181345383771
9.50323749671512	9.46897580610322	9.49947973313966
4.66042576341339	4.36040975397872	4.63876478896823
4.11052862914023	4.21211070764716	4.4141412193717
4.35732609192661	4.61069370523245	4.54367919838252
9.65216751388175	9.6873535053212	9.68247363340105
4.62097561785739	4.37625367980903	4.68391804986988
9.48772300934856	9.50179265541605	9.54643170964565
5.35748996316865	5.13896840880575	5.34579531435799
4.38954957388618	4.5690241806126	4.6948892470924
8.84020331377345	8.79396163177315	8.84147503224983
4.23816004211292	4.34751647139422	4.28885117311471
8.96575576413282	8.96549600354273	8.96109279396077
4.45159691904695	4.45265313984242	4.92888471904072
4.39049873203349	4.67461499732831	4.85223157592503
4.07250870418972	4.41100186789852	4.37370981076914
4.72345182874439	4.45419191773648	4.33345968411307
5.21213417454842	5.22353139515291	4.99220328397656
8.683533152003	8.78842724939255	8.73492744338112
5.97638656113662	6.04750293055779	5.94274470444345
7.29715560698442	7.38772771429296	7.38901160751074
3.85830388913056	4.16054213587174	3.6358701724291
4.50946261688127	4.42364904595893	4.61534397505194
9.86738290520715	9.83323344977713	9.8831877123077
4.56303932472708	4.24730152370365	3.92603955828549
4.35592907301141	4.51468685639001	4.25993599693323
9.97825346695043	9.8973495290126	10.0379985964287
4.62169581371693	4.6089099977957	4.65096048575404
9.72389095016261	9.76234719316089	9.68110886283016
5.40390575346161	5.06606354580572	5.0283286747683
4.25562267657498	4.17539401338396	4.49247016696677
4.86934245523197	4.89675994837131	4.82523259826616
9.19701659199108	9.06658545636561	9.16126402621534
4.51189066841677	4.77247077640483	4.93977043269242
9.04559953757952	9.07344392762616	9.06623875135134
10.0452360585781	10.0487788012397	10.1312620393643
4.82282658452344	4.79535840479003	4.77289072104328
5.07306679472361	5.28900707374063	5.3937587427499
7.32614543439522	7.41827614628565	7.35193722295817
5.71657984279612	5.5865259237257	5.92665682026249
4.85819839211576	4.79376483950531	4.98752926173338
8.00626580889844	8.01607592477598	8.10579605012725
4.53712035386631	4.34589546712146	4.41531289995674
8.74235336727559	8.89026742230761	8.82878583233303
9.51282892847999	9.4987029360448	9.39944160637287
8.95142224923221	9.03361507007868	8.88986334230628
4.66139498140651	4.79793712106574	4.46980518572245
9.01520347291275	9.01265473043111	8.98346658597489
4.99988187415855	4.69380532374122	5.25223022080078
9.69434073992075	9.66621561511451	9.73757836883834
8.41819171231412	8.46531174152467	8.42484381409204
4.08972876813922	4.28299960692114	3.92550683619917
8.92894828716316	8.86428370086446	8.90493734496549
4.64777118389273	4.55450864903043	4.56876104709808
8.79909737781934	8.83310590620951	8.65693896816518
7.15139508785692	7.06296476455408	7.22035536157054
8.7441147366961	8.77815587612396	8.69859201010909
8.66903665007447	8.83366759042772	8.54258234823197
7.59807565890922	7.70576111575024	7.55784842205485
4.69995870945766	4.45203472002486	4.80209311645616
3.76728961336524	4.04386040489226	4.35909988110931
8.7809126191904	8.7399598528164	8.70783906012138
6.42917191413554	6.56478555015232	6.6394996954695
7.64754312893531	7.65191782582312	7.75385618551734
5.35759343230741	5.30446482302858	5.21280516314619
4.44857821667076	4.2975925567608	4.25963692399606
4.74976264181521	4.40615855175165	4.8123408717052
4.35477299284099	4.34770102375398	4.11883312135037
4.35575751799217	4.41017477721686	4.31812316271869
10.4783612591775	10.4338726516188	10.4252901358456
4.00988502488264	4.04402734020846	4.05094686263616
9.57045334643758	9.62617477164009	9.62621896214691
4.51026498676467	4.60947891519676	4.65055240757964
8.55651530704779	8.6185845600004	8.63280859734119
4.63835531898753	4.98072124023234	5.20573840360988
9.11322524119898	9.07441887467323	9.21993348730158
10.0604041722615	10.1004438015575	10.1802989204826
4.93669740672889	5.16467713988713	4.84719186216859
8.73028702971594	8.65371297532566	8.8509979643757
3.61316186473747	3.98367722357435	4.05091216705013
4.4033338200383	4.06054825907963	4.69351050647329
9.99155045006255	9.9877948717699	9.96701662762135
4.46534678522295	4.54170079899204	4.4938935249313
8.6692754041849	8.76151521758205	8.55491932652117
9.27554229361	9.16823857266261	9.15531855143224
4.84561913765519	4.72307061168089	4.74083000883448
5.66478879690021	5.40053079598869	3.81665148410228
5.23811507070984	5.04816032172835	5.00026918491241
5.3977254184594	5.15586931388421	5.4428612189152
9.13819059810414	9.09990138399877	9.05114226294093
9.31233262856006	9.3212787587694	9.33315099342054
3.96850792861522	4.06402563065955	4.03365070018229
7.93981836666001	7.92748519265929	7.82693683247143
5.88869568847589	5.75649838548399	5.63737720610322
4.94648367153614	4.85143324733555	4.88498594400952
3.9234312482571	3.75820154980503	3.74619952652225
4.14991702689781	4.48506652152298	4.61450461346901
5.15724262110618	4.99777975317497	5.14517337273318
4.29155907690169	4.49880632602376	4.67211407780362
4.02989798503537	3.98273223394002	4.05092745754209
9.47569610337264	9.53001360353677	9.47075263484628
7.68921138646132	7.77688192579062	7.70375932346547
9.79936330709389	9.82917050473983	9.82537937821705
4.9245797076721	4.65783445790402	4.99621484236802
8.78891656925132	8.86765089591838	8.95814508828639
7.62115787756658	7.64314230323461	7.75338487542781
4.1092759527995	4.04319828941914	4.25875430653233
8.51016978432405	8.59189449458533	8.37442104991884
8.64044958808438	8.69945133693406	8.55765445746943
4.27453058287819	4.54206808523717	4.603272057403
7.68628123940809	7.7650566920355	7.63984516215506
5.04253450115407	5.24009832565205	5.2408141165285
5.66473317682281	5.61651915788959	5.67900245018528
8.8674239970285	8.84964943572957	8.82364715038501
8.92695066910935	8.96494206600219	8.96215592795371
4.64541928960333	4.29711313588764	4.18357445385111
6.30489743757124	6.56020826820918	6.1067707473873
8.7241979591751	8.78158508831794	8.71157603366311
3.94722419408105	3.96180591896131	4.10152862962731
4.2364097300609	3.78014701628577	4.40031467358472
5.20348136397771	5.10443573483335	5.20224390556437
8.91163949093874	8.96318616681891	8.93927609216758
9.15437216173882	9.14934332819182	9.09636804129295
4.78634784304367	4.48117521209174	4.80253265726053
5.03994715659084	5.03200602376349	4.71073433555868
4.02861623906081	3.85221430943687	3.86803408391736
8.11875179260337	8.23811603314787	8.21724648107998
6.0782737034862	6.16724473567011	6.34413461423303
4.40420761205523	4.48446596431032	4.5061716784592
7.76192998516151	7.88166269273135	7.62312679052421
4.99936488686658	4.8953833198136	4.90484099416821
10.0815071246923	10.0508454396209	10.1797668843902
4.21938021244573	4.29916783974251	4.01653004761535
7.12092377554936	7.13723126017647	7.16336850684943
5.0802170711686	4.90497621390712	5.00738284679718
4.33682846281564	4.10228751487956	3.90669683870978
10.6001393215979	10.5956387325954	10.677498676301
4.11122728716948	4.33104992264876	4.47975657467863
9.39365150084111	9.31712615851982	9.40423127963824
4.49435812841521	4.29607989679457	4.59137944018534
8.4196259338545	8.35876841295478	8.40614420261902
9.11070414284753	9.22356429956362	9.11350317420355
4.21819137556259	4.26609916275403	3.74615128475301
4.49403908176027	4.44003120018573	4.36085696092754
9.48422286638258	9.49368099703576	9.40838965672334
9.22026718802757	9.10472949533022	9.19218836933843
6.52232335675222	6.56964725665572	6.4587643456156
9.62114841634072	9.58818472469476	9.49511816400985
4.20186635815265	3.98128236192659	4.40049859049156
4.20078176912006	4.14038134544871	3.96250359561331
9.91470937039925	9.93615672815025	9.84589234161312
4.30658870434036	4.34702937762894	4.36018296391634
4.55290255054718	4.62290907674937	4.59259813955143
5.21287986272096	5.14072990974008	5.2939074097451
10.4347767565018	10.3835466492764	10.4320179259838
9.49111840172994	9.49107447120242	9.61136853588692
5.4690184942869	5.68239021302822	5.68876471067474
9.45476790170189	9.52547634207738	9.44960014243751
4.62412064718043	4.70902451874505	5.22745055234126
4.55418808129949	4.84341858455195	4.72931583265257
3.96538965965248	3.96322886619956	3.38672973976918
4.29130177489723	4.43962643108352	4.66067178172832
9.01730777206181	8.9251824983907	9.01757367335898
4.93806751498726	5.22423917576484	5.17748879622468
8.81580468054529	8.96944559961124	8.8612414058305
7.20918297287721	7.33588996888064	7.32155214094481
4.89125266268729	4.74680687861667	4.82459153574121
4.91586237047702	5.00881586649148	5.26866684605591
8.79293246472256	8.90589191707663	8.83626098568829
9.83271185081564	9.74856470248208	9.88247685920975
4.52522784249804	4.83293103091903	4.58135154397072
8.92479173890517	9.0162917192992	8.94816477249286
4.58079599898796	4.51166635700961	4.71729487764996
5.33210709870716	5.05589900332129	5.15491509281762
1.82770844747626	1.95980997343876	1.85475531439934
9.04728087139303	9.05884658070083	9.11813921759676
9.49077571566849	9.57932138666635	9.49434884574318
8.74458840214848	8.88198695205256	8.84632833958743
6.66255821567283	6.76689588898527	6.60560603108988
5.00189902979794	5.28264226576588	5.24082801609225
5.13004117720047	5.19613283879504	5.21021086626262
8.83644152320487	8.82965946595811	8.68635454050425
3.63615332075577	3.40000013253793	3.80918570860651
9.87333050530528	9.84007221770596	9.84760958042237
7.71266532674856	7.81857512838425	7.71669622543861
5.45888505734451	5.29575960154449	5.16588649950926
4.84775742805114	4.84984529171636	5.21396700975385
4.59227046310228	4.27992561628401	4.33262655994726
9.72352572512261	9.68659863415099	9.751923147274
5.28228035882714	5.11307178541623	5.21071469730482
4.4366985668711	4.62228117549773	4.83223619007045
5.65197312791694	5.78813566820321	5.68104682514699
7.67204451897834	7.66723450338184	7.68679544198419
4.77677841092519	4.97087595086927	4.99704213797442
7.82401934281301	7.98436956909995	7.94847986837302
4.97844611571721	4.94974700089197	4.82604992597948
5.48287872777784	5.4841251876525	5.48623224699696
5.43627197440436	5.32009853321318	5.19788115307988
5.10025960943442	4.99868181757572	5.08655614089247
4.35564793219961	4.29739908628895	4.40130745858826
8.79939248265963	8.8979672216104	8.69745892193623
3.98910732680829	4.00358584473675	4.03363197280146
4.11165827836938	4.47111637789026	4.45421470586228
3.99008299260005	4.19560715647461	4.08497209534148
4.69886769035064	4.40775568090129	4.54410098616904
7.86291835756944	7.94250981284418	7.87035437476358
7.37833758937046	7.43688280585977	7.3702683477519
9.70054166580928	9.65060844578287	9.75819828900182
4.48004093760434	4.49876043489608	4.49380756822206
4.59472374096748	4.56788988545704	4.71755310161961
9.68232285967603	9.62531136985045	9.63574936555697
4.6072340369545	4.56929945192189	4.41616940818748
8.6541173701721	8.68329544478586	8.60625702760253
4.38926135550822	4.56938388152457	4.61542167687032
8.30256515460449	8.38829695027404	8.38736482126303
3.93907313671716	3.26940929914966	2.94633762756276
9.1774802256652	9.09432951891953	9.1545300952608
5.12947865815662	5.20639110246336	5.03622371022022
5.03894031826566	4.82971236284399	4.63068725589608
4.08794963277246	3.80543841170749	3.96235064761046
4.48175674831361	4.48181309440999	4.98444760075722
4.97920789858093	4.94820717635042	5.04244318793371
8.22203849710946	8.09209104831048	8.02918254094791
4.41795412528031	4.17533882648689	4.34610850492637
7.31241086778857	7.36778147481103	7.19242326833205
7.91941938974701	7.95418892796546	7.87525432254014
4.89381643875542	5.0782815831109	5.21561229081768
9.16102333340379	9.17657702650697	9.10593195276629
4.46401719250358	4.31374351561867	4.36048130979844
5.10881320750989	4.91658258662887	4.86663386423892
4.40508473241223	4.66307732702156	4.5683052781724
8.6437125795006	8.65774909789529	8.80013789476601
8.79863171105105	8.94842833094361	8.82879957012612
8.89982747363626	8.94432197832075	9.03184648892504
8.47226002926392	8.52175811106971	8.41264846237363
6.51497595207839	6.49913827064103	6.685332735224
4.59510042339098	4.60838074977847	4.78159649546847
5.75259866920982	5.59013596755561	3.42112071033802
5.28127896680068	5.0869395425943	4.945652134328
9.63827700217821	9.64385486114329	9.66381448599476
10.3292203609159	10.255066700652	10.2932318290819
4.72410608253221	4.42300175003163	4.5442241853826
4.29054377116584	4.66502722624419	4.23001069634818
4.35746676781688	4.49840777326384	4.69457672070779
4.25484582527331	4.02207468246348	4.44057972118455
4.50980595237346	4.54105704834536	4.59217194553517
5.08047486975556	5.05973333998797	4.92533530136732
8.7110785250064	8.69909642309258	8.60267241875978
5.65793276004925	5.59131665414183	5.59609446583524
8.1675503574929	8.13992347472414	8.24336138281334
6.16859484003526	6.12431692264888	6.17226713464766
4.77567715517637	4.79507877468171	4.86425484859265
4.81098739999202	4.52308589999551	5.01290416780746
4.62041919483296	4.67650838605111	4.23094081354449
8.65530770353103	8.65251240563513	8.54112693327973
7.04687621242843	7.02510541304469	6.98883832201376
5.38250308308015	5.35816283463089	5.43111175303926
4.7387745470663	4.80749044832284	4.78304084654985
8.64049025707268	8.65836482079311	8.58855211622592
4.84633049027232	4.8180606927466	4.84486144312422
9.08321102966232	8.92814172749559	9.05237946173783
5.53307132976338	5.28448635360463	5.40461439417841
9.37886752273397	9.41901864981927	9.37614077192096
4.38895034295071	4.55583283896086	4.54360848649377
4.72486068803708	4.85602604956796	4.32056019315199
4.52372865876126	4.40833039211368	4.5918104104495
4.09253204155543	4.31416584056491	4.62557180881372
9.89508418637825	9.83329129266589	9.77370546983262
4.79974969223414	4.8639334307205	4.83482382297882
7.57108318919482	7.6626650524272	7.48635479155176
4.40471756364656	4.71460974381045	4.41599532271534
4.25466844718618	4.36434375455344	4.05145519867015
8.89487560236211	8.94751915546241	8.91193866687902
3.78271463515122	3.23459023475156	3.21532108645104
4.8815487747099	5.09988064400882	4.88599020086424
7.68250697377362	7.7884971295856	7.79230276971385
6.39433204436774	6.32389771367067	6.2460789309932
3.97015916824244	4.39661434836985	4.11835457783051
8.90524516883008	8.87836036898384	8.93874111423298
4.35607819717839	4.44052520339765	4.37436557184228
4.7142980659475	4.61919016981945	5.10755605665921
7.51288966978821	7.52406178035721	7.64369500298433
4.02871490632321	3.7817726276861	3.96235903877503
8.8877934377868	8.92932392652859	8.82569765746078
5.99217426794137	5.94574502742214	6.13180989188564
8.6621625654045	8.68053986191289	8.80904274464551
4.30491254193168	4.02254152975977	4.24398063701385
4.62350863333725	4.93072497605683	4.83428021309164
8.61185151365982	8.59775058103459	8.60117451983975
4.38651467298792	4.42652626680846	4.01696872274581
8.85649123206408	8.93056023182951	8.85361722479105
4.91401493916246	4.95029678990245	4.80530257656596
4.3046277285237	4.17679492852168	4.01648906132
9.65714176875613	9.53721473486478	9.67041984849799
4.78757972027083	4.78333130109685	4.84439342306138
9.7234450182304	9.65799348981268	9.69309991252848
4.53560965699063	4.157126684625	4.19868289717893
8.97521526538353	8.9630073122111	9.02065410558395
7.67069242846116	7.70350114082006	7.5721587716414
5.46905012939102	5.55726101190837	5.82797574348676
3.94693818945368	3.87451832883457	4.11799304402396
8.52792945758498	8.51897582721428	8.44837782244949
6.48961665768111	6.453515906181	6.36223256549146
6.0281345364167	5.93631855951448	6.04005224473091
8.99917471473737	8.99109397545024	8.91946773260886
4.52405939550514	4.5966792710906	4.4942395009301
9.55148961879424	9.5620146977378	9.49936091457335
4.62300925434149	4.72342068269532	4.90215626874346
4.02912918305642	3.91905633196091	3.92535463808736
5.1939227841067	5.10580752221905	5.04476375028305
4.05338718656685	4.67873153761082	4.25961231249074
4.59720325095322	4.88581256197522	5.09154243974303
5.09930970617261	4.9591653772843	4.85691883854759
9.69337190211185	9.60057065993967	9.74613820874303
8.84011684808755	8.83202538269803	8.82407400517394
5.0096930200001	4.97036390342658	4.83645742826619
9.29603396906745	9.22707952873614	9.28181114832321
4.10977575041979	4.39644958603931	4.03402317616555
6.002546648363	6.0118292071803	6.04547836488832
3.90325841054641	4.14162910263654	3.74603930158639
4.92582691197921	4.97996630442503	5.02473226473138
4.52208394367908	4.19297858232977	4.36033063033379
4.70111821336071	4.6466280423288	4.93066675028168
6.66277534702789	6.52993589657612	6.6952608899753
6.43702484046942	6.43355663484842	6.33457302603189
9.62667830780638	9.61741161268333	9.75055984455362
4.67494341844443	4.76111588782238	4.66310689468517
7.70141724895177	7.74475842244314	7.8699994237523
10.006798686718	9.95709113994864	9.95344277989033
9.22845136678521	9.24500175708667	9.16616313168393
8.79228333625523	8.85359976246079	8.86864698200497
9.44679316822007	9.46541950536318	9.42283507359762
3.44013207034765	3.80707471094477	3.68166278940362
9.27810482806313	9.28467118455254	9.43102918904207
9.4983568209086	9.53107636335199	9.31587946998319
8.63871883268784	8.69720718752662	8.58465112673324
9.15033396869615	9.20941995903064	9.18516333504883
4.09182011816002	4.36374572300849	4.38735975479115
4.60988375048702	4.77185537202558	4.94951037811127
8.72094356319337	8.71262843824485	8.63633927263625
9.46486196400799	9.48482692835328	9.37272226666911
9.42383664508735	9.36847055173946	9.29985387115153
6.10253406298057	6.08054150564437	6.11927316547041
5.52720439353711	5.37642501101022	5.77403523022088
9.78754475128458	9.82866074893298	9.88487284761292
4.60579647810602	4.40971565183585	4.18374984239391
4.62292610697628	4.81976984885976	4.78259208812876
4.60602170819246	4.27970450201917	4.37457975631767
7.32059353694403	7.36186708369976	7.22009373779413
9.35302453406299	9.41690058040374	9.47184705598781
4.56809456737445	4.93228049993913	4.61738341676449
4.23610778587505	4.17727015753706	3.92554827156344
4.38699896326543	4.21134212371554	4.36008095129564
9.17959000238521	9.11993040230154	9.15917564928896
8.02432283503089	8.11706720278227	7.90509486060922
4.67389592319767	4.4825335113345	4.65068744553108
9.10129066316476	9.16039336660513	9.17860666227716
5.61846333252555	5.59572413573081	5.82000437077821
5.20580984207825	5.65710147964982	5.37028363314589
9.42372455810111	9.36922056399202	9.56900338208701
4.66106643352378	4.59558809737493	4.5809779106195
4.16628130548081	4.21220316888635	4.33163244071279
8.53153601901408	8.48919052323324	8.68330122025655
9.53685133163684	9.60138822735454	9.55794874146394
8.7860687502437	8.61318099970082	9.01488150047363
9.03926571882132	8.98200147306585	9.05607548952947
5.35139043192055	5.65443175054505	5.48664147599099
8.23440446719263	8.20125494956987	8.40880315203393
8.93880809259468	8.890428622413	8.90180135307579
8.97621656845021	8.95162458676756	8.94743539693387
5.91130379068254	5.88410383776609	5.74258829848849
9.93160782956368	9.80568605142059	9.77885210102605
4.56600680649121	4.55560981682986	4.41600228938613
5.13943720146961	5.1782177133505	5.21794080908216
13.5965873691997	13.6500119158569	13.6343148451911
13.0991957684482	13.183990773176	13.1016551588666
4.90082270939927	4.40575966133631	4.73969546894495
4.91525154732949	5.06984601498684	5.03400579096126
9.0390107568365	9.01732569656708	8.93507468282935
4.79979965515351	4.90823726826825	4.80452016730322
4.00955511396116	4.26663068139582	3.74605346299485
3.81149789183137	3.75821916488061	3.84856740657269
3.20488359664612	3.19926658613835	2.87328492575116
8.59320795999598	8.66082530143854	8.80413410900719
6.57552720063916	6.39732856827157	6.39584443621772
7.21657795721223	7.33083735656632	7.09472338884022
8.32894908584288	8.39813224153245	8.16935623265928
4.40298639487712	4.19302705491146	4.46721667351037
4.03166930236045	4.39652978604445	4.08521891140155
9.44642173045509	9.48578983804921	9.49801998635481
4.33717049332056	4.06302946284223	4.03390612454803
3.71653470567466	3.8973751722372	4.10152759796631
9.1170944434037	9.16726655474393	9.04101394167565
4.73723241104397	4.5677981712604	4.59307378926259
4.98844010751648	4.73341873086297	4.91350812822298
9.1510974613491	9.22957192297149	9.25502122324643
4.16720761567364	4.456463944795	4.33206187439636
7.84451929231564	7.83917607817606	7.97125143136631
5.55574888241342	5.61935446856018	5.54593060043829
9.32850606486449	9.34180673236282	9.31668945396288
4.2909750549058	4.55664605017588	4.45485119833746
9.22593362850901	9.17968064821646	9.18758797347585
4.28992666957087	4.41043671292854	4.31796558416806
7.55613980783793	7.48229424229106	7.44784288631619
5.23890268537596	5.06592103663004	5.21005536999314
4.67349727611308	4.54081669128305	4.48177452907307
9.8009414820202	9.80873632240757	9.80640267381356
5.80820177671958	5.69564631754368	5.77644004891397
3.20756212715105	3.3366912264306	3.27662416481461
8.71499090243987	8.83726972358065	8.64439458114197
5.53535367599169	5.72269164228147	5.84121374525393
5.75392510978783	5.7449810872534	5.74921143845001
9.12608768832173	9.04571550706772	9.23652333239983
8.78427567450117	8.8158081156391	8.71145001305618
9.30716385790539	9.28262410486277	9.13891698625358
9.81865183492742	9.8991004221855	9.6852362344328
9.21698910163276	9.12046026576845	9.31075191832798
9.08340103150458	9.13718571620213	9.08112710608646
8.49718439922428	8.52443839321477	8.54923667390124
7.91593063435547	8.00541150621419	8.04806993343214
9.09008032985914	8.97412795168498	9.2149558064743
4.25618304903577	4.55755839686922	4.25979931327771
7.62246017366469	7.74212992977319	7.76496860088734
4.34334117572122	4.88863495145606	4.8725835290095
6.42921358830625	6.41983501990875	6.70240273185634
5.429395775277	5.25942735686926	5.51573354770761
6.32570181250485	6.16899520079969	6.25343194743992
5.83131960622183	5.66032966173011	5.59917903789243
5.42096806823375	5.42978875468464	5.11738037800786
9.34381436189431	9.32031919746554	9.26568056739434
9.72982054596555	9.63775891696407	9.85469648294207
8.99160357122698	8.9743027247519	9.07380945635736
3.81156720128175	3.9199400718052	3.70312641486583
4.91257519698248	4.63352851004433	4.71910568142727
5.29077737189595	5.32319960532025	5.00254838398268
4.55004632719367	4.11931960167656	4.31790315181225
9.16849471598772	9.2099268649859	9.17524214290838
4.8122966218479	4.96057457229162	4.94210159100923
5.07017780371593	4.7559218629632	5.09338226322124
4.27084463047754	3.85047199375108	4.31708291068293
4.7279957552709	5.12888251085888	4.92371616558361
8.93964618110955	8.94679627441147	8.96018555014608
5.42285072344115	5.5940421567251	5.58737947022527
6.00790157343889	6.50585444989641	6.23389991741012
4.02604937942184	3.46098351531959	3.65901403478166
7.95896810369233	7.98677423008717	7.97554127429939
3.46655253846579	3.68441282771018	3.05312417447403
5.31685009739566	5.21041629494504	5.38823630274222
9.57647724000802	9.59186905176487	9.63511950440875
9.0656968125681	9.06054691261111	9.08003958477492
4.53888819358339	4.85661964061407	4.38984338865564
4.53929521503635	4.6747102685251	4.68470649309523
9.26740610803658	9.34400986213784	9.17239035278454
7.81931338666223	7.90581574724237	7.70247244614229
4.96895620500661	4.95828992070945	5.1107343359452
9.49862027337968	9.51330809530134	9.49778803746237
10.0207003945131	10.0364334112448	10.0172694301727
4.49545714328043	4.48315339896854	4.70595472579797
4.4826522728155	4.74837141246061	4.96731549956112
4.30856295115789	4.66345980123673	4.5800217902854
4.68450733529028	4.21040805207952	4.30404334910693
8.6943631075667	8.75500975783487	8.62591245385285
7.39229750691272	7.41965905208725	7.32186778136711
7.49202995672252	7.43304104920482	7.44975750548844
7.60965998888757	7.53636275864792	7.79518640246722
4.25738742251786	4.62461716594441	4.51868033957408
8.15903926090011	8.04800822385867	8.16888979582022
5.59749047421567	5.59225777491671	5.57705438687595
4.87910971656809	4.50968108884377	4.79274527559706
4.76325677440776	4.71041901404438	4.86380739774156
4.30673871815912	4.28052485032365	4.46719564534996
4.48175608613779	4.73746891283091	4.72860801995804
9.25847033314337	9.24697390666661	9.26454130127491
4.50923203884655	4.46926080135683	4.50644500956722
4.96837904949495	5.09982920638989	4.80641395934244
5.10139369146484	5.07565006781336	5.33622080230927
5.63134372602231	5.57846464061592	5.58341705638285
8.93407316937831	8.98340023742141	8.98917757594814
4.30319290291203	4.08348441873187	3.74610540066436
9.2450983280317	9.33061156071481	9.33692324943131
9.74244700268764	9.70338052184913	9.74671084271853
4.28933406385291	4.15723243000127	4.41435827197589
9.33865388987801	9.39452804985069	9.2341513611347
