k4_temp10_1	k4_temp10_2	k4_temp10_3
4.81289120730842	4.33056868961943	4.8990527895817
8.89321037182015	8.94783650433542	9.04606781876584
8.57631900103813	8.76773272840148	8.54635011406096
9.39968803127845	9.51479722909124	9.4817705488497
4.76815289254313	4.67737145314582	4.62737946547403
9.82693297908939	9.92789257635021	9.87085368426644
8.88799266254913	9.09471911311187	9.01659898059715
4.57388407212107	4.86228916906361	5.01287268913887
8.77452867280369	8.89314295858973	8.88688948065504
4.2224117016197	4.49350726074564	4.46232021920354
4.96929276465099	4.80700673356242	5.04241696475288
4.318627016879	4.26643835219971	4.6784536500683
8.91709980400639	9.08254928964914	8.88349250465449
6.37938104795809	6.64305708862049	6.57443058552508
9.56451192055069	9.73404390228271	9.69288657198569
4.81289120730842	4.94655808596121	5.17281360200856
4.98892157139992	4.89446957481276	5.44767344323914
6.9864825259485	7.11534576370183	7.06418477983512
9.36113956434911	9.46164276209039	9.42448594569467
4.92921532527565	5.07379327425732	5.31677937638819
7.58843238069023	7.60142259991252	7.64353523386508
4.71020554333385	4.67737145314582	5.08089111256752
4.69833144304556	4.72586997083701	5.26759182676065
4.17178562854973	4.19932415634118	4.72778136243187
7.27532323265813	7.29283604226432	7.46777464929565
5.11038508388558	4.9567538530671	5.57443058552508
5.40152002522734	5.50744645170351	5.52645055662326
4.45189354774246	4.45086292333714	4.88824603462512
4.46596873295418	4.6271856959776	4.50538894109543
8.47643573200525	8.65249678450679	8.49918760192711
7.74525249043305	8.00790533860086	7.98398013801618
8.52346106683114	8.748054339903	8.58701596665285
9.12098702901621	9.29585108001976	9.26237034063791
5.11038508388558	5.10162748245405	5.27590709497266
4.66211125513281	4.86228916906361	5.06178228961981
9.51840488744711	9.68160392596405	9.49963143981429
4.71020554333385	4.70182449687036	4.56088405368713
4.02739571921455	4.24995022941115	4.17281360200856
8.04273740614363	8.13792361167703	8.06658327588363
8.22033737338183	8.36159558524005	8.244474587136
4.23889982440826	4.34616554467045	4.70332831870733
4.18885914190867	4.94655808596121	4.71560664848577
5.94437513244665	6.05967216601267	6.20365100593115
4.36443070649212	4.61436165562002	5.04241696475288
8.70502264564452	8.82451113467183	8.85671795242335
4.36443070649212	4.29885982989209	4.98271071862861
4.25520163673737	4.42171657767763	4.78715990951081
4.80183601879942	4.70182449687036	5.37985805901157
5.08324895394807	5.11078748173952	5.38755245080157
9.370055255686	9.54720912233032	9.37406021447345
3.36443070649212	3.7377440711253	4.20800303047086
9.0028666204826	9.07905325795236	9.03631160210369
8.11374149107816	8.25512303897188	8.13674434730104
4.3793810479581	4.45086292333714	4.60114792390085
7.9568877437602	8.2817266800889	8.13445979410648
4.97914055060733	4.94655808596121	5.18169175335501
4.96929276465099	5.07379327425732	5.29239521776123
4.50738866033417	4.46521821631421	4.86638660066138
4.69833144304556	4.68964978292426	5.04241696475288
8.85427866693142	8.92464983495151	9.02155244483128
8.88341163566252	9.12385391716489	9.05696527332204
4.40882482585058	4.07379327425732	4.61432331264859
9.11987469662426	9.25821784539475	9.15601835946558
4.318627016879	4.39196923428358	4.50538894109543
4.15450763711789	4.34616554467045	4.73985419473245
8.32732671182938	8.56522994828914	8.4009196745394
4.45189354774246	4.60142259991252	4.8216482858961
9.23376749939086	9.46029967894523	9.31072186556782
9.72271560167252	9.88181719472287	9.71407755979903
9.15613626762864	9.35293650264788	9.37792803191317
8.9537697502386	9.20414653979802	9.11547290536477
4.11931820865559	4.52125225122854	4.71560664848577
9.03095061639118	9.14295529876471	9.17559389780234
2.23889982440827	2.45086292333714	2.87735771848238
4.99863672623313	5.08313113883666	5.41792609984509
7.41971314199331	7.57187832429851	7.60280144275337
4.67428596907891	4.57519105833935	4.85533141215239
4.81289120730842	4.72586997083701	4.79874788378602
9.50056739447815	9.55771371978737	9.51902634901935
5.09235116105532	5.27461228364542	5.35652555518095
7.56082791929563	7.71989606979238	7.72474730234224
9.73693305257618	9.84386718023547	9.7079449467777
9.11262355608158	9.14796949781412	9.09447090832599
4.62495825671534	4.66498772868999	5.08089111256752
4.20573296047306	4.60142259991252	3.9622466160689
9.63550460559012	9.73848296744921	9.70948054568893
4.50738866033417	4.31480137376111	5.0326359439603
9.31571542145909	9.4161854717044	9.28674865462008
5.2306793176033	5.26643835219972	5.58115644871339
9.76531014277431	9.90339246801507	9.83823725568787
9.46202394685128	9.47766298268086	9.66268633420999
5.46596873295418	5.71989606979238	5.77547810446317
4.318627016879	4.23327148826451	4.66585361328867
7.17821189770916	7.28476500000631	7.46958821966758
9.35453467034962	9.55352105470088	9.42355064903896
4.17178562854973	4.19932415634118	4.30869703009033
5.50056739447815	5.94655808596121	5.90977919617476
5.5673707651624	5.66498772868999	5.86638660066138
8.7857942842959	8.90108441923432	8.80522544785722
3.88799266254914	4.054934247006	4.37212241023196
4.33405705744861	4.74952123890166	4.70332831870733
8.7688627056157	9.04481420728555	8.81738205792507
7.93681514113381	8.21108386980365	8.00664073542735
4.50738866033417	4.66498772868999	5.11836581798618
7.24707375585396	7.30485857051354	7.30463881351597
3.80183601879943	3.80700673356241	4.1548916940113
9.04976353224301	9.20093340920284	9.09094065768791
4.68635880137948	4.89446957481276	5.09975013981883
5.20573296047306	5.54847371996357	5.60114792390086
9.0729398546091	9.27715716883678	9.11605195214793
7.69534758460674	7.89579497227932	7.85116377793716
9.29566068365033	9.43043102343233	9.35750531415978
4.02739571921455	4.09240895242467	4.41792609984509
7.93555128205965	8.07730206003446	7.92704128479584
8.71020554333385	8.89910314855321	8.80952772253926
9.55877717973087	9.7637458786215	9.64232980694001
4.81289120730842	4.67737145314582	4.86638660066138
9.66249327421114	9.86939022543875	9.59077027132116
4.00828689626684	4.60142259991252	4.49117508187573
4.83475064127216	4.67737145314582	5.23384303540611
5.02739571921455	5.19932415634118	5.30869703009033
8.92285141976079	8.92789257635021	9.00476588780691
9.1315116315664	9.25718698072717	9.15150640882666
4.98892157139992	4.79569142033458	5.21666789159798
4.11931820865559	4.33056868961943	4.37212241023196
4.53435570793444	4.14685673644704	4.8990527895817
4.75674812927088	4.7377440711253	5.02278815800395
8.29122085953835	8.46700262599239	8.1938106833036
10.2549483323664	10.4113282974397	10.3525998519671
4.25520163673737	4.28274016452882	4.41792609984509
9.67995769060562	9.78357085697775	9.72208725541817
9.72637448022737	9.81403400045639	9.68549310852813
9.04332422536705	9.25150402066623	9.27901300584048
8.88341163566252	9.04062641032212	9.09564574148609
9.56328496509115	9.75281631846324	9.53556920123418
3.80183601879943	4.11078748173952	4.30869703009033
4.30303016182798	4.40691957574955	4.51946412630715
9.2378748190075	9.40784884794972	9.20854611161444
8.92348907503786	8.99002173444518	8.93821737882481
8.44035547607353	8.69041371995079	8.53945961718512
9.19520997406106	9.27868194795446	9.20745974481544
7.69684028524781	7.86770266524998	7.96995471120416
8.87090359209457	8.99435880676291	8.9622466160689
8.8516008099382	9.00790533860086	8.86913721167742
4.97914055060733	5.5685579660069	5.18169175335501
9.61551856082904	9.73737448100137	9.57905798282939
4.30303016182798	4.12893482844978	4.3248166954536
9.30106864549469	9.4656645256885	9.35456403884766
7.79766838458419	7.97442487939416	7.98778170817604
4.30303016182798	4.47943207553391	4.53340331726502
4.11931820865559	4.34616554467045	4.44767344323914
4.30303016182798	4.37686234189337	4.83296359912393
5.21409643340769	5.06439457625507	5.395206023345
4.28726284596966	4.23327148826451	4.64031852118153
9.06544831169918	9.13399790846324	9.12298244605655
9.54682505989665	9.70485218956793	9.45043106441813
8.69385333792641	8.55938738011531	8.76296166173296
6.80460776804948	6.91553119034059	6.83858814831781
8.15233326588355	8.42447419885661	8.32681904836475
8.05209799074734	8.09817743288428	8.23916860454278
9.76281813344742	9.86025385947485	9.81453088102695
6.89581216700844	7.14239708825634	7.08089111256752
6.92667313071319	7.13118728018116	7.25922835382603
6.11931820865559	6.29885982989209	6.35652555518094
8.18991955727496	8.43088822357588	8.17836884584172
8.42332439554569	8.62319041499476	8.50627267468563
4.20573296047306	4.29885982989209	4.51946412630715
5.98892157139992	6.30685262064562	6.22956838030579
8.14579042001678	8.39852908013316	8.16163852645188
4.83475064127216	4.81823398898567	4.97251495152272
4.92921532527565	5.06439457625507	5.13674434730103
7.446579747846	7.77855028751319	7.38178550758268
4.58682312782857	4.80700673356242	5.08089111256752
10.0459619620832	10.1354011719149	10.1012131711184
9.05849834222061	9.25098627616367	9.01783894203222
6.14141197950621	6.19071102603647	6.49117508187572
8.43678665535226	8.6359365612139	8.57443058552508
9.37798601638359	9.50136462078387	9.52208800403719
4.2224117016197	4.24995022941115	4.51946412630715
8.62024612936602	8.76555944899343	8.71942229482764
8.88668528136235	9.1044962347234	9.0141158559895
4.00828689626684	3.42171657767763	3.50538894109543
8.68560720196635	8.82590235468407	8.92572074004378
7.39049300307832	7.43636335364203	7.55406278783111
8.64983292535437	8.8924791927437	8.69172169905935
8.18991955727496	8.47145401811039	8.26446120338198
5.22241170161969	5.39196923428357	5.54032273120481
6.10139630065833	6.22907149973523	6.15489169401129
8.56164739960217	8.72884767063691	8.58283302652077
10.1140208395234	10.2006653250172	10.280821704078
4.59964716818615	4.92594780628593	5.08089111256752
4.87750028873149	4.9567538530671	5.28417471095626
5.37938104795809	5.44363135410607	5.54720911679005
5.42332439554569	5.19932415634118	5.7696015381265
7.91132516637976	8.04779806572437	7.93493927007316
4.23889982440826	4.37686234189337	4.73985419473245
4.57388407212107	4.88382233061325	5.15489169401129
3.47990792391206	3.33056868961943	4.00288860056625
5.11038508388558	4.94655808596121	5.35652555518095
4.66211125513281	4.57519105833935	5.10908800439817
8.95813305677744	9.09529607574339	8.95384944191172
9.53769142049769	9.57643137511517	9.69405050511932
6.35689703380672	6.50744645170351	6.62412648767895
4.53435570793444	4.7377440711253	5.25081611400983
4.40882482585058	4.49350726074564	4.88824603462512
4.91901955816976	4.31480137376111	5.19051560374201
8.44213658128851	8.30086218280324	8.51858843885029
5.80737420234085	5.50744645170351	5.87735771848238
7.84690256652749	7.89844211988602	8.00913674823142
8.96062046263653	9.00299403159093	9.00851314976012
4.99863672623313	4.71389732917094	5.02278815800395
4.33405705744861	4.52125225122854	4.5878511012874
5.00828689626685	5.31480137376112	5.6077506587251
9.0344967755897	9.13399790846324	9.05636201383556
8.77735333360008	8.96182484261452	8.73533871360996
9.17285866321495	9.32565988923581	9.21990384444824
7.57712973162473	7.61436165562002	7.7622220077609
8.2440139561049	8.39196923428357	8.38371038450717
3.96929276465098	4.34616554467045	4.35652555518094
8.34932381410191	8.40691957574955	8.24023136336866
6.08780723591037	6.11078748173952	6.34866343740797
8.55836668177934	8.87578501154783	8.78133083070861
7.05326380498523	7.25615537893786	7.08089111256752
9.10477366086065	9.30784861311935	9.16051624320517
8.88341163566252	8.97128517186359	8.77986987358033
8.53017519199592	8.71689981733246	8.58534424567682
5.47990792391206	5.63989674772716	5.65951208641484
9.64326730949982	9.75792708559251	9.74173148197312
9.84522090758794	9.98909066307314	9.87769922518084
6.39049300307832	6.55519958315188	6.61432331264859
4.57388407212107	4.39196923428358	4.53340331726502
5.84555739622874	6.2705311068336	6.14130262926334
10.8627813144217	10.9817764068668	10.9084427486119
4.63744920089854	4.89446957481276	4.8216482858961
4.30303016182798	4.39196923428358	4.78715990951081
8.9895306890112	9.14518598346253	9.05092129698804
9.04801020607109	9.24579858614068	9.16723688443112
4.73366451615784	4.86228916906361	5.17281360200856
5.21409643340769	5.47234265074759	5.5878511012874
5.49371372343709	5.47943207553392	5.71560664848577
4.43767968852276	4.31480137376111	4.5878511012874
9.80183601879942	9.99714005542721	9.86741869445112
9.61314895442571	9.748054339903	9.6547375810945
4.33405705744861	4.39196923428358	4.81024352262385
4.98892157139992	5.24995022941115	5.31677937638819
5.90358951760015	5.93628975050739	5.98778170817603
9.04566911826993	9.11875504856738	9.06658327588363
8.74813499896618	8.87913933772965	8.74435558696739
9.14688295701779	9.33399493899442	9.09857864560839
4.69833144304556	4.72586997083701	4.75182683639852
8.97607033229414	9.06321542208981	9.16388047723855
5.07408895466259	5.18204616490934	5.13674434730103
8.85695156263047	9.04958542301376	8.91843605830521
9.25114342016301	9.37781117128692	9.2150471892659
8.94122994907564	9.03161141510092	9.08562903157418
5.30303016182798	5.17332894780823	5.49117508187572
8.64365435042525	8.85957478436657	8.57021094215167
8.83948856027882	9.01950311875637	8.83155402886926
4.50738866033417	4.52125225122854	4.92042644037427
9.0619775120118	9.31033559018908	9.10325892559597
3.96929276465098	4.14685673644704	3.56088405368714
4.49371372343709	4.81823398898567	4.87735771848239
9.66668882123935	9.75391300801882	9.70332831870734
9.15559359504714	9.24787590117329	9.29546587172119
8.97545550379948	9.09009508658642	8.90375540854699
6.01308788253067	5.92594780628592	6.10908800439817
4.57388407212107	4.66498772868999	5.10908800439817
7.92540035159148	8.04660526281154	7.88688948065503
9.38633604314512	9.499622235257	9.58199498116413
9.18938944702064	9.28223351130468	9.2306382320722
9.50440832423333	9.64935707697623	9.60404033938673
5.20573296047306	5.19932415634118	5.34075823932263
4.11931820865559	4.23327148826451	4.43287644131106
9.19732072065687	9.22380426116848	9.25292377697182
4.20573296047306	4.07379327425732	4.6909445942515
9.63744920089854	9.71914758985814	9.79115378281767
9.7857942842959	9.90273340220147	9.84104200999219
8.62338925706	8.77998651962871	8.58115644871339
9.57631900103813	9.75901989845191	9.55235242006601
5.95439388827164	5.89446957481276	5.98271071862861
9.10533578634639	9.24371827569963	9.02278815800395
9.06371395560064	9.19663807282294	9.16723688443112
5.02739571921455	4.87309592402019	5.19051560374201
8.83475064127216	9.01402105373995	8.88349250465449
8.04976353224301	8.22380426116848	8.06178228961981
13.2116512146199	13.2846701493007	13.3367893371197
12.3390245464738	12.4645484932658	12.4406984581237
5.13702021038905	5.24995022941115	5.48401529030286
5.55425526537214	5.36159558524006	5.73383040710468
9.86593619923504	9.89480103835032	9.90342001506858
8.26227616249764	8.39196923428357	8.59700581643052
9.78964660979151	9.92756863000532	9.89938919975949
8.82112735740818	8.94911379086497	8.91843605830521
9.55384347857303	9.67196664870502	9.6694085104653
4.77946820577097	5.14685673644704	5.25081611400983
6.3225000260262	6.51781316726177	6.57443058552508
9.43589306904875	9.52039324849945	9.52775675412388
9.16263246640608	9.30934131376041	9.3788933682094
3.90875122271594	3.97693173500473	4.25922835382603
9.06602596737893	9.16070494261045	9.13102616684295
8.7688627056157	8.97065640957824	8.76296166173296
9.35831259732917	9.58795653231208	9.48536046060161
6.51756046539146	6.77567352675763	6.59783518986002
4.83475064127216	4.99683129244243	5.19928581336974
9.89451185593268	10.0301034239101	9.93231140952712
8.94060008875527	9.10392294044171	9.07732743424444
4.2224117016197	4.40691957574955	4.53340331726502
9.17178562854973	9.33252754265749	9.30666934874335
9.50099466977844	9.67041869250406	9.6015614813183
8.6636387248794	8.88649151738923	8.69946981135013
9.84117691043159	9.95897460453061	9.94768198831236
7.35122084927451	7.61918403907686	7.53166826589428
4.72198271111021	4.6524967845068	5.17281360200856
7.07178983857301	7.1557348877935	7.28829081942849
6.96186255917549	7.11988968884678	6.92836062191648
9.67163151563293	9.83110751381533	9.67962928102367
5.82386232512942	5.94655808596121	5.93099568208446
7.84421097052122	8.14462863555493	8.15263572007092
3.68635880137949	3.9567538530671	3.9622466160689
8.13811940666385	8.41155996264146	8.16723688443112
9.64133054583012	9.77890947960788	9.76443983301072
4.36443070649212	4.36159558524005	4.76370093668682
9.18832864179573	9.32418398625196	9.22313255532411
9.07006309385354	9.22907149973523	9.11778769934855
4.92921532527565	5.19071102603647	5.34866343740797
9.18194737798593	9.28779693465823	9.23757299696164
9.25722647221485	9.45536431557208	9.38899059184861
4.67428596907891	4.6271856959776	5.22528102190269
9.17124881178413	9.39478424989063	9.21234196619519
5.83475064127216	5.89976387448227	5.95708491095312
8.64210556332976	8.7763932549047	8.82660965914053
9.58963814343563	9.68620705150981	9.74285668289397
4.40882482585058	4.79569142033458	5.20800303047086
5.53435570793444	5.82937454659087	5.81595717381824
5.24707375585396	5.21639766970012	5.61432331264859
4.18885914190867	3.87309592402019	4.72778136243187
4.23889982440826	4.26643835219971	4.3248166954536
7.09688081953583	7.29685469400172	7.06658327588363
9.48510059313238	9.71614978090231	9.50803851950938
7.08552989519931	7.32073432951485	7.28004682533358
7.36630799373279	7.52296872381756	7.60610280584362
7.81426716834823	7.78857401546543	7.8909553218831
8.63977926069045	8.65406407965375	8.91644292645577
8.66134691337141	8.63116994330658	8.70332831870733
5.72783543735564	5.74364467256499	5.95708491095312
9.08723823766167	9.17442148480925	9.14414425917728
8.95501775640716	9.15628796237987	9.04545998431788
9.78228322137802	9.85344868156973	9.87940554713124
9.74669446460696	9.85413064567645	9.84488966543074
9.77876359279438	9.87846909611904	9.76185203852157
9.50398205889092	9.64068748221716	9.62045809882069
9.20887494728495	9.3023621257984	9.27694314172518
9.12985494808381	9.25046834578981	9.2322415236329
9.39831250753762	9.51867370712676	9.44352710304897
8.75029310713358	8.92139978842973	8.72094573218239
4.97914055060733	5.19071102603647	5.49829951630911
8.84083939843078	9.05612018627615	8.87735771848238
4.88799266254914	4.68964978292426	4.92042644037427
4.77946820577097	4.66498772868999	4.88824603462512
8.27132130210064	8.47766298268086	8.36823897574473
9.6640203397582	9.82729223440707	9.76554746841322
8.84421097052122	9.01828668104443	8.92506001411472
8.04508325225543	8.13792361167703	8.05696527332204
5.89840927849447	5.74952123890166	6.00288860056624
6.34552224394206	6.43636335364203	6.60114792390086
9.12985494808381	9.35534702123857	9.12758434801556
4.77946820577097	4.7377440711253	5.14584655440828
8.0285816584847	8.14574311613634	8.20256094540261
4.43767968852276	4.36159558524005	4.51946412630715
6.99378732657173	7.16675629388475	7.18169175335501
9.28279706239763	9.40831325968426	9.21288341677047
9.48941358600347	9.63752194053925	9.50184858339018
9.53519035941325	9.66109591343299	9.68158653955327
7.53602452829505	7.7108885792986	7.66427084292598
8.93996995332665	9.09932836636446	8.9972420374251
9.04273740614363	9.25718698072717	9.13331615945215
3.88799266254914	3.99683129244244	3.9622466160689
9.14797466727866	9.29986135373717	9.20365100593115
8.77876359279438	8.91029454197444	8.78351949617144
3.88799266254914	4.01646009919137	4.25922835382603
8.65828549038519	8.8126312827563	8.65871743200704
4.64983292535437	4.86228916906361	5.12758434801556
4.5476525305479	4.37686234189337	4.46232021920354
5.01787294509605	5.19071102603647	5.6077506587251
4.63744920089854	4.82937454659087	5.22528102190269
8.82931675522153	9.05730515146875	8.82306756298143
8.79069546119422	9.04062641032212	8.83084872695304
5.64983292535437	5.70182449687036	5.76370093668682
8.64906204901175	8.71764946403204	8.88145047311627
9.95283303662	10.0079053386009	10.0069529732905
4.97914055060733	4.93628975050738	5.46232021920354
4.67428596907891	4.92594780628593	5.06178228961981
4.15450763711789	4.42171657767763	4.8216482858961
4.5476525305479	4.47943207553391	4.76370093668682
8.97545550379948	9.14796949781412	9.2150471892659
9.90714017280995	9.99528648552656	9.96610581152452
4.71020554333385	5.07379327425732	5.16388047723855
3.50738866033416	3.63989674772716	3.78715990951081
8.92157526307352	9.05137056868293	9.08266965609364
7.40334969578443	7.56522994828914	7.46232021920354
9.49885702671305	9.61315353688294	9.51420201090174
4.99863672623313	5.14685673644704	5.21666789159798
4.91901955816976	4.99683129244243	5.43287644131106
4.49371372343709	4.49350726074564	4.5878511012874
5.47990792391206	5.52125225122854	5.78133083070861
8.87354589144287	9.01157787781162	8.95255321986505
8.70798658102886	8.87511320942119	8.67845365006831
8.87420571081906	8.99064211503564	8.91244838295075
9.90907321692347	10.032816674186	9.94083451340354
4.10139630065833	4.18204616490934	4.19051560374201
4.59964716818615	4.79569142033458	5.01287268913887
4.27132130210064	4.29885982989209	4.79874788378602
4.81289120730842	5.054934247006	5.17281360200856
3.68635880137949	3.82937454659087	4.40281920745488
4.56082791929563	4.47943207553391	4.88824603462512
9.2399241020806	9.36255450520948	9.15714414574267
9.27981217504137	9.4313452788754	9.36092924025788
4.42332439554569	4.40691957574955	4.60114792390085
7.04859488492038	7.44905842649039	7.15263572007092
8.04156305114114	8.22907149973523	8.12873253354444
7.19942838361886	7.50223502505817	7.38755245080157
9.74019420061003	9.8741049193108	9.71063117319181
9.79836382689262	10.0258726436321	9.75925959390504
8.70353839135631	8.8924791927437	8.60362749204069
4.97914055060733	4.74952123890166	5.20800303047086
8.88995151558719	9.10678713642096	8.92108929131214
5.70428070937675	5.85685528301298	5.88824603462512
3.90875122271594	4.23327148826451	4.51946412630715
6.37938104795809	6.53152058668237	6.83014308006155
8.61945927631085	8.93564554641502	8.62249724409429
9.19415344157818	9.3966578800772	9.4230827732311
9.70316708906604	9.79640123340715	9.90241336655171
5.09235116105532	5.17332894780823	5.28417471095626
9.04801020607109	9.14630003374251	9.16275993734463
8.88472198547185	8.99312097310406	9.03324920434823
5.63121724718702	5.77279101822451	5.96738991934486
9.33980103998341	9.5182435013562	9.3745442591151
6.70130914284546	6.96687807034081	6.68471264053999
8.91132516637976	9.09298683949063	9.0671822773624
7.78087640016378	8.02011095320433	7.89230805994835
4.23889982440826	4.21639766970012	4.3248166954536
2.47990792391206	2.56189423572589	2.83296359912393
9.70242419767944	9.83939690242894	9.76074156120627
8.61630756551969	8.75025412946397	8.79296553119201
7.62965504341674	7.8126312827563	7.83858814831781
7.50227573694051	7.66343226218795	7.56767321934977
8.35311539326429	8.60628835508434	8.35259985196714
9.97083591918991	10.1443498808365	9.98873053756958
9.15124485010889	9.27206290139359	9.27901300584048
6.80183601879942	7.0382279142736	6.94409926935864
9.64171810662248	9.77062535100639	9.77950440301703
8.9593772957859	9.15905015935785	9.09916451162289
8.34932381410191	8.39196923428357	8.67531394253774
4.86693104702131	4.86228916906361	5.23384303540611
4.88799266254914	5.39196923428357	5.33280948620714
9.77876359279438	9.83801864100012	9.86466480186423
9.70428070937675	9.8227702209323	9.84768152898394
4.97914055060733	5.19071102603647	5.09975013981883
9.38170310711203	9.37401210380945	9.47275649240324
5.5673707651624	5.33838819407873	5.67845365006831
5.16317249824502	5.07379327425732	5.24235453526163
9.20205863966353	9.35967583107669	9.37260710536197
5.39417804988617	5.36159558524006	5.85533141215238
6.77664768670859	6.84866588519963	6.98271071862861
6.30694521183136	6.29484676738547	6.58115644871339
8.21305364692146	8.30485857051354	8.47591782260426
5.78509275496484	5.62078792477946	6.10442662702831
8.55178277969262	8.61355635554838	8.75629108454312
7.84555739622874	7.70182449687036	7.90039795988045
5.71610614477354	5.79000030825673	6.18169175335501
8.68410282743912	8.7318192371682	8.75331645453901
4.08324895394807	4.37686234189337	4.02278815800395
6.6028354458172	6.60790663348272	6.73383040710468
4.33405705744861	4.29885982989209	4.35652555518094
5.80737420234085	6.00176358798467	6.01783894203221
5.87222534669082	5.71989606979238	5.92042644037427
4.88799266254914	5.06439457625507	5.20800303047086
5.01787294509605	5.02617525402458	5.42542063639201
4.84555739622874	5.0454114728875	5.10908800439817
4.80183601879942	4.77279101822451	4.97251495152272
5.37192524303905	5.27461228364542	5.59451483156841
9.14797466727866	9.26130602718232	9.25134331848889
9.11094502763059	9.10220168944307	9.13959496083643
4.9593772957859	4.91553119034059	5.0326359439603
4.63744920089854	4.14685673644704	4.62737946547403
9.30155927465803	9.36447043516024	9.50980220559808
4.84555739622874	4.60142259991252	4.72778136243187
4.77946820577097	4.78428665706233	5.05213211958609
6.48682733785185	6.5143658656433	6.62737946547404
5.88799266254914	5.71989606979238	5.86086959569382
4.99863672623313	5.30685262064562	5.30869703009033
10.2192990897524	10.247356852763	10.2673312007928
4.20573296047306	4.74952123890166	5.0326359439603
9.89711130716006	9.92205038372413	9.96771076779294
6.60919094085703	6.60790663348272	6.79296553119202
7.35689703380672	7.25202157943084	7.50538894109542
5.8562838028218	5.92594780628592	6.20800303047086
5.93428631482307	5.7670086656305	6.21234196619519
5.88799266254914	5.85140085292087	6.00788928162461
5.37192524303905	5.21639766970012	5.54720911679005
6.21826005834923	6.30286176044959	6.57105585874442
5.96929276465098	6.24995022941115	6.43287644131106
9.72234920293001	9.83801864100012	9.86363073537087
5.31084966628728	5.46521821631421	5.8216482858961
5.98403935002017	6.17332894780823	6.36823897574473
4.67428596907891	4.86228916906361	5.01287268913887
5.18885914190867	4.74952123890166	5.65951208641484
6.10139630065833	6.24579858614068	6.25081611400983
6.05093123367534	6.0454114728875	6.19051560374201
4.92921532527565	4.97693173500473	5.30869703009033
4.53435570793444	4.53492718812562	4.92042644037427
4.77946820577097	4.47943207553391	5.16388047723855
7.86693104702131	7.85821567447718	8.06897779102401
6.73075292073793	6.69574998246067	6.98524844143052
9.58762797863934	9.65641183451018	9.74846956135586
5.8562838028218	5.78428665706234	6.07136833844901
4.66211125513281	4.71389732917094	5.17281360200856
4.61235821993571	4.81823398898567	5.15489169401129
4.27132130210064	4.31480137376111	4.54720911679006
6.76531014277431	6.79569142033458	6.96482055973273
6.12819636000204	6.19932415634118	6.03263594396029
4.74525249043305	4.85140085292087	5.11836581798618
9.16101115695555	9.13455937764366	9.14641354008699
4.92921532527565	5.02617525402458	5.11836581798618
4.34932381410191	4.09240895242467	3.87735771848239
4.57388407212107	4.18204616490934	4.87735771848239
9.5150242296825	9.58795653231208	9.59077027132116
2.90875122271593	3.23327148826452	3.19051560374201
5.14579042001678	5.45805842474135	5.51244369862938
5.71020554333385	5.87309592402019	6.02278815800395
8.94625895648915	8.93242020404573	9.06897779102401
5.16317249824502	5.34616554467045	5.58115644871339
9.64442812091357	9.78535969172756	9.80773666701327
7.42332439554569	7.28678699759152	7.60445306862453
4.71020554333385	4.74952123890166	5.04241696475288
9.61354415920585	9.65562967399176	9.68080395475464
9.89905782651209	9.90207403516947	10.0035146344406
6.26328398303522	6.29082251082668	6.19928581336975
7.54268057258537	7.53322489289462	7.66743464910815
10.1604703153219	10.2118821885776	10.3248166954536
6.92157526307352	6.92594780628592	7.12298244605655
4.84555739622874	4.88382233061325	4.77547810446317
5.81838719506327	5.71389732917094	6.03753474337313
4.40882482585058	4.24995022941115	4.34075823932263
8.9273090994433	9.02678028445529	8.98524844143051
4.46596873295418	4.6524967845068	5.14584655440828
4.80183601879942	5.06439457625507	5.16388047723855
7.57063109432598	7.70485218956793	7.50184858339018
8.87815830244456	8.94014894596302	8.82377667827754
7.69534758460674	7.97693173500473	7.84139222119451
7.80737420234085	7.89181512136678	7.88145047311627
8.57063109432599	8.76265664109079	8.75554800183759
9.05733675194781	9.12667885450941	9.17781428306692
8.96496312998183	9.09240895242467	8.99975434984211
8.75029310713358	8.88047888753888	8.86845005041608
8.9222134825225	9.02314628998755	8.9010700749827
4.25520163673737	4.37686234189337	4.34075823932263
9.38309455075716	9.56772668102804	9.41980338708576
5.07408895466259	5.26643835219972	5.22528102190269
9.64713305415171	9.75646871292257	9.76000076784423
7.02502091202665	7.26027736757305	7.33678933711968
9.23582262087926	9.43590788559061	9.20365100593115
9.21826005834923	9.41202318147378	9.28829081942849
8.85828615573295	9.00667907839878	8.8990527895817
8.71389624639777	8.79213710702932	8.73609227593625
4.71020554333385	4.84042973509987	4.98271071862861
9.39785370802957	9.62598827299486	9.38611287472248
9.14579042001678	9.20039719100641	9.05997779277306
6.29122085953835	6.1601535590605	6.30056914920693
6.02739571921455	6.35775351894566	6.26759182676066
7.98036681080941	8.18746779865139	8.14357638078346
4.92921532527565	5.01646009919137	5.33280948620714
8.86891868688687	9.13006149390406	8.95190467184744
7.00588039855976	7.14685673644704	7.20147006063163
9.28627164356661	9.45356544371697	9.38515235868108
9.4019776604543	9.522539797089	9.47275649240324
7.53268495494993	7.67582928833742	7.59783518986002
9.23736204308567	9.48868438877211	9.24870536741402
4.02739571921455	4.21639766970012	4.06178228961981
8.59964716818616	8.84798133237973	8.62819156515261
8.41064526147495	8.64778465715747	8.4875996276519
9.33357735834497	9.48736625707613	9.43101609928553
5.04625474646587	5.01646009919137	5.33280948620714
4.59964716818615	4.71389732917094	4.6909445942515
6.93428631482307	7.0430209254625	7.1503762128888
8.62887330671872	8.82032940698786	8.56258434267697
7.67882512869408	7.85685528301298	7.77694351346767
4.23889982440826	4.0358254240583	4.40281920745488
8.92603688151175	9.02798958464419	9.15094142153105
9.50099466977844	9.65914606174966	9.5532078574115
9.59164551128541	9.73515494973145	9.59907835671065
8.56000797324293	8.74290841583	8.87325332014965
9.68033501375172	9.82972130660718	9.82093812342008
8.66211125513281	8.8858246835244	8.66506244516307
9.35736904265794	9.57353564216128	9.41510558078271
8.2368490848435	8.59735523031433	8.47320853534628
4.10139630065833	4.63989674772716	4.44767344323914
9.30987454287004	9.39478424989063	9.30413073284832
4.53435570793444	4.91553119034059	4.88824603462512
9.25722647221485	9.3801805182489	9.31979862068698
8.59964716818616	8.69651069697389	8.71254684873671
8.7212494480495	8.9794342422079	8.77474484140246
5.3340570574486	5.1645587381805	5.6077506587251
8.70205260848463	8.82937454659087	8.99787052579962
7.23479542607553	7.33448373962282	7.24023136336866
5.98403935002017	6.32664298640563	6.26759182676066
9.15992927085994	9.29585108001976	9.19326202574198
4.23889982440826	4.52125225122854	4.60114792390085
8.66592690147467	8.88248588305043	8.68158653955327
5.29516804405501	5.5143658656433	5.66585361328867
7.26730823959402	7.40691957574954	7.34273860345086
8.81907272372473	8.98130827803005	8.96674800830384
8.97299356627218	8.99929954803319	9.14414425917728
9.5251425297731	9.75135276770025	9.71139774868322
9.32925287371883	9.55142014412007	9.39329643333637
7.99013954955659	8.14796949781412	8.08326201703026
6.63121724718702	7.01157787781162	6.79296553119202
8.60601669306188	8.80206720059514	8.64674479034097
5.31084966628728	5.35390119345006	5.50538894109543
4.53435570793444	4.49350726074564	5.05213211958609
4.84555739622874	4.52125225122854	5.01287268913887
8.33597426044289	8.60466825941618	8.42822108057296
4.3793810479581	4.57519105833935	4.86638660066138
8.74597365767671	8.92983472837009	8.69172169905935
9.58198457089219	9.6163729413785	9.70948054568893
8.90423574159344	9.05967216601267	8.97315430231577
8.6960941279822	8.93950646319093	8.85324909996858
9.49457221500713	9.64817792281096	9.58450765821303
12.5522982304255	12.6634808959098	12.6308277364577
5.69833144304556	5.65875577497848	5.86638660066138
7.318627016879	7.50917941892797	7.75629108454312
9.39141514759095	9.49131704468677	9.48938846240171
9.28130539067326	9.42309604714453	9.30616198280146
6.93175304807755	7.0358254240583	7.09975013981883
9.71352760067176	9.81648547945048	9.82979012714459
4.75674812927088	4.72586997083701	4.98271071862861
4.56082791929563	4.63989674772716	4.84419085454718
5.61235821993571	5.62078792477946	5.85533141215238
7.13481930219578	7.22907149973523	7.32681904836475
4.72198271111021	4.81823398898567	4.84419085454718
8.04625474646587	8.17551319507011	7.99283493590232
9.00346987996907	9.09875301439636	9.05997779277306
7.87222534669082	7.89181512136678	7.88281214857449
4.52093519217211	4.37686234189337	5.18169175335501
9.45938808428939	9.73330272834353	9.44075624104314
5.79069546119422	5.8349127301323	5.83296359912393
5.08324895394807	5.17332894780823	5.41039242715968
10.0447902300058	10.1871972003123	10.1200987852106
4.56082791929563	4.34616554467045	4.6909445942515
4.58682312782857	4.6524967845068	5.06178228961981
9.95719917280424	10.1275252581951	10.1293062838168
4.77946820577097	4.91553119034059	5.33280948620714
8.76174881032925	9.00790533860086	8.87051055308611
4.47990792391206	4.29885982989209	4.41792609984509
9.52472234772822	9.62638752442702	9.59243572032676
5.17178562854973	5.23327148826451	5.27590709497266
8.90358951760015	8.98629383820842	8.90977919617476
8.38031032015827	8.57519105833935	8.43101609928553
5.02739571921455	5.00667907839878	5.19928581336974
4.18885914190867	4.52125225122854	4.75182683639852
9.29122085953835	9.48516669110518	9.29801976695511
4.45189354774246	4.61436165562002	4.86638660066138
4.3793810479581	4.56189423572589	4.41792609984509
4.23889982440826	4.1645587381805	4.47681978889865
4.94939320721328	4.82937454659087	5.26759182676065
9.95220822282033	10.0576012407547	10.071069736556
5.80737420234085	5.79000030825673	5.93099568208446
7.29713759390478	7.41987523085346	7.56936553044222
8.81220273435768	8.86025385947485	8.84558813798899
9.42151989869894	9.5556189102994	9.5325360524112
8.13811940666385	8.28375293750189	8.29239521776123
9.08951288541847	9.18963076013733	9.16500014748558
8.81082480202668	9.01828668104443	8.96674800830384
6.25114342016301	6.46878483133441	6.53686717256859
7.61709613894237	7.88782426117074	7.44951244290292
8.94500334714889	9.09760162164499	8.91976328474738
3.98892157139992	4.24995022941115	4.53340331726502
5.82386232512942	5.84042973509987	6.02772045354618
4.89840927849447	4.93628975050738	5.25922835382603
4.68635880137948	4.81823398898567	5.20800303047086
8.72564344649452	8.98629383820842	8.81095896773689
8.06718058532041	8.1557348877935	8.10908800439817
8.79697260688038	8.96245746487456	8.89298395363178
4.47990792391206	4.58836644708708	4.86638660066138
4.64983292535437	4.7377440711253	5.04241696475288
5.07408895466259	4.84042973509987	5.49829951630911
7.83339408730207	8.03942766073849	7.98144018130221
4.63744920089854	4.54847371996356	4.83296359912393
8.74236421110823	8.89181512136678	8.78861350665231
8.92476354070456	9.08429413369277	8.90375540854699
9.41200908231786	9.51738270476689	9.47952230927848
9.47251950116797	9.65014264467377	9.54892558937908
4.53435570793444	4.31480137376111	4.85533141215239
9.33884529629765	9.49787774285473	9.46186475115212
5.26328398303522	5.09240895242467	5.50538894109543
8.72051581211155	8.82172466342243	8.81524420368221
8.82931675522153	8.97316981620853	8.90241336655171
4.30303016182798	4.61436165562002	5.02278815800395
3.98892157139992	4.34616554467045	4.54720911679006
4.73366451615784	4.79569142033458	4.76370093668682
8.50568636510317	8.78571719266877	8.66268633420999
5.87750028873149	6.02617525402458	6.07613758259688
7.18673597001569	7.40133133748727	7.42915335526834
9.77841115721405	9.88114819631492	9.85810316140244
9.86327991302385	9.91683738784121	9.99188880293089
9.55836668177934	9.74878797584095	9.58115644871339
5.31084966628728	5.01646009919137	5.19051560374201
9.06255655879497	9.0778860288912	9.12009878521063
8.82522786715365	8.99064211503564	8.89703267950944
9.90939513928136	10.0451128709945	10.0554566513704
4.96929276465099	5.2078861698446	5.52645055662326
7.23479542607553	7.4598517065644	7.40471624262747
5.61867199386791	5.55519958315188	6.07136833844901
4.76815289254313	4.7377440711253	5.15489169401129
7.88799266254914	8.02253973330808	8.06298403482956
4.45189354774246	4.28274016452882	4.5878511012874
8.61630756551969	8.92918763482217	8.79513663023364
9.38263088530535	9.50787988870268	9.34372776704182
8.7688627056157	8.99559557926977	8.77547810446317
4.57388407212107	4.7377440711253	4.64031852118153
8.79975370661561	8.98068386986584	8.86225082609218
4.90875122271593	4.63989674772716	5.41792609984509
9.58762797863934	9.69803092371192	9.69172169905935
8.21409643340769	8.42997367835293	8.32180794558127
8.78789682784155	8.86296696801471	8.84069171375618
8.59003984051211	8.77855028751319	8.54204741167427
7.04156305114115	7.0667499972532	7.26550549951219
8.58117656468743	8.77567352675763	8.64353523386508
8.52093519217211	8.84935011335611	8.48401529030286
7.4501244548894	7.69574998246068	7.54032273120481
4.61235821993571	4.39196923428358	4.97251495152272
8.62024612936602	8.74069738851465	8.64192777404319
6.33021499115421	6.57187832429851	6.73985419473245
5.18885914190867	5.00667907839878	5.14584655440828
6.9468863516027	7.1645587381805	7.2465915281481
8.59805038325183	8.74878797584095	8.69249838550658
9.73475485129543	9.80100652535494	9.67766936353587
9.47600111984927	9.6789119712216	9.60404033938673
4.42332439554569	4.54847371996356	4.8216482858961
8.40060431904561	8.61516650643079	8.58868575276621
4.5476525305479	4.92594780628593	5.37212241023196
8.99500120551662	9.11021668250719	9.16219934085773
9.94908008837518	10.129779910017	10.1376001229312
8.55754533530633	8.65171249797436	8.78788689115425
4.318627016879	3.99683129244244	4.86638660066138
9.90552732184165	10.0352241758559	9.94442533898165
4.3793810479581	4.47943207553391	4.66585361328867
8.53519035941325	8.77998651962871	8.51595818280561
9.11374149107816	9.15684082501967	9.06178228961981
5.14579042001678	4.99683129244243	5.16388047723855
5.30303016182798	5.11078748173952	5.60114792390086
9.01846996353655	9.1261143093874	9.01659898059715
9.18088108448514	9.33203807868642	9.27953000819
3.88799266254914	3.99683129244244	4.20800303047086
7.62181854918478	7.76555944899343	7.60114792390085
5.79069546119422	5.72586997083701	5.78133083070861
4.06487042463321	4.42171657767763	4.78715990951081
5.06487042463322	4.94655808596121	5.30869703009033
9.37379280969581	9.56314603193535	9.4277547172132
7.4501244548894	7.67428547327208	7.59118681385066
9.69646725485377	9.86025385947485	9.78279030988304
4.83475064127216	4.60142259991252	5.16388047723855
8.67125190898928	8.90174423861051	8.92704128479583
7.46596873295418	7.62078792477946	7.72778136243187
4.02739571921455	3.97693173500473	4.43287644131106
8.39233670306201	8.62158919946869	8.35063298725774
8.50568636510317	8.71614978090231	8.50273448764945
7.41790411976144	7.65562967399176	7.51068324076494
4.94939320721328	5.19071102603647	5.40281920745488
8.70056529387776	8.84386718023547	8.74060540278946
8.75674812927088	8.97065640957824	8.87940554713124
6.20573296047306	6.55519958315188	6.22098088446907
8.57874982729289	8.79071292622177	8.66506244516307
3.8669310470213	3.89446957481276	4.27590709497266
5.11038508388558	5.054934247006	5.36434505964024
5.52766105536043	5.84042973509987	5.8216482858961
8.57225850007203	8.75464367151425	8.65951208641485
9.05791766399145	9.188549684747	9.06478477778133
7.89451185593268	8.16235782998723	8.08444600974414
5.97914055060733	6.1557348877935	6.46595879626689
7.58036810569127	7.83353017608218	7.54720911679005
4.90875122271593	4.84042973509987	5.07136833844901
9.99893927316533	10.0924089524247	10.1557367755785
7.01068938648215	7.15794591510885	7.20147006063163
4.98892157139992	4.85140085292087	5.17281360200856
9.90423574159344	10.0033014785907	10.0363116021037
8.93555128205965	9.09529607574339	9.09270686281471
9.25418815229745	9.32221376397117	9.35063298725774
4.40882482585058	4.23327148826451	4.76370093668682
8.33309749968733	8.4161854717044	8.41510558078271
8.99863672623313	9.25615537893786	9.08089111256752
9.36536965546174	9.50961233567267	9.35456403884766
9.03390635403822	9.07963651853879	9.08029777715266
6.39785370802957	6.54847371996357	6.50892063206568
9.51205964173598	9.6239903568178	9.46140913926111
4.11931820865559	3.91553119034059	4.57443058552507
9.78122823409818	9.92886397917507	9.76702299402472
4.2224117016197	4.28274016452882	4.53340331726502
4.46596873295418	4.56189423572589	4.76370093668682
5.11931820865559	5.09240895242467	5.45501541858031
10.3249153874491	10.3975937834775	10.3825076374255
9.4019776604543	9.54171635378826	9.59493029450602
5.37192524303905	5.64621052165936	5.83858814831781
9.32588040089032	9.54805231057226	9.37792803191317
4.53435570793444	4.6524967845068	5.395206023345
4.46596873295418	4.78428665706233	4.8990527895817
8.92157526307352	8.97065640957824	9.00100886734802
4.84555739622874	5.17332894780823	5.34075823932263
8.67731366177648	8.96813861654672	8.80306948973611
6.80737420234086	7.1557348877935	7.00288860056624
4.82386232512942	4.9567538530671	5.43287644131106
8.56981670252288	8.86567498390299	8.6862731545276
9.7340280527708	9.78535969172756	9.85081593102989
8.80391532981161	9.05552733850085	8.91178154908591
4.49371372343709	4.45086292333714	4.88824603462512
5.00828689626685	4.81823398898567	5.18169175335501
8.86825644448787	9.04122541180089	9.0466753972296
9.3426644779877	9.58590520957079	9.41416418104889
8.62338925706	8.91029454197444	8.81024352262385
6.46596873295418	6.67428547327208	6.62412648767895
4.90875122271593	5.23327148826451	5.40281920745488
5.03685604846362	5.14685673644704	5.37212241023196
8.67352805204499	8.8265974619203	8.62981439439109
9.76424266581781	9.86296696801471	9.8019903012747
7.47295516327029	7.74658594787711	7.63870747127555
5.36443070649212	5.24995022941115	5.32481669545361
9.61117130498527	9.71952187836481	9.71331240727996
5.18885914190867	5.06439457625507	5.37212241023196
4.34932381410191	4.56189423572589	5.00288860056624
5.55425526537214	5.7553739651471	5.82731703598279
7.40517704883543	7.58179379316359	7.54720911679005
4.68635880137948	4.91553119034059	5.16388047723855
7.67882512869408	7.97818353121419	7.9151126404778
4.88799266254914	4.89446957481276	4.99283493590232
5.38679851952058	5.44363135410607	5.64031852118153
5.34171062999204	5.27461228364542	5.35652555518095
5.00828689626685	4.94655808596121	5.25081611400983
8.66440185372073	8.91160548712679	8.65394029174517
3.90875122271594	3.93628975050738	4.20800303047086
7.75101175972174	7.97442487939416	7.87188258841623
7.20573296047306	7.41987523085346	7.30869703009033
9.50951370865017	9.60547853466404	9.64353523386508
4.39417804988617	4.43636335364203	4.66585361328867
4.50738866033417	4.50744645170351	4.88824603462512
9.57063109432598	9.64542280935976	9.58868575276621
4.52093519217211	4.50744645170351	4.5878511012874
8.49371372343709	8.67196664870502	8.53859598648534
8.15233326588355	8.37875937706596	8.33380547868086
9.06313537326247	9.12045667452547	9.11315439134084
4.39417804988617	4.42171657767763	5.15489169401129
4.88799266254914	4.89446957481276	5.20800303047086
8.08666901491178	8.09471911311187	7.99787052579962
7.1259819389366	7.27868194795446	7.13445979410648
7.72637448022736	7.91029454197444	7.81595717381824
4.79069546119422	5.00667907839878	5.34866343740797
9.04976353224301	9.21321173898127	9.06837953472646
4.318627016879	4.60142259991252	4.73985419473245
8.47556637672683	8.63037397360865	8.73458475747004
8.69160906206669	8.99621356815944	8.81095896773689
8.82044280458828	9.01096643680188	9.03140864057629
8.31765713782339	8.51953373400224	8.358484408219
6.41609282631462	6.50744645170351	6.7842483140909
4.50738866033417	4.54847371996356	4.95190467184744
5.18885914190867	5.0358254240583	5.10908800439817
4.84555739622874	5.09240895242467	5.20800303047086
9.46553095566638	9.60871509247888	9.55192451110814
10.2314519830012	10.2862817638126	10.261585485215
4.20573296047306	4.60142259991252	4.40281920745488
4.27132130210064	4.43636335364203	4.86638660066138
4.17178562854973	3.9567538530671	4.61432331264859
4.98892157139992	5.00667907839878	5.09035144181658
8.5948515015845	8.73033421898161	8.57527303520793
5.56082791929563	5.55519958315188	5.74585293535389
7.93302023747908	8.0691015789326	8.12413429844579
6.03213363822122	6.0691015789326	6.27175545170219
4.72198271111021	4.46521821631421	5.18169175335501
8.38587341846875	8.56689491678425	8.38371038450717
6.93175304807755	7.0334189263512	7.03753474337313
5.10139630065833	5.19071102603647	5.44767344323914
4.64983292535437	4.74952123890166	4.95190467184744
8.37658963456053	8.57519105833935	8.43101609928553
4.75674812927088	4.76120304394929	5.01287268913887
8.89840927849447	8.9122605132633	8.96546332875244
5.43767968852276	5.24163496119914	5.56088405368713
9.27282332726587	9.45536431557208	9.32481669545361
4.00828689626684	4.24995022941115	4.79874788378602
9.78157998225082	9.86059327720159	9.72816017168727
4.71020554333385	4.80700673356242	5.00288860056624
7.45894830527642	7.68964978292426	7.50538894109542
8.75746357438393	8.96813861654672	8.87804065105887
4.79069546119422	5.0454114728875	5.05213211958609
7.48164089113652	7.76555944899343	7.74734873127937
6.29516804405501	6.3187593873298	6.35652555518094
3.88799266254914	4.33056868961943	4.29239521776123
8.75244799183726	8.87174949831267	8.87119673385571
7.38309455075716	7.53492718812562	7.65314256153912
8.67580060968091	8.87107581394793	8.70486883678312
5.86693104702131	5.91553119034059	6.22956838030579
8.56492067392951	8.72586997083701	8.80306948973611
8.22448305163939	8.39008950106535	8.3288186260111
5.66211125513281	5.5281059222696	5.7696015381265
8.75101175972174	8.98317988266991	8.82590193528975
9.53143061923182	9.55855079265152	9.62453351125081
4.69833144304556	4.72586997083701	5.01287268913887
9.61945927631085	9.68083530844939	9.65990924953942
8.79558004399148	8.9554833157407	8.9493075603614
7.46421682619259	7.67582928833742	7.47320853534628
5.37192524303905	5.52125225122854	5.97762184195581
3.8669310470213	3.80700673356241	4.29239521776123
8.37285932856271	8.53152058668237	8.39615987134067
6.01787294509605	6.0358254240583	6.12298244605655
5.60601669306188	5.65875577497848	5.86086959569382
8.8761833602595	9.01035473654218	8.8546376419823
9.44391549031894	9.6042629510722	9.45318342463142
4.53435570793444	4.66498772868999	5.07136833844901
3.96929276465098	4.61436165562002	4.43287644131106
4.50738866033417	4.82937454659087	5.25922835382603
5.00828689626685	4.90503881652294	5.02278815800395
9.62338925706	9.66265389958968	9.73533871360996
8.69833144304556	8.83006798329775	8.7622220077609
9.14906555204964	9.22907149973523	9.2096316609816
5.90358951760015	5.9918820764707	6.17725950703975
3.82386232512942	4.07379327425732	3.92042644037427
4.83475064127216	4.92594780628593	5.19051560374201
4.43767968852276	4.12893482844978	4.53340331726502
6.56410305132849	6.54171635378826	6.79006564068622
6.33788891903963	6.43271557662688	6.44398839643128
9.49842911775518	9.6195851776978	9.68275962136954
7.45718784741198	7.66498772868999	7.78133083070861
9.91132516637976	9.99126222896777	9.92572074004378
9.10308596906254	9.27206290139359	9.11605195214793
4.33405705744861	4.33056868961943	4.61432331264859
8.5368582151376	8.76047569579127	8.66980295887265
9.31133698094852	9.4620901787604	9.35210838712135
9.16479138194684	9.32319921144178	9.388511370771
9.33693190736879	9.52425473939006	9.23650827732595
8.37658963456053	8.58343976600715	8.41416418104889
9.01906673502009	9.23431957769738	9.14187140318787
4.00828689626684	4.29885982989209	4.56088405368713
4.52093519217211	4.71389732917094	5.11836581798618
8.57955919339596	8.71539935433617	8.59451483156841
9.35784089713177	9.52468315662881	9.33480078402623
9.29959575609582	9.38537942492322	9.24235453526163
4.9593772957859	4.82937454659087	5.44767344323914
8.69460065472162	8.93177426938489	8.96031314018305
8.68335005150715	8.79427074563496	8.73080905512944
4.52093519217211	4.34616554467045	4.35652555518094
7.12376411368679	7.32073432951485	7.17503826712307
9.26429110003311	9.46789400386498	9.45226655453962
4.30303016182798	4.14685673644704	4.53340331726502
8.91901955816976	8.99064211503564	8.92770110417202
5.45189354774246	5.66498772868999	5.92572074004378
7.92157526307352	8.1601535590605	7.91378112673226
4.58682312782857	4.42171657767763	4.8216482858961
8.89970608311293	9.11078748173952	9.0472827199247
5.18034764205315	5.25821784539475	5.71560664848577
5.01787294509605	5.42171657767763	5.34866343740797
9.3054783128327	9.38679406308941	9.52732148634538
4.57388407212107	4.53492718812562	4.75182683639852
8.43231317877295	8.53577758310508	8.67452794685451
9.43901820265084	9.64581671927098	9.52339815551898
8.68259688258329	8.65719357120819	9.0041403967757
8.84488434044751	8.94655808596121	8.96289053263433
5.25520163673737	5.61436165562002	5.64031852118153
7.8279550797633	7.98815899042799	8.11373436925454
4.73366451615784	4.7377440711253	5.04241696475288
8.81770134050275	8.90569683023601	8.87051055308611
8.71463325537466	8.84111787965901	8.75777610272971
4.5476525305479	4.56189423572589	4.87735771848239
5.81289120730842	5.85685528301298	5.88281214857449
9.80841024909338	9.82520691237564	9.72360788274302
5.04625474646587	5.12893482844978	5.37985805901157
13.5357899670428	13.6177038757061	13.6659277630608
13.0549743884907	13.1807215475198	13.1393457568904
4.81289120730842	4.34616554467045	4.90977919617476
4.82386232512942	5.01646009919137	5.19928581336974
8.90552732184165	9.0454114728875	8.88553164992808
3.92921532527565	4.19932415634118	3.92042644037427
3.13702021038905	3.12893482844978	3.04241696475288
8.45894830527641	8.6766005768032	8.75182683639852
6.29122085953835	6.24163496119914	6.33280948620714
6.80737420234086	7.10162748245405	6.76665425407617
8.17607298695282	8.38443556159817	8.10675919833819
3.94939320721328	4.33056868961943	4.25922835382603
9.33069580936926	9.51652139426913	9.45455763814147
8.95813305677744	9.15684082501967	8.96803154490175
4.5476525305479	4.43636335364203	4.61432331264859
4.89840927849447	4.67737145314582	5.08089111256752
9.05384635901733	9.27563077648044	9.2306382320722
7.67731366177648	7.83353017608218	7.94800724928564
5.45894830527641	5.58179379316359	5.69714974377821
9.18248022934596	9.35003855381766	9.25292377697182
9.12819636000204	9.21745808506641	9.1554551367214
7.46596873295418	7.5281059222696	7.49474169689592
5.14579042001678	5.01646009919137	5.37212241023196
9.70761642194	9.85617460593459	9.77694351346767
5.71020554333385	5.66498772868999	5.92042644037427
5.10139630065833	5.0454114728875	5.32481669545361
8.4224224292513	8.73256117343597	8.41227953670395
5.43767968852276	5.68964978292426	5.98778170817603
5.65598515233597	5.71389732917094	5.89365953081149
8.94751347399506	9.02071853166809	9.14357638078346
8.56981670252288	8.75683344432153	8.58534424567682
9.15667873615952	9.27715716883678	9.06957579933968
9.70130914284546	9.92107438072768	9.63143540022555
9.05209799074734	9.10678713642096	9.2386369314058
5.73947013783905	5.92074889961161	5.9414880559021
8.75388279557649	8.9656164217769	8.80163039231914
8.37285932856271	8.55099959462259	8.53686717256859
7.7653101427743	8.00790533860086	8.03386220416238
8.90488167625428	8.93564554641502	9.09916451162289
4.17178562854973	4.49350726074564	4.43287644131106
7.39049300307832	7.68964978292426	7.67216738722087
6.22241170161969	6.33448373962282	6.70332831870733
5.3340570574486	5.21639766970012	5.67216738722087
6.22241170161969	6.14685673644704	6.36434505964024
5.73366451615784	5.6271856959776	5.74585293535389
9.20573296047307	9.3172764044606	9.18445500844395
9.51882691320436	9.56105910109134	9.71101451185247
5.76815289254313	5.89976387448227	5.90977919617476
8.84218897293601	8.94143305378334	9.00038174495567
5.19732072065686	5.27461228364542	5.16388047723855
8.97852702942399	9.18367479542009	9.05877353974747
4.97914055060733	4.70182449687036	5.25922835382603
8.71610614477354	8.87444109431894	8.82873075000173
4.5476525305479	4.88382233061325	5.12758434801556
5.4305198969499	6.2078861698446	5.95708491095312
7.76957216962847	7.9630898098511	7.91378112673226
5.22241170161969	5.1645587381805	5.54720911679005
9.46026724034395	9.6239903568178	9.57905798282939
8.91581854722512	9.06557276745235	9.02093419110813
4.45189354774246	4.79569142033458	4.56088405368713
9.15776306168286	9.37781117128692	9.12987980600322
7.6848552107891	7.92594780628593	7.69249838550658
4.75674812927088	4.7377440711253	5.09975013981883
9.37938104795809	9.54213961770236	9.45134910138254
9.90649524877557	10.054044152351	9.97315430231577
4.40882482585058	4.42171657767763	4.87735771848239
4.39417804988617	4.68964978292426	5.13674434730103
4.2224117016197	4.60142259991252	4.75182683639852
8.51924881554423	8.74217178316611	8.53859598648534
7.3010686454947	7.46164276209038	7.37406021447345
7.40152002522734	7.47766298268086	7.49652170334121
7.23889982440826	7.33448373962282	7.56767321934977
4.17178562854973	4.56189423572589	4.6909445942515
7.94563128841708	8.00913055739288	8.07494674881826
5.26328398303522	5.34616554467045	5.49829951630911
4.67428596907891	4.6524967845068	5.0326359439603
4.2224117016197	4.21639766970012	4.64031852118153
4.39417804988617	4.67737145314582	4.8990527895817
9.16209223234588	9.28577635303818	9.24023136336866
4.87750028873149	5.0454114728875	4.97251495152272
5.00828689626685	5.02617525402458	5.49829951630911
5.53435570793444	5.54171635378826	5.73383040710468
8.70279569119016	8.8858246835244	8.81880553612727
9.14250783602748	9.36447043516024	9.30107848550203
9.65828549038519	9.75245056994033	9.72322787614504
9.17981400230566	9.39572136914468	9.14924513087015
