k4_temp10_1	k4_temp10_2	k4_temp10_3
4.92885601855865	4.24390826652012	4.87711006383018
9.00917518307039	8.86117608123611	9.02412509301432
8.69228381228836	8.68107230530217	8.52440738830944
9.51565284252869	9.42813680599193	9.45982782309818
4.88411770379337	4.59071103004652	4.60543673972252
9.94289779033962	9.8412321532509	9.84891095851492
9.00395747379937	9.00805869001256	8.99465625484563
4.68984888337131	4.7756287459643	4.99092996338735
8.89049348405392	8.80648253549042	8.86494675490352
4.33837651286993	4.40684683764633	4.44037749345202
5.08525757590122	4.72034631046311	5.02047423900136
4.43459182812923	4.1797779291004	4.65651092431679
9.03306461525663	8.99588886654983	8.86154977890297
6.49534585920833	6.55639666552118	6.55248785977356
9.68047673180092	9.64738347918341	9.67094384623417
4.92885601855865	4.85989766286191	5.15087087625704
5.10488638265015	4.80780915171345	5.42573071748762
7.10244733719874	7.02868534060252	7.0422420540836
9.47710437559935	9.37498233899108	9.40254321994315
5.04518013652588	4.98713285115801	5.29483665063667
7.70439719194046	7.51476217681322	7.62159250811356
4.82617035458409	4.59071103004652	5.058948386816
4.8142962542958	4.6392095477377	5.24564910100914
4.28775043979996	4.11266373324187	4.70583863668036
7.39128804390837	7.20617561916502	7.44583192354413
5.22634989513582	4.8700934299678	5.55248785977356
5.51748483647758	5.4207860286042	5.50450783087174
4.56785835899269	4.36420250023783	4.8663033088736
4.58193354420442	4.5405252728783	4.48344621534391
8.59240054325549	8.56583636140749	8.47724487617559
7.86121730168329	7.92124491550156	7.96203741226466
8.63942587808138	8.66139391680369	8.56507324090134
9.23695184026644	9.20919065692045	9.24042761488639
5.22634989513582	5.01496705935474	5.25396436922114
4.77807606638304	4.7756287459643	5.03983956386829
9.63436969869734	9.59494350286475	9.47768871406277
4.82617035458409	4.61516407377105	4.53894132793561
4.14336053046479	4.16328980631184	4.15087087625704
8.15870221739386	8.05126318857773	8.04464055013212
8.33630218463207	8.27493516214075	8.22253186138448
4.3548646356585	4.25950512157115	4.68138559295582
4.3048239531589	4.85989766286191	4.69366392273426
6.06033994369689	5.97301174291336	6.18170828017963
4.48039551774236	4.52770123252072	5.02047423900136
8.82098745689476	8.73785071157253	8.83477522667183
4.48039551774236	4.21219940679279	4.96076799287709
4.3711664479876	4.33505615457832	4.76521718375929
4.91780083004966	4.61516407377105	5.35791533326005
5.19921376519831	5.02412705864022	5.36560972505005
9.48602006693624	9.46054869923101	9.35211748872194
3.48039551774235	3.65108364802599	4.18606030471934
9.11883143173283	8.99239283485305	9.01436887635218
8.22970630232839	8.16846261587257	8.11480162154952
4.49534585920833	4.36420250023783	4.57920519814934
8.07285255501044	8.19506625698959	8.11251706835496
5.09510536185757	4.85989766286191	5.15974902760349
5.08525757590122	4.98713285115801	5.27045249200971
4.6233534715844	4.37855779321491	4.84444387490986
4.8142962542958	4.60298935982495	5.02047423900136
8.97024347818166	8.8379894118522	8.99960971907976
8.99937644691276	9.03719349406558	9.03502254757052
4.52478963710081	3.98713285115802	4.59238058689707
9.2358395078745	9.17155742229544	9.13407563371406
4.43459182812923	4.30530881118427	4.48344621534391
4.27047244836812	4.25950512157115	4.71791146898093
8.44329152307962	8.47856952518984	8.37897694878788
4.56785835899269	4.51476217681322	4.79970556014458
9.3497323106411	9.37363925584593	9.2887791398163
9.83868041292276	9.79515677162357	9.69213483404751
9.27210107887887	9.26627607954858	9.35598530616165
9.06973456148883	9.11748611669871	9.09353017961325
4.23528301990583	4.43459182812923	4.69366392273426
9.14691542764141	9.05629487566541	9.15365117205082
2.3548646356585	2.36420250023784	2.85541499273087
5.11460153748336	4.99647071573735	5.39598337409357
7.53567795324355	7.4852179011992	7.58085871700185
4.79025078032915	4.48853063524004	4.83338868640087
4.92885601855865	4.6392095477377	4.7768051580345
9.61653220572839	9.47105329668806	9.49708362326783
5.20831597230556	5.18795186054611	5.33458282942943
7.67679273054586	7.63323564669307	7.70280457659072
9.85289786382641	9.75720675713616	9.68600222102619
9.22858836733182	9.06130907471481	9.07252818257447
4.74092306796558	4.57832730559068	5.058948386816
4.3216977717233	4.51476217681322	3.94030389031738
9.75146941684036	9.6518225443499	9.68753781993741
4.6233534715844	4.2281409506618	5.01069321820878
9.43168023270933	9.32952504860509	9.26480592886857
5.34664412885353	5.17977792910041	5.55921372296187
9.88127495402454	9.81673204491576	9.81629452993635
9.57798875810151	9.39100255958155	9.64074360845847
5.58193354420442	5.63323564669307	5.75353537871165
4.43459182812923	4.14661106516521	4.64391088753716
7.29417670895939	7.198104576907	7.44764549391606
9.47049948159986	9.46686063160158	9.40160792328745
4.28775043979996	4.11266373324187	4.28675430433881
5.61653220572839	5.85989766286191	5.88783647042324
5.68333557641263	5.57832730559068	5.84444387490986
8.90175909554614	8.81442399613502	8.7832827221057
4.00395747379937	3.9682738239067	4.35017968448045
4.45002186869884	4.66286081580235	4.68138559295582
8.88482751686593	8.95815378418625	8.79543933217355
8.05277995238404	8.12442344670434	7.98469800967583
4.6233534715844	4.57832730559068	5.09642309223466
7.3630385671042	7.21819814741423	7.28269608776446
3.91780083004966	3.72034631046311	4.13294896825978
9.16572834349324	9.11427298610353	9.06899793193639
4.80232361262972	4.80780915171345	5.07780741406731
5.3216977717233	5.46181329686426	5.57920519814934
9.18890466585934	9.19049674573747	9.09410922639641
7.81131239585697	7.80913454918002	7.82922105218564
9.41162549490057	9.34377060033302	9.33556258840826
4.14336053046479	4.00574852932536	4.39598337409357
8.05151609330988	7.99064163693515	7.90509855904432
8.82617035458409	8.8124427254539	8.78758499678774
9.6747419909811	9.67708545552219	9.62038708118849
4.92885601855865	4.59071103004652	4.84444387490986
9.77845808546138	9.78272980233944	9.56882754556964
4.12425170751708	4.51476217681322	4.46923235612421
4.95071545252239	4.59071103004652	5.2119003096546
5.14336053046479	5.11266373324187	5.28675430433881
9.03881623101102	8.8412321532509	8.9828231620554
9.24747644281663	9.17052655762786	9.12956368307514
5.10488638265015	4.70903099723528	5.19472516584646
4.23528301990583	4.24390826652012	4.35017968448045
4.65032051918467	4.06019631334773	4.87711006383018
4.87271294052112	4.651083648026	5.00084543225243
8.40718567078858	8.38034220289309	8.17186795755208
10.3709131436167	10.3246678743404	10.3306571262156
4.3711664479876	4.19607974142951	4.39598337409357
9.79592250185585	9.69691043387844	9.70014452966665
9.8423392914776	9.72737357735708	9.66355038277661
9.15928903661728	9.16484359756692	9.25707028008896
8.99937644691276	8.95396598722281	9.07370301573458
9.67924977634138	9.66615589536393	9.51362647548266
3.91780083004966	4.02412705864022	4.28675430433881
4.41899497307822	4.32025915265024	4.49752140055563
9.35383963025773	9.32118842485041	9.18660338586292
9.0394538862881	8.90336131134587	8.9162746530733
8.55632028732377	8.60375329685148	8.5175168914336
9.31117478531129	9.19202152485516	9.18551701906393
7.81280509649804	7.78104224215067	7.94801198545264
8.98686840334481	8.90769838366361	8.94030389031738
8.96756562118843	8.92124491550156	8.8471944859259
5.09510536185757	5.48189754290759	5.15974902760349
9.73148337207927	9.65071405790206	9.55711525707788
4.41899497307822	4.04227440535047	4.30287396970209
9.41703345674493	9.3790041025892	9.33262131309614
7.91363319583443	7.88776445629485	7.96583898242452
4.41899497307822	4.3927716524346	4.51146059151351
4.23528301990583	4.25950512157115	4.42573071748762
4.41899497307822	4.29020191879406	4.81102087337242
5.33006124465793	4.97773415315576	5.37326329759349
4.4032276572199	4.14661106516521	4.61837579543002
9.18141312294942	9.04733748536393	9.10103972030503
9.66278987114689	9.61819176646862	9.42848833866661
8.80981814917664	8.47272695701601	8.74101893598144
6.92057257929971	6.82887076724128	6.8166454225663
8.26829807713379	8.33781377575731	8.30487632261324
8.16806280199757	8.01151700978497	8.21722587879127
9.87878294469766	9.77359343637554	9.79258815527543
7.01177697825867	7.05573666515703	7.058948386816
7.04263794196343	7.04452685708185	7.23728562807451
6.23528301990583	6.21219940679279	6.33458282942943
8.3058843685252	8.34422780047657	8.15642612009021
8.53928920679593	8.53652999189545	8.48432994893411
4.3216977717233	4.21219940679279	4.49752140055563
6.10488638265015	6.22019219754632	6.20762565455427
8.26175523126702	8.31186865703385	8.13969580070036
4.95071545252239	4.73157356588636	4.95057222577121
5.04518013652588	4.97773415315576	5.11480162154952
7.56254455909623	7.69188986441388	7.35984278183116
4.7027879390788	4.72034631046311	5.058948386816
10.1619267733334	10.0487407488156	10.0792704453669
9.17446315347085	9.16432585306436	8.9958962162807
6.25737679075644	6.10405060293716	6.46923235612421
8.55275146660249	8.5492761381146	8.55248785977356
9.49395082763382	9.41470419768456	9.50014527828567
4.33837651286993	4.16328980631184	4.49752140055563
8.73621094061626	8.67889902589412	8.69747956907612
9.00265009261259	9.01783581162409	8.99217313023798
4.12425170751708	3.33505615457832	3.48344621534391
8.80157201321658	8.73924193158476	8.90377801429227
7.50645781432855	7.34970293054272	7.5321200620796
8.76579773660461	8.80581876964439	8.66977897330783
8.3058843685252	8.38479359501108	8.24251847763046
5.33837651286993	5.30530881118427	5.5183800054533
6.21736111190856	6.14241107663592	6.13294896825978
8.67761221085241	8.6421872475376	8.56089030076926
10.2299856507736	10.1140049019179	10.2588789783264
4.71561197943639	4.83928738318662	5.058948386816
4.99346509998173	4.8700934299678	5.26223198520474
5.49534585920833	5.35697093100676	5.52526639103854
5.53928920679593	5.11266373324187	5.74765881237498
8.02728997762999	7.96113764262507	7.91299654432164
4.3548646356585	4.29020191879406	4.71791146898093
4.68984888337131	4.79716190751394	5.13294896825978
3.5958727351623	3.24390826652012	3.98094587481473
5.22634989513582	4.85989766286191	5.33458282942943
4.77807606638304	4.48853063524004	5.08714527864665
9.07409786802767	9.00863565264408	8.9319067161602
9.65365623174793	9.48977095201587	9.67210777936781
6.47286184505695	6.4207860286042	6.60218376192743
4.65032051918467	4.651083648026	5.22887338825831
4.52478963710081	4.40684683764633	4.8663033088736
5.03498436942	4.2281409506618	5.1685728779905
8.55810139253874	8.21420175970393	8.49664571309877
5.92333901359109	5.4207860286042	5.85541499273087
7.96286737777772	7.81178169678672	7.9871940224799
9.07658527388677	8.91633360849162	8.9865704240086
5.11460153748336	4.62723690607163	5.00084543225243
4.45002186869884	4.43459182812923	4.56590837553588
5.12425170751708	5.22814095066181	5.58580793297359
9.15046158683993	9.04733748536393	9.03441928808404
8.89331814485031	8.87516441951522	8.71339598785844
9.28882347446519	9.2389994661365	9.19796111869672
7.69309454287496	7.52770123252072	7.74027928200938
8.35997876735514	8.30530881118427	8.36176765875565
4.08525757590122	4.25950512157115	4.33458282942942
8.46528862535215	8.32025915265024	8.21828863761714
6.20377204716061	6.02412705864021	6.32672071165646
8.67433149302958	8.78912458844852	8.75938810495709
7.16922861623547	7.16949495583855	7.058948386816
9.22073847211088	9.22118819002004	9.13857351745365
8.99937644691276	8.88462474876428	8.75792714782881
8.64614000324615	8.63023939423315	8.56340151992531
5.59587273516229	5.55323632462785	5.63756936066333
9.75923212075005	9.67126666249321	9.7197887562216
9.96118571883818	9.90243023997383	9.85575649942932
6.50645781432855	6.46853916005257	6.59238058689707
4.68984888337131	4.30530881118427	4.51146059151351
5.96152220747897	6.18387068373429	6.11935990351182
10.978746125672	10.8951159837675	10.8865000228604
4.75341401214877	4.80780915171345	4.79970556014458
4.41899497307822	4.30530881118427	4.76521718375929
9.10549550026143	9.05852556036322	9.02897857123653
9.16397501732133	9.15913816304137	9.1452941586796
4.84962932740808	4.7756287459643	5.15087087625704
5.33006124465793	5.38568222764829	5.56590837553588
5.60967853468733	5.39277165243461	5.69366392273426
4.553644499773	4.2281409506618	4.56590837553588
9.91780083004966	9.9104796323279	9.8454759686996
9.72911376567594	9.66139391680369	9.63279485534298
4.45002186869884	4.30530881118427	4.78830079687233
5.10488638265015	5.16328980631184	5.29483665063667
6.01955432885039	5.84962932740808	5.96583898242452
9.16163392952016	9.03209462546807	9.04464055013211
8.86409981021641	8.79247891463034	8.72241286121587
9.26284776826803	9.24733451589512	9.07663591985687
4.8142962542958	4.6392095477377	4.72988411064701
9.09203514354437	8.9765549989905	9.14193775148703
5.19005376591283	5.09538574181004	5.11480162154952
8.97291637388071	8.96292499991446	8.8964933325537
9.36710823141324	9.29115074818761	9.19310446351438
9.05719476032588	8.94495099200161	9.06368630582266
5.41899497307821	5.08666852470893	5.46923235612421
8.75961916167548	8.77291436126727	8.54826821640015
8.95545337152905	8.93284269565706	8.80961130311774
4.6233534715844	4.43459182812923	4.89848371462275
9.17794232326204	9.22367516708977	9.08131619984445
4.08525757590122	4.06019631334773	3.53894132793562
4.60967853468732	4.73157356588636	4.85541499273087
9.78265363248959	9.66725258491951	9.68138559295582
9.27155840629738	9.16121547807398	9.27352314596968
9.09142031504971	9.00343466348711	8.88181268279547
6.1290526937809	5.83928738318662	6.08714527864665
4.68984888337131	4.57832730559068	5.08714527864665
8.04136516284172	7.95994483971224	7.86494675490352
9.50230085439535	9.41296181215769	9.56005225541262
9.30535425827088	9.19557308820538	9.20869550632068
9.62037313548356	9.56269665387692	9.58209761363521
5.3216977717233	5.11266373324187	5.31881551357111
4.23528301990583	4.14661106516521	4.41093371555954
9.3132855319071	9.13714383806917	9.2309810512203
4.3216977717233	3.98713285115802	4.66900186849999
9.75341401214877	9.63248716675883	9.76921105706615
9.90175909554613	9.81607297910216	9.81909928424067
8.73935406831023	8.6933260965294	8.55921372296187
9.69228381228836	9.6723594753526	9.5304096943145
6.07035869952188	5.80780915171345	5.9607679928771
9.22130059759662	9.15705785260033	9.00084543225243
9.17967876685087	9.10997764972363	9.1452941586796
5.14336053046479	4.78643550092089	5.1685728779905
8.95071545252239	8.92736063064064	8.86154977890297
8.16572834349324	8.13714383806917	8.03983956386829
13.3276160258701	13.1980097262013	13.3148466113682
12.454989357724	12.3778880701665	12.4187557323722
5.25298502163928	5.16328980631184	5.46207256455134
5.67022007662238	5.27493516214075	5.71188768135316
9.98190101048527	9.80814061525101	9.88147728931706
8.37824097374787	8.30530881118427	8.575063090679
9.90561142104174	9.84090820690601	9.87744647400797
8.93709216865842	8.86245336776566	8.8964933325537
9.66980828982326	9.58530622560571	9.64746578471378
4.8954330170212	5.06019631334773	5.22887338825831
6.43846483727644	6.43115274416246	6.55248785977356
9.55185788029898	9.43373282540014	9.50581402837236
9.27859727765631	9.22268089066111	9.35695064245788
4.02471603396617	3.89027131190542	4.23728562807451
9.18199077862916	9.07404451951115	9.10908344109143
8.88482751686593	8.88399598647893	8.74101893598144
9.47427740857941	9.50129610921277	9.46341773485009
6.63352527664169	6.68901310365832	6.5758924641085
4.95071545252239	4.91017086934313	5.17734308761823
10.0104766671829	9.9434430008108	9.91036868377561
9.05656490000551	9.0172625173424	9.05538470849292
4.33837651286993	4.32025915265024	4.51146059151351
9.28775043979996	9.24586711955818	9.28472662299183
9.61695948102868	9.58375826940475	9.57961875556679
8.77960353612964	8.79983109428993	8.67752708559862
9.95714172168182	9.8723141814313	9.92573926256084
7.46718566052475	7.53252361597756	7.50972554014276
4.83794752236044	4.56583636140749	5.15087087625704
7.18775464982324	7.06907446469419	7.26634809367697
7.07782737042573	7.03322926574747	6.90641789616497
9.78759632688317	9.74444709071602	9.65768655527215
5.93982713637966	5.85989766286191	5.90905295633294
7.96017578177146	8.05796821245562	8.13069299431941
3.80232361262973	3.87009342996779	3.94030389031738
8.25408421791409	8.32489953954215	8.1452941586796
9.75729535708035	9.69224905650858	9.7424971072592
4.48039551774236	4.27493516214075	4.7417582109353
9.30429345304596	9.23752356315265	9.2011898295726
9.18602790510377	9.14241107663592	9.09584497359704
5.04518013652588	5.10405060293716	5.32672071165646
9.29791218923616	9.20113651155893	9.21563027121013
9.37319128346509	9.36870389247278	9.36704786609709
4.79025078032915	4.5405252728783	5.20333829615117
9.28721362303437	9.30812382679132	9.19039924044367
5.95071545252239	5.81310345138296	5.9351421852016
8.75807037458	8.68973283180539	8.80466693338901
9.70560295468586	9.5995466284105	9.72091395714246
4.52478963710081	4.70903099723528	5.18606030471934
5.65032051918467	5.74271412349157	5.79401444806672
5.3630385671042	5.12973724660081	5.59238058689707
4.3048239531589	3.78643550092088	4.70583863668036
4.3548646356585	4.1797779291004	4.30287396970209
7.21284563078607	7.21019427090241	7.04464055013211
9.60106540438262	9.62948935780301	9.48609579375786
7.20149470644954	7.23407390641554	7.25810409958206
7.48227280498303	7.43630830071825	7.58416008009211
7.93023197959847	7.70191359236612	7.86901259613159
8.75574407194068	8.56740365655445	8.89450020070425
8.77731172462165	8.54450952020727	8.68138559295582
5.84380024860588	5.65698424946568	5.9351421852016
9.2032030489119	9.08776106170994	9.12220153342577
9.07098256765739	9.06962753928056	9.02351725856636
9.89824803262826	9.76678825847042	9.85746282137973
9.8626592758572	9.76747022257714	9.82294693967922
9.89472840404461	9.79180867301974	9.73990931277005
9.61994687014115	9.55402705911785	9.59851537306917
9.32483975853518	9.21570170269909	9.25500041597367
9.24581975933405	9.16380792269051	9.21029879788138
9.51427731878785	9.43201328402746	9.42158437729745
8.86625791838382	8.83473936533042	8.69900300643087
5.09510536185757	5.10405060293716	5.47635679055759
8.95680420968101	8.96945976317684	8.85541499273087
5.00395747379937	4.60298935982495	4.89848371462275
4.8954330170212	4.57832730559068	4.8663033088736
8.38728611335087	8.39100255958155	8.34629624999322
9.77998515100844	9.74063181130776	9.7436047426617
8.96017578177146	8.93162625794512	8.9031172883632
8.16104806350566	8.05126318857773	8.03502254757052
6.01437408974471	5.66286081580235	5.98094587481473
6.46148705519229	6.34970293054272	6.57920519814934
9.24581975933405	9.26868659813926	9.10564162226404
4.8954330170212	4.651083648026	5.12390382865677
8.14454646973493	8.05908269303703	8.18061821965109
4.553644499773	4.27493516214075	4.49752140055563
7.10975213782196	7.08009587078544	7.15974902760349
9.39876187364786	9.32165283658495	9.19094069101895
9.6053783972537	9.55086151743995	9.47990585763866
9.65115517066348	9.57443549033368	9.65964381380175
7.65198933954529	7.62422815619929	7.64232811717447
9.05593476457689	9.01266794326515	8.97529931167358
9.15870221739386	9.17052655762786	9.11137343370063
4.00395747379937	3.91017086934313	3.94030389031738
9.26393947852889	9.21320093063786	9.18170828017963
8.89472840404461	8.82363411887513	8.76157677041993
4.00395747379937	3.92979967609206	4.23728562807451
8.77425030163543	8.72597085965699	8.63677470625553
4.7657977366046	4.7756287459643	5.10564162226404
4.66361734179813	4.29020191879406	4.44037749345202
5.13383775634628	5.10405060293716	5.58580793297359
4.75341401214877	4.74271412349157	5.20333829615117
8.94528156647177	8.97064472836944	8.80112483722991
8.90666027244446	8.95396598722281	8.80890600120152
5.76579773660461	5.61516407377105	5.7417582109353
8.76502686026199	8.63098904093274	8.85950774736475
10.0687978478702	9.92124491550156	9.98501024753894
5.09510536185757	4.84962932740808	5.44037749345202
4.79025078032915	4.83928738318662	5.03983956386829
4.27047244836812	4.33505615457832	4.79970556014458
4.66361734179813	4.3927716524346	4.7417582109353
9.09142031504971	9.06130907471481	9.19310446351438
10.0231049840602	9.90862606242725	9.94416308577301
4.82617035458409	4.98713285115801	5.14193775148703
3.6233534715844	3.55323632462785	3.76521718375929
9.03754007432375	8.96471014558362	9.06072693034212
7.51931450703466	7.47856952518984	7.44037749345203
9.61482183796329	9.52649311378364	9.49225928515022
5.11460153748336	5.06019631334773	5.19472516584646
5.03498436942	4.91017086934313	5.41093371555954
4.60967853468732	4.40684683764633	4.56590837553588
5.59587273516229	5.43459182812923	5.75938810495709
8.9895107026931	8.92491745471231	8.93061049411354
8.82395139227909	8.78845278632188	8.65651092431679
8.99017052206929	8.90398169193633	8.89050565719923
10.0250380281737	9.94615625108666	9.91889178765203
4.21736111190856	4.09538574181003	4.16857287799049
4.71561197943639	4.70903099723528	4.99092996338735
4.38728611335087	4.21219940679279	4.7768051580345
4.92885601855865	4.9682738239067	5.15087087625704
3.80232361262973	3.74271412349157	4.38087648170336
4.67679273054586	4.3927716524346	4.8663033088736
9.35588891333084	9.27589408211018	9.13520141999115
9.3957769862916	9.3446848557761	9.33898651450637
4.53928920679592	4.32025915265024	4.57920519814934
7.16455969617062	7.36239800339109	7.13069299431941
8.15752786239138	8.14241107663592	8.10678980779292
7.31539319486909	7.41557460195886	7.36560972505005
9.85615901186026	9.7874444962115	9.68868844744029
9.91432863814285	9.93921222053279	9.73731686815353
8.81950320260655	8.80581876964439	8.58168476628917
5.09510536185757	4.66286081580235	5.18606030471934
9.00591632683743	9.02012671332165	8.89914656556062
5.82024552062698	5.77019485991367	5.8663033088736
4.02471603396617	4.14661106516521	4.49752140055563
6.49534585920833	6.44486016358306	6.80820035431003
8.73542408756109	8.84898512331571	8.60055451834277
9.31011825282842	9.3099974569779	9.40114004747959
9.81913190031627	9.70974081030784	9.8804706408002
5.20831597230556	5.08666852470893	5.26223198520474
9.16397501732133	9.05963961064321	9.14081721159311
9.00068679672209	8.90646055000475	9.01130647859671
5.74718205843726	5.6861305951252	5.94544719359334
9.45576585123364	9.4315830782569	9.35260153336358
6.8172739540957	6.8802176472415	6.66276991478848
9.02728997762999	9.00632641639132	9.04523955161088
7.89684121141401	7.93345053010502	7.87036533419684
4.3548646356585	4.12973724660082	4.30287396970209
2.59587273516229	2.47523381262658	2.81102087337241
9.81838900892968	9.75273647932963	9.73879883545476
8.73227237676992	8.66359370636467	8.77102280544049
7.74561985466698	7.72597085965699	7.81664542256629
7.61824054819075	7.57677183908864	7.54573049359825
8.46908020451453	8.51962793198503	8.33065712621563
10.0868007304401	10.0576894577372	9.96678781181806
9.26720966135913	9.18540247829429	9.25707028008896
6.91780083004966	6.95156749117429	6.92215654360712
9.75768291787271	9.68396492790708	9.75756167726552
9.07534210703614	9.07238973625854	9.07722178587137
8.46528862535215	8.30530881118427	8.65337121678622
4.98289585827154	4.7756287459643	5.2119003096546
5.00395747379937	5.30530881118427	5.31086676045562
9.89472840404461	9.75135821790082	9.84272207611271
9.82024552062698	9.73610979783299	9.82573880323242
5.09510536185757	5.10405060293716	5.07780741406731
9.49766791836227	9.28735168071015	9.45081376665173
5.68333557641263	5.25172777097942	5.65651092431679
5.27913730949525	4.98713285115801	5.22041180951012
9.31802345091376	9.27301540797738	9.35066437961045
5.51014286113641	5.27493516214075	5.83338868640087
6.89261249795882	6.76200546210033	6.9607679928771
6.4229100230816	6.20818634428616	6.55921372296187
8.32901845817169	8.21819814741423	8.45397509685274
5.90105756621508	5.53412750168015	6.08248390127679
8.66774759094285	8.52689593244907	8.73434835879161
7.96152220747897	7.61516407377106	7.87845523412894
5.83207095602377	5.70333988515742	6.15974902760349
8.80006763868935	8.64515881406889	8.73137372878749
4.19921376519831	4.29020191879406	4.00084543225243
6.71880025706744	6.52124621038342	6.71188768135317
4.45002186869884	4.21219940679279	4.33458282942942
5.92333901359109	5.91510316488536	5.9958962162807
5.98819015794105	5.63323564669307	5.89848371462275
5.00395747379937	4.97773415315576	5.18606030471934
5.13383775634628	4.93951483092527	5.40347791064049
4.96152220747897	4.95875104978819	5.08714527864665
4.91780083004966	4.6861305951252	4.95057222577121
5.48789005428928	5.18795186054611	5.57257210581689
9.26393947852889	9.17464560408301	9.22940059273737
9.22690983888082	9.01554126634377	9.11765223508491
5.07534210703614	4.82887076724128	5.01069321820878
4.75341401214877	4.06019631334773	4.60543673972252
9.41752408590827	9.27781001206094	9.48785947984657
4.96152220747897	4.51476217681322	4.70583863668036
4.8954330170212	4.69762623396303	5.03018939383458
6.60279214910208	6.42770544254399	6.60543673972252
6.00395747379937	5.63323564669307	5.8389268699423
5.11460153748336	5.22019219754632	5.28675430433881
10.3352639010026	10.1606964296637	10.2453884750413
4.3216977717233	4.66286081580235	5.01069321820878
10.0130761184103	9.83538996062482	9.94576804204142
6.72515575210726	6.52124621038342	6.7710228054405
7.47286184505696	7.16536115633154	7.48344621534391
5.97224861407203	5.83928738318662	6.18606030471934
6.05025112607331	5.68034824253119	6.19039924044367
6.00395747379937	5.76474042982156	5.98594655587309
5.48789005428928	5.12973724660081	5.52526639103854
6.33422486959946	6.21620133735028	6.5491131329929
6.08525757590122	6.16328980631184	6.41093371555954
9.83831401418024	9.75135821790082	9.84168800961935
5.42681447753751	5.3785577932149	5.79970556014458
6.10000416127041	6.08666852470893	6.34629624999322
4.79025078032915	4.7756287459643	4.99092996338735
5.3048239531589	4.66286081580235	5.63756936066333
6.21736111190856	6.15913816304137	6.22887338825831
6.16689604492558	5.95875104978819	6.1685728779905
5.04518013652588	4.89027131190542	5.28675430433881
4.65032051918467	4.44826676502631	4.89848371462275
4.8954330170212	4.3927716524346	5.14193775148703
7.98289585827154	7.77155525137787	8.0470350652725
6.84671773198817	6.60908955936136	6.963305715679
9.70359278988958	9.56975141141087	9.72652683560434
5.97224861407203	5.69762623396303	6.04942561269749
4.77807606638304	4.62723690607163	5.15087087625704
4.72832303118595	4.73157356588636	5.13294896825978
4.38728611335087	4.2281409506618	4.52526639103854
6.88127495402455	6.70903099723527	6.94287783398121
6.24416117125228	6.11266373324187	6.01069321820878
4.86121730168329	4.76474042982156	5.09642309223466
9.27697596820579	9.04789895454435	9.12447081433547
5.04518013652588	4.93951483092527	5.09642309223466
4.46528862535215	4.00574852932536	3.85541499273087
4.68984888337131	4.09538574181003	4.85541499273087
9.63098904093274	9.50129610921277	9.56882754556964
3.02471603396617	3.14661106516521	3.1685728779905
5.26175523126702	5.37139800164204	5.49050097287786
5.82617035458409	5.78643550092088	6.00084543225243
9.06222376773938	8.84575978094643	9.0470350652725
5.27913730949525	5.25950512157114	5.55921372296187
9.7603929321638	9.69869926862825	9.78579394126175
7.53928920679592	7.20012657449221	7.58251034287301
4.82617035458409	4.66286081580235	5.02047423900136
9.72950897045609	9.56896925089245	9.65886122900313
10.0150226377623	9.81541361207016	9.98157190868912
6.37924879428546	6.20416208772737	6.17734308761823
7.6586453838356	7.44656446979531	7.64549192335663
10.2764351265721	10.1252217654783	10.3028739697021
7.03754007432376	6.83928738318661	7.10103972030503
4.96152220747897	4.79716190751394	4.75353537871165
5.9343520063135	5.62723690607163	6.01559201762162
4.52478963710081	4.16328980631184	4.31881551357111
9.04327391069354	8.94011986135598	8.963305715679
4.58193354420442	4.56583636140749	5.12390382865677
4.91780083004966	4.97773415315576	5.14193775148703
7.68659590557622	7.61819176646862	7.47990585763866
8.99412311369479	8.85348852286371	8.80183395252602
7.81131239585697	7.89027131190542	7.819449495443
7.92333901359109	7.80515469826747	7.85950774736475
8.68659590557622	8.67599621799149	8.73360527608608
9.17330156319804	9.04001843141011	9.1558715573154
9.08092794123207	9.00574852932536	8.97781162409059
8.86625791838382	8.79381846443957	8.84650732466457
9.03817829377273	8.93648586688825	8.87912734923118
4.3711664479876	4.29020191879406	4.31881551357111
9.49905936200739	9.48106625792873	9.39786066133424
5.19005376591283	5.17977792910041	5.20333829615117
9.76309786540195	9.66980828982326	9.73805804209271
7.14098572327689	7.17361694447374	7.31484661136816
9.35178743212949	9.3492474624913	9.18170828017963
9.33422486959946	9.32536275837447	9.26634809367697
8.97425096698318	8.92001865529948	8.87711006383019
8.82986105764801	8.70547668393001	8.71414955018473
4.82617035458409	4.75376931200056	4.96076799287709
9.51381851927981	9.53932784989555	9.36417014897096
9.26175523126702	9.1137367679071	9.03803506702154
6.40718567078858	6.07349313596119	6.27862642345541
6.14336053046479	6.27109309584635	6.24564910100914
8.09633162205964	8.10080737555208	8.12163365503194
5.04518013652588	4.92979967609206	5.31086676045562
8.98488349813711	9.04340107080476	8.92996194609592
7.12184520980999	7.06019631334773	7.17952733488011
9.40223645481685	9.36690502061766	9.36320963292956
9.51794247170453	9.43587937398969	9.45081376665173
7.64864976620016	7.58916886523811	7.57589246410851
9.3533268543359	9.4020239656728	9.2267626416625
4.14336053046479	4.12973724660082	4.03983956386829
8.71561197943639	8.76132090928042	8.60624883940109
8.52661007272518	8.56112423405816	8.46565690190038
9.4495421695952	9.40070583397682	9.40907337353401
5.1622195577161	4.92979967609206	5.31086676045562
4.71561197943639	4.62723690607163	4.66900186849999
7.05025112607331	6.95636050236319	7.12843348713728
8.74483811796896	8.73366898388856	8.54064161692545
7.79478993994432	7.77019485991367	7.75500078771615
4.3548646356585	3.94916500095899	4.38087648170336
9.04200169276199	8.94132916154489	9.12899869577953
9.61695948102868	9.57248563865035	9.53126513165998
9.70761032253565	9.64849452663215	9.57713563095914
8.67597278449316	8.6562479927307	8.85131059439813
9.79629982500195	9.74306088350787	9.79899539766857
8.77807606638304	8.79916426042509	8.64311971941155
9.47333385390817	9.48687521906198	9.39316285503119
8.35281389609374	8.51069480721502	8.45126580959476
4.21736111190856	4.55323632462785	4.42573071748762
9.42583935412027	9.30812382679132	9.2821880070968
4.65032051918467	4.82887076724128	4.8663033088736
9.37319128346509	9.2935200951496	9.29785589493546
8.71561197943639	8.60985027387459	8.69060412298519
8.83721425929973	8.89277381910859	8.75280211565094
5.45002186869884	5.07789831508119	5.58580793297359
8.81801741973487	8.74271412349156	8.9759278000481
7.35076023732576	7.24782331652351	7.21828863761715
6.10000416127041	6.23998256330632	6.24564910100914
9.27589408211018	9.20919065692045	9.17131929999046
4.3548646356585	4.43459182812923	4.57920519814934
8.78189171272491	8.79582545995113	8.65964381380175
5.41113285530525	5.42770544254399	5.64391088753716
7.38327305084425	7.32025915265024	7.32079587769935
8.93503753497496	8.89464785493074	8.94480528255232
9.08895837752242	8.91263912493388	9.12220153342577
9.64110734102334	9.66469234460095	9.68945502293171
9.44521768496906	9.46475972102077	9.37135370758485
8.10610436080682	8.06130907471481	8.06131929127874
6.74718205843726	6.92491745471231	6.7710228054405
8.72198150431212	8.71540677749583	8.62480206458945
5.42681447753751	5.26724077035075	5.48344621534391
4.65032051918467	4.40684683764633	5.03018939383458
4.96152220747897	4.43459182812923	4.99092996338735
8.45193907169313	8.51800783631687	8.40627835482145
4.49534585920833	4.48853063524004	4.84444387490986
8.86193846892694	8.84317430527078	8.66977897330783
9.69794938214242	9.52971251827919	9.68753781993741
9.02020055284368	8.97301174291336	8.95121157656425
8.81205893923244	8.85284604009162	8.83130637421706
9.61053702625737	9.56151749971165	9.56256493246151
12.6682630416757	12.5768204728105	12.6088850107062
5.81429625429579	5.57209535187917	5.84444387490986
7.43459182812923	7.42251899582866	7.7343483587916
9.50737995884118	9.40465662158746	9.46744573665019
9.3972702019235	9.33643562404522	9.28421925704994
7.04771785932778	6.94916500095899	7.07780741406732
9.829492411922	9.72982505635118	9.80784740139307
4.87271294052112	4.6392095477377	4.96076799287709
4.67679273054586	4.55323632462785	4.82224812879567
5.72832303118594	5.53412750168015	5.83338868640087
7.25078411344602	7.14241107663593	7.30487632261323
4.83794752236044	4.73157356588636	4.82224812879567
8.1622195577161	8.0888527719708	7.9708922101508
9.11943469121931	9.01209259129705	9.03803506702154
7.98819015794105	7.80515469826747	7.86086942282297
4.63690000342235	4.29020191879406	5.15974902760349
9.57535289553962	9.64664230524422	9.41881351529162
5.90666027244446	5.748252307033	5.81102087337241
5.19921376519831	5.08666852470893	5.38844970140816
10.1607550412561	10.1005367772129	10.0981560594591
4.67679273054586	4.25950512157115	4.66900186849999
4.7027879390788	4.56583636140749	5.03983956386829
10.0731639840545	10.0408648350958	10.1073635580653
4.8954330170212	4.82887076724128	5.31086676045562
8.87771362157948	8.92124491550156	8.84856782733459
4.5958727351623	4.21219940679279	4.39598337409357
9.64068715897846	9.53972710132771	9.57049299457525
5.28775043979996	5.14661106516521	5.25396436922114
9.01955432885039	8.89963341510911	8.88783647042324
8.4962751314085	8.48853063524004	8.40907337353402
5.14336053046479	4.92001865529948	5.17734308761823
4.3048239531589	4.43459182812923	4.72988411064701
9.40718567078858	9.39850626800587	9.27607704120359
4.56785835899269	4.52770123252072	4.84444387490986
4.49534585920833	4.47523381262658	4.39598337409357
4.3548646356585	4.0778983150812	4.45487706314714
5.06535801846351	4.74271412349157	5.24564910100914
10.0681730340706	9.97094081765543	10.0491270108045
5.92333901359109	5.70333988515742	5.90905295633294
7.41310240515501	7.33321480775416	7.5474228046907
8.92816754560791	8.77359343637554	8.82364541223747
9.53748470994918	9.46895848720009	9.51059332665968
8.25408421791409	8.19709251440258	8.27045249200971
9.20547769666871	9.10297033703803	9.14305742173407
8.92678961327691	8.93162625794512	8.94480528255232
6.36710823141325	6.3821244082351	6.51492444681708
7.7330609501926	7.80116383807144	7.4275697171514
9.06096815839913	9.01094119854568	8.89782055899587
4.10488638265015	4.16328980631184	4.51146059151351
5.93982713637966	5.75376931200056	6.00577772779466
5.01437408974471	4.84962932740808	5.23728562807451
4.80232361262972	4.73157356588636	5.18606030471934
8.84160825774476	8.89963341510911	8.78901624198537
8.18314539657065	8.06907446469419	8.08714527864665
8.91293741813062	8.87579704177525	8.87104122788027
4.5958727351623	4.50170602398777	4.84444387490986
4.7657977366046	4.651083648026	5.02047423900136
5.19005376591283	4.75376931200056	5.47635679055759
7.9493588985523	7.95276723763919	7.95949745555069
4.75341401214877	4.46181329686426	4.81102087337242
8.85832902235846	8.80515469826747	8.76667078090079
9.0407283519548	8.99763371059347	8.88181268279547
9.52797389356809	9.43072228166758	9.45757958352696
9.5884843124182	9.56348222157446	9.52698286362756
4.65032051918467	4.2281409506618	4.83338868640087
9.45481010754788	9.41121731975542	9.4399220254006
5.37924879428546	5.00574852932536	5.48344621534391
8.83648062336178	8.73506424032312	8.79330147793069
8.94528156647177	8.88650939310922	8.8804706408002
4.41899497307822	4.52770123252072	5.00084543225243
4.10488638265015	4.25950512157115	4.52526639103854
4.84962932740808	4.70903099723528	4.7417582109353
8.6216511763534	8.69905676956947	8.64074360845847
5.99346509998173	5.93951483092527	6.05419485684536
7.30270078126593	7.31467091438796	7.40721062951682
9.89437596846429	9.79448777321562	9.83616043565092
9.97924472427408	9.83017696474191	9.96994607717937
9.67433149302958	9.66212755274164	9.55921372296187
5.42681447753751	4.92979967609206	5.1685728779905
9.1785213700452	8.99122560579189	9.09815605945912
8.94119267840389	8.90398169193633	8.87508995375792
10.0253599505316	9.95845244789519	10.0335139256189
5.08525757590122	5.1212257467453	5.50450783087174
7.35076023732576	7.37319128346509	7.38277351687596
5.73463680511815	5.46853916005257	6.04942561269749
4.88411770379337	4.651083648026	5.13294896825978
8.00395747379937	7.93587931020877	8.04104130907804
4.56785835899269	4.19607974142951	4.56590837553588
8.73227237676992	8.84252721172286	8.77319390448212
9.49859569655558	9.42121946560337	9.3217850412903
8.88482751686593	8.90893515617046	8.75353537871165
4.68984888337131	4.651083648026	4.61837579543002
8.91571851786585	8.89402344676653	8.84030810034066
5.02471603396617	4.55323632462785	5.39598337409357
9.70359278988958	9.61137050061261	9.66977897330784
8.33006124465792	8.34331325525362	8.29986521982975
8.90386163909178	8.77630654491541	8.81874898800467
8.70600465176235	8.69188986441388	8.52010468592275
7.15752786239138	6.98008957415389	7.24356277376067
8.69714137593767	8.68901310365832	8.62159250811356
8.63690000342235	8.7626896902568	8.46207256455134
7.56608926613964	7.60908955936137	7.51838000545329
4.72832303118595	4.30530881118427	4.95057222577121
8.73621094061626	8.65403696541535	8.61998504829167
6.44617980240444	6.4852179011992	6.71791146898093
5.3048239531589	4.92001865529948	5.12390382865677
7.06285116285294	7.0778983150812	7.22464880239658
8.71401519450206	8.66212755274164	8.67055565975507
9.85071966254567	9.71434610225563	9.65572663778435
9.5919659310995	9.5922515481223	9.58209761363521
4.53928920679592	4.46181329686426	4.79970556014458
8.51656913029584	8.52850608333149	8.5667430270147
4.66361734179813	4.83928738318662	5.35017968448044
9.11096601676686	9.02355625940789	9.14025661510621
10.0650448996254	10.0431194869177	10.1156573971797
8.67351014655656	8.56505207487505	8.76594416540273
4.43459182812923	3.91017086934313	4.84444387490986
10.0214921330919	9.94856375275654	9.92248261323013
4.49534585920833	4.3927716524346	4.64391088753716
8.65115517066348	8.6933260965294	8.4940154570541
9.22970630232839	9.07018040192036	9.03983956386829
5.26175523126702	4.91017086934313	5.14193775148703
5.41899497307821	5.02412705864022	5.57920519814934
9.13443477478678	9.03945388628809	8.99465625484563
9.29684589573538	9.24537765558711	9.25758728243848
4.00395747379937	3.91017086934313	4.18606030471934
7.73778336043501	7.67889902589412	7.57920519814934
5.90666027244446	5.63920954773771	5.75938810495709
4.18083523588345	4.33505615457832	4.76521718375929
5.18083523588345	4.85989766286191	5.28675430433881
9.48975762094605	9.47648560883604	9.40581199146168
7.56608926613964	7.58762505017277	7.56924408809914
9.81243206610401	9.77359343637554	9.76084758413153
4.95071545252239	4.51476217681322	5.14193775148703
8.78721672023951	8.8150838155112	8.90509855904432
7.58193354420442	7.53412750168015	7.70583863668036
4.14336053046479	3.89027131190542	4.41093371555954
8.50830151431224	8.53492877636939	8.32869026150623
8.6216511763534	8.62948935780301	8.48079176189793
7.53386893101167	7.56896925089245	7.48874051501342
5.06535801846351	5.10405060293716	5.38087648170336
8.81653010512799	8.75720675713616	8.71866267703794
8.87271294052112	8.88399598647893	8.85746282137973
6.3216977717233	6.46853916005257	6.19903815871755
8.69471463854312	8.70405250312246	8.64311971941155
3.98289585827154	3.80780915171345	4.25396436922114
5.22634989513582	4.9682738239067	5.34240233388872
5.64362586661066	5.75376931200056	5.79970556014458
8.68822331132226	8.66798324841494	8.63756936066333
9.17388247524168	9.1018892616477	9.04284205202982
8.01047666718291	8.07569740688793	8.06250328399263
6.09510536185757	6.06907446469419	6.44401607051537
7.6963329169415	7.74686975298288	7.52526639103853
5.02471603396617	4.75376931200056	5.04942561269749
10.1149040844156	10.0057485293254	10.133794049827
7.12665419773238	7.07128549200954	7.17952733488011
5.10488638265015	4.76474042982156	5.15087087625704
10.0202005528437	9.91664105549137	10.0143688763522
9.05151609330988	9.00863565264408	9.07076413706319
9.37015296354769	9.23555334087186	9.32869026150622
4.52478963710081	4.14661106516521	4.7417582109353
8.44906231093757	8.32952504860509	8.39316285503119
9.11460153748336	9.16949495583855	9.058948386816
9.48133446671197	9.42295191257336	9.33262131309614
9.14987116528846	8.99297609543948	9.05835505140114
6.51381851927981	6.46181329686426	6.48697790631416
9.62802445298621	9.53732993371849	9.4394664135096
4.23528301990583	3.82887076724128	4.55248785977356
9.89719304534842	9.84220355607577	9.74508026827321
4.33837651286993	4.19607974142951	4.51146059151351
4.58193354420442	4.47523381262658	4.7417582109353
5.23528301990583	5.00574852932536	5.43307269282879
10.4408801986993	10.3109333603781	10.360564911674
9.51794247170453	9.45505593068895	9.5729875687545
5.48789005428928	5.55955009856005	5.81664542256629
9.44184521214055	9.46139188747295	9.35598530616165
4.65032051918467	4.56583636140749	5.37326329759349
4.58193354420442	4.69762623396303	4.87711006383018
9.03754007432375	8.88399598647893	8.9790661415965
4.96152220747897	5.08666852470893	5.31881551357111
8.79327847302672	8.88147819344742	8.7811267639846
6.92333901359109	7.06907446469419	6.98094587481473
4.93982713637965	4.8700934299678	5.41093371555954
8.68578151377312	8.77901456080368	8.66433042877609
9.84999286402104	9.69869926862825	9.82887320527837
8.91988014106185	8.96886691540154	8.88983882333439
4.60967853468732	4.36420250023783	4.8663033088736
5.12425170751708	4.73157356588636	5.15974902760349
8.98422125573811	8.95456498870158	9.02473267147809
9.45862928923794	9.49924478647149	9.39222145529737
8.73935406831023	8.82363411887513	8.78830079687233
6.58193354420442	6.58762505017277	6.60218376192743
5.02471603396617	5.14661106516521	5.38087648170336
5.15282085971385	5.06019631334773	5.35017968448044
8.78949286329522	8.73993703882099	8.60787166863957
9.88020747706804	9.77630654491541	9.78004757552318
7.58891997452052	7.65992552477781	7.61676474552404
5.48039551774236	5.16328980631184	5.30287396970209
9.7271361162355	9.63286145526551	9.69136968152844
5.3048239531589	4.97773415315576	5.35017968448044
4.46528862535215	4.47523381262658	4.98094587481472
5.67022007662238	5.66871354204779	5.80537431023127
7.52114186008567	7.49513337006429	7.52526639103853
4.80232361262972	4.82887076724128	5.14193775148703
7.79478993994432	7.89152310811488	7.89316991472629
5.00395747379937	4.80780915171345	4.9708922101508
5.50276333077081	5.35697093100676	5.61837579543002
5.45767544124227	5.18795186054611	5.33458282942943
5.12425170751708	4.85989766286191	5.22887338825831
8.78036666497096	8.82494506402748	8.63199756599365
4.02471603396617	3.84962932740808	4.18606030471934
7.86697657097198	7.88776445629485	7.84993986266472
7.3216977717233	7.33321480775416	7.28675430433881
9.6254785199004	9.51881811156473	9.62159250811356
4.51014286113641	4.34970293054272	4.64391088753716
4.6233534715844	4.42078602860421	4.8663033088736
9.68659590557622	9.55876238626045	9.5667430270147
4.63690000342235	4.42078602860421	4.56590837553588
8.60967853468733	8.58530622560571	8.51665326073383
8.26829807713379	8.29209895396666	8.31186275292934
9.1791001845127	9.03379625142617	9.09121166558932
4.51014286113641	4.33505615457832	5.13294896825978
5.00395747379937	4.80780915171345	5.18606030471934
8.20263382616201	8.00805869001256	7.9759278000481
7.24194675018683	7.19202152485516	7.11251706835496
7.8423392914776	7.82363411887513	7.79401444806672
4.90666027244445	4.92001865529948	5.32672071165646
9.16572834349324	9.12655131588197	9.04643680897494
4.43459182812923	4.51476217681322	4.71791146898093
8.59153118797707	8.54371355050935	8.71264203171853
8.80757387331692	8.90955314506014	8.78901624198537
8.93640761583851	8.92430601370257	9.00946591482477
8.43362194907362	8.43287331090293	8.33654168246748
6.53205763756485	6.4207860286042	6.76230558833938
4.6233534715844	4.46181329686426	4.92996194609592
5.3048239531589	4.94916500095899	5.08714527864665
4.96152220747897	5.00574852932536	5.18606030471934
9.58149576691662	9.52205466937957	9.52998178535662
10.3474167942514	10.1996213407133	10.2396427594635
4.3216977717233	4.51476217681322	4.38087648170336
4.38728611335087	4.34970293054272	4.84444387490986
4.28775043979996	3.87009342996779	4.59238058689707
5.10488638265015	4.92001865529948	5.06840871606507
8.71081631283474	8.6436737958823	8.55333030945641
5.67679273054586	5.46853916005257	5.72391020960237
8.04898504872932	7.98244115583329	8.10219157269427
6.14809844947145	5.98244115583329	6.24981272595067
4.83794752236044	4.37855779321491	5.15974902760349
8.50183822971899	8.48023449368495	8.36176765875565
7.04771785932778	6.94675850325189	7.01559201762161
5.21736111190856	5.10405060293716	5.42573071748762
4.7657977366046	4.66286081580235	4.92996194609592
8.49255444581077	8.48853063524004	8.40907337353402
4.87271294052112	4.67454262084999	4.99092996338735
9.01437408974471	8.82560009016399	8.94352060300092
5.553644499773	5.15497453809984	5.53894132793561
9.38878813851611	9.36870389247278	9.30287396970209
4.12425170751708	4.16328980631184	4.7768051580345
9.89754479350105	9.77393285410228	9.70621744593575
4.82617035458409	4.72034631046311	4.98094587481472
7.57491311652665	7.60298935982495	7.48344621534391
8.87342838563416	8.88147819344742	8.85609792530735
4.90666027244445	4.95875104978819	5.03018939383458
7.59760570238675	7.67889902589412	7.72540600552786
6.41113285530524	6.23209896423049	6.33458282942943
4.00395747379937	4.24390826652012	4.27045249200971
8.86841280308749	8.78508907521337	8.84925400810419
7.4990593620074	7.44826676502631	7.6311998357876
8.79176542093114	8.78441539084862	8.6829261110316
5.98289585827154	5.82887076724128	6.20762565455427
8.68088548517975	8.6392095477377	8.7811267639846
8.34044786288963	8.30342907796604	8.30687590025958
5.77807606638304	5.4414454991703	5.74765881237498
8.86697657097197	8.8965194595706	8.80395920953823
9.64739543048206	9.47189036955221	9.60259078549929
4.8142962542958	4.6392095477377	4.99092996338735
9.73542408756109	9.59417488535009	9.6379665237879
8.91154485524171	8.86882289264139	8.92736483460988
7.58018163744283	7.58916886523811	7.45126580959476
5.48789005428928	5.43459182812923	5.9556791162043
3.98289585827154	3.72034631046311	4.27045249200971
8.48882413981294	8.44486016358306	8.37421714558915
6.13383775634628	5.94916500095899	6.10103972030503
5.72198150431212	5.57209535187917	5.8389268699423
8.99214817150974	8.92369431344287	8.83269491623078
9.55988030156917	9.5176025279729	9.4312406988799
4.65032051918467	4.57832730559068	5.04942561269749
4.08525757590122	4.52770123252072	4.41093371555954
4.6233534715844	4.74271412349157	5.23728562807451
5.12425170751708	4.81837839342364	5.00084543225243
9.73935406831024	9.57599347649038	9.71339598785844
8.8142962542958	8.74340756019845	8.74027928200939
9.26503036329988	9.14241107663592	9.18768893523008
6.01955432885039	5.90522165337139	6.15531678128823
3.93982713637965	3.98713285115802	3.89848371462276
4.95071545252239	4.83928738318662	5.1685728779905
4.553644499773	4.04227440535047	4.51146059151351
6.68006786257872	6.45505593068895	6.7681229149347
6.45385373028987	6.34605515352758	6.42204567067977
9.61439392900541	9.53292475459849	9.66081689561802
7.57315265866221	7.57832730559069	7.75938810495709
10.02728997763	9.90460180586847	9.90377801429227
9.21905078031278	9.18540247829429	9.09410922639641
4.45002186869884	4.24390826652012	4.59238058689707
8.65282302638784	8.67381527269196	8.64786023312113
9.42730179219875	9.37542975566109	9.33016566136983
9.28075619319707	9.23653878834248	9.36656864501948
9.45289671861903	9.43759431629076	9.21456555157443
8.49255444581077	8.49677934290784	8.39222145529737
9.13503154627033	9.14765915459807	9.11992867743635
4.12425170751708	4.21219940679279	4.53894132793561
4.63690000342235	4.62723690607163	5.09642309223466
8.6955240046462	8.62873893123686	8.57257210581689
9.47380570838201	9.43802273352951	9.31285805827471
9.41556056734605	9.29871900182392	9.22041180951011
5.07534210703614	4.74271412349157	5.42573071748762
8.81056546597185	8.84511384628559	8.93837041443153
8.79931486275738	8.70761032253565	8.70886632937792
4.63690000342235	4.25950512157115	4.33458282942942
7.23972892493702	7.23407390641554	7.15309554137156
9.38025591128335	9.38123358076568	9.4303238287881
4.41899497307822	4.06019631334773	4.51146059151351
9.03498436942	8.90398169193633	8.90575837842051
5.5678583589927	5.57832730559068	5.90377801429226
8.03754007432375	8.0734931359612	7.89183840098074
4.7027879390788	4.33505615457832	4.79970556014458
9.01567089436316	9.02412705864021	9.02533999417318
5.29631245330339	5.17155742229544	5.69366392273426
5.13383775634628	5.33505615457832	5.32672071165646
9.42144312408294	9.3001336399901	9.50537876059386
4.68984888337131	4.44826676502631	4.72988411064701
8.54827799002318	8.44911716000578	8.65258522110299
9.55498301390107	9.55915629617167	9.50145542976747
8.79856169383352	8.57053314810889	8.98219767102418
8.96084915169775	8.85989766286191	8.94094780688281
5.3711664479876	5.52770123252071	5.61837579543002
7.94391989101354	7.90149856732868	8.09179164350302
4.84962932740808	4.651083648026	5.02047423900136
8.93366615175298	8.8190364071367	8.84856782733459
8.8305980666249	8.7544574565597	8.73583337697819
4.66361734179813	4.47523381262658	4.85541499273087
5.92885601855865	5.77019485991367	5.86086942282298
9.92437506034361	9.73854648927634	9.7016651569915
5.1622195577161	5.04227440535047	5.35791533326005
13.6517547782931	13.5310434526068	13.6439850373093
13.1709391997409	13.0940611244205	13.1174030311389
4.92885601855865	4.25950512157115	4.88783647042324
4.93982713637965	4.92979967609206	5.17734308761823
9.02149213309188	8.95875104978819	8.86358892417657
4.04518013652588	4.11266373324187	3.89848371462276
3.25298502163929	3.04227440535047	3.02047423900136
8.57491311652665	8.58994015370389	8.72988411064701
6.40718567078858	6.15497453809984	6.31086676045562
6.92333901359109	7.01496705935474	6.74471152832465
8.29203779820306	8.29777513849886	8.08481647258668
4.06535801846352	4.24390826652012	4.23728562807451
9.44666062061949	9.42986097116983	9.43261491238995
9.07409786802767	9.07018040192036	8.94608881915023
4.66361734179813	4.34970293054272	4.59238058689707
5.01437408974471	4.59071103004652	5.058948386816
9.16981117026756	9.18897035338113	9.20869550632068
7.79327847302671	7.74686975298288	7.92606452353412
5.57491311652665	5.49513337006428	5.67520701802669
9.2984450405962	9.26337813071835	9.2309810512203
9.24416117125228	9.1307976619671	9.13351241096988
7.58193354420442	7.4414454991703	7.4727989711444
5.26175523126702	4.92979967609206	5.35017968448044
9.82358123319024	9.76951418283528	9.75500078771615
5.82617035458409	5.57832730559068	5.89848371462275
5.21736111190856	4.95875104978819	5.30287396970209
8.53838724050153	8.64590075033667	8.39033681095243
5.553644499773	5.60298935982495	5.96583898242452
5.7719499635862	5.62723690607163	5.87171680505997
9.06347828524529	8.93405810856878	9.12163365503194
8.68578151377312	8.67017302122222	8.56340151992531
9.27264354740976	9.19049674573747	9.04763307358816
9.81727395409569	9.83441395762838	9.60949267447403
9.16806280199757	9.02012671332165	9.21669420565428
5.85543494908928	5.8340884765123	5.91954533015058
8.86984760682673	8.87895599867759	8.77968766656762
8.48882413981294	8.46433917152329	8.51492444681708
7.88127495402454	7.92124491550156	8.01191947841086
9.02084648750452	8.84898512331571	9.07722178587137
4.28775043979996	4.40684683764633	4.41093371555954
7.50645781432855	7.60298935982495	7.65022466146936
6.33837651286993	6.24782331652351	6.68138559295582
5.45002186869884	5.12973724660081	5.65022466146936
6.33837651286993	6.06019631334773	6.34240233388872
5.84962932740808	5.5405252728783	5.72391020960237
9.3216977717233	9.23061598136129	9.16251228269243
9.6347917244546	9.47439867799203	9.68907178610095
5.88411770379337	5.81310345138296	5.88783647042324
8.95815378418625	8.85477263068404	8.97843901920415
5.3132855319071	5.18795186054611	5.14193775148703
9.09449184067422	9.09701437232078	9.03683081399596
5.09510536185757	4.61516407377105	5.23728562807451
8.83207095602377	8.78778067121963	8.80678802425022
4.66361734179813	4.79716190751394	5.10564162226404
5.54648470820013	6.12122574674529	5.9351421852016
7.8855369808787	7.87642938675179	7.89183840098074
5.33837651286993	5.07789831508119	5.52526639103854
9.57623205159418	9.53732993371849	9.55711525707788
9.03178335847536	8.97891234435304	8.99899146535661
4.56785835899269	4.70903099723528	4.53894132793561
9.27372787293309	9.29115074818761	9.1079370802517
7.80082002203933	7.83928738318662	7.67055565975507
4.87271294052112	4.651083648026	5.07780741406731
9.49534585920833	9.45547919460306	9.42940637563102
10.0224600600258	9.96738372925169	9.95121157656426
4.52478963710081	4.33505615457832	4.85541499273087
4.51014286113641	4.60298935982495	5.11480162154952
4.33837651286993	4.51476217681322	4.72988411064701
8.63521362679446	8.65551136006681	8.51665326073383
7.41703345674493	7.37498233899108	7.35211748872193
7.51748483647758	7.39100255958155	7.47457897758969
7.3548646356585	7.24782331652351	7.54573049359825
4.28775043979996	4.47523381262658	4.66900186849999
8.06159609966731	7.92247013429357	8.05300402306674
5.37924879428546	5.25950512157114	5.47635679055759
4.79025078032915	4.56583636140749	5.01069321820878
4.33837651286993	4.12973724660082	4.61837579543002
4.51014286113641	4.59071103004652	4.87711006383018
9.27805704359612	9.19911592993888	9.21828863761714
4.99346509998173	4.95875104978819	4.95057222577121
5.12425170751708	4.93951483092527	5.47635679055759
5.65032051918467	5.45505593068895	5.71188768135316
8.81876050244039	8.79916426042509	8.79686281037575
9.25847264727772	9.27781001206094	9.27913575975051
9.77425030163543	9.66579014684102	9.70128515039352
9.2957788135559	9.30906094604537	9.12730240511863
