k4_temp10_1	k4_temp10_2	k4_temp10_3
4.8943109114274	4.35618661786362	4.7025299618694
8.96325692581898	8.88356654957636	9.03633730644341
8.64724883229699	8.70696899155943	8.51411101991613
9.46832287059976	9.43948981639399	9.49166521782064
4.84969729660578	4.6962379068202	4.41861976645005
9.89437695055609	9.84454312066701	9.89827366704313
8.95805375996686	9.02758968229842	9.00554111535349
4.65596996530975	4.87755568817047	4.82147660498213
8.84490603052767	8.82993776490547	8.86998916303256
4.30547726033738	4.51595313923966	4.24612582351934
5.05027652777639	4.82334947811123	4.85235163141562
4.40142439284426	4.29330475475777	4.47199446481865
8.98707977054292	9.01565677809432	8.86643917842027
6.45643444556989	6.62365603702701	6.45337112012391
9.6326873431547	9.65446824695811	9.71229045433057
4.8943109114274	4.96018407762915	4.98862167149734
5.0698506227842	4.90910961335513	5.2758619130375
7.06184373822651	7.0867503073493	6.96518511390014
9.42988185053514	9.3873701480452	9.43180036752779
5.01031079699935	5.08494228122816	5.13907203784107
7.66211576685054	7.56336431412553	7.57063101537094
4.79191146512956	4.6962379068202	4.89255875466015
4.78007046174366	4.74379226678457	5.08766895337255
4.2549922982702	4.22749712226685	4.52354402531647
7.34987935381808	7.26078524694644	7.38695371810214
5.19097557774387	4.97018135594091	5.40832852585421
5.48129903320435	5.51015320068922	5.35818735197752
4.53431946740727	4.4741389917542	4.69123644263394
4.54835542059132	4.64702915415979	4.29113447237711
8.54764396977287	8.59397643389622	8.46482418588349
7.81849876896083	7.96193374253509	7.9264104412109
8.59453823000119	8.68767369729633	8.55660856800695
9.19039869686724	9.22480605941703	9.26238265504768
5.19097557774387	5.11223461961134	5.09635876283687
4.74395123103987	4.87755568817047	4.87258922075343
9.58670882504907	9.60304915975509	9.51033060965024
4.79191146512956	4.72021490444527	4.34912922880923
4.11100484963687	4.27713761886267	3.94357907722764
8.1151544993875	8.08942085047475	8.01273423870272
8.29225943890672	8.30873843070441	8.19863823611194
4.32191942547211	4.3714798370117	4.49798955306479
4.2720182223052	4.96018407762915	4.51082093066975
6.02264103020385	6.05162831477523	6.06589066636284
4.44710041297443	4.63445476920137	4.85235163141562
8.77559373882136	8.76264204918103	8.83845863089624
4.44710041297443	4.32509505875381	4.78995606107181
4.33817579945403	4.44556006029151	4.5855971361998
4.88328653725264	4.72021490444527	5.20499194797293
5.16391508485018	5.12121629418681	5.21303291513047
9.43877269099838	9.47127072252461	9.37910333055443
3.44988773172612	3.77490296950312	3.98035352883875
9.07260752756329	9.01222880631972	9.02614164447254
8.18596067330464	8.20433866690546	8.08605554679351
4.46200908307329	4.4741389917542	4.39120668819272
8.02954412737786	8.23042439459918	8.08366809139632
5.06009686481428	4.96018407762915	4.99789971781275
5.05027652777639	5.08494228122816	5.11358955345047
4.58965989743102	4.48821481926654	4.6683924030552
4.78007046174366	4.70827720496458	4.85235163141562
8.92443373600132	8.86083127281434	9.01071769646735
8.95348550186239	9.05615729684389	9.04772561062376
4.49137079177153	4.10441004584792	4.40497553063017
9.18928946490022	9.18790545974558	9.15124030473762
4.40142439284426	4.41639183117672	4.29113447237711
4.23776246610787	4.3714798370117	4.53616064930405
8.39895056396498	8.50840848790517	8.36213001611273
4.53431946740727	4.62176760798478	4.62163895852964
9.30286481212199	9.38605321172658	9.31291205809733
9.79045006018955	9.79936472372396	9.73443593921016
9.22544996334777	9.28078015647422	9.38314536452579
9.02364750594637	9.1348868015989	9.10886857819827
4.20267112179939	4.54315799677846	4.51082093066975
9.10061324442345	9.07488681724282	9.1716975761053
2.32749406297551	2.5130745209937	2.58977249994551
5.07953869838417	5.09409835845782	5.24477467212435
7.49386680245141	7.53439519951503	7.52806246863312
4.7560920101775	4.59604673588857	4.65683926017562
4.8943109114274	4.74379226678457	4.5977070628987
9.56892105085875	9.48157081895094	9.53059911588152
5.17299192120488	5.28185179341032	5.18060848763897
7.63458824788881	7.67953137038008	7.65550108609832
9.8046278825257	9.76215351118591	9.72802709738871
9.18205853559755	9.07980340104537	9.08692059672802
4.70690178987157	4.68409526579719	4.89255875466015
4.2888450081587	4.62176760798478	3.72352760797371
9.70348214895189	9.65882089344881	9.72963186365865
4.58965989743102	4.34072625639911	4.84213004807193
9.38458431921038	9.3427978094887	9.28785903153553
5.31093451308822	5.27383699013802	5.41535733936923
9.83292587672821	9.8205199746741	9.86418810990557
9.5304850361062	9.40307849075206	9.68072991949789
5.54556810183962	5.71846689961958	5.61843174661676
4.40142439284426	4.26078357552284	4.45882688969458
7.25303869911401	7.25287132983934	7.38884897638851
9.42329536648055	9.47745977568149	9.4308229426843
4.2549922982702	4.22749712226685	4.08558304742848
5.58007032586554	5.9407163130094	5.7587821079123
5.646687494262	5.66462750117743	5.7134349973249
8.85614024116972	8.8377246230635	8.78464677033901
3.97199035372534	4.08591816170008	4.15186527123423
4.41681142497245	4.76698309752957	4.49798955306479
8.83925585619627	8.9786563134321	8.79735094566183
8.00952747349316	8.16115684191664	7.95009173071717
4.58965989743102	4.68409526579719	4.93172141803036
7.32170861731033	7.27257372344557	7.21646982106059
3.88607385600434	3.84281724273097	3.92484991999992
9.11937372268215	9.13173622347383	9.08323133444278
4.76813119164621	4.90910961335513	4.91226724142426
5.286057689407	5.5503817597478	5.43624928246242
9.14248544525032	9.20647607689679	9.10947370675075
7.76873296401433	7.85200591443654	7.78761168771246
9.36458548034837	9.35676603216871	9.36180275458275
4.11100484963687	4.12266331837446	4.19973207785465
8.0082671371971	8.02997946493044	7.86690691432677
8.78076219012277	8.83578192329365	8.78914283063398
9.6269685868855	9.68359199221279	9.65945648142935
4.8943109114274	4.6962379068202	4.6683924030552
9.73039559155078	9.7871796797528	9.60557457056689
4.09194928906969	4.62176760798478	4.27628038406357
4.91610941618095	4.6962379068202	5.05240002890193
5.10821753088517	5.2080293576471	5.13062564169817
8.99281535471087	8.86401088528676	8.99317502936575
9.20089396399538	9.18689466370871	9.14652512413671
5.0698506227842	4.81225444873791	5.03445127205973
4.20267112179939	4.35618661786362	4.15186527123423
4.61655177927384	4.17605112575342	4.7025299618694
4.83832432204406	4.75543520488338	4.8318386922883
8.36294535019309	8.41209343199812	8.14569229861509
10.3211992886129	10.3185674289295	10.4017189319166
4.33817579945403	4.30928920724157	4.19973207785465
9.74781132904995	9.70303102255681	9.7428064122993
9.79409874028359	9.73290111672863	9.70456397009825
9.112952364207	9.18132233817658	9.27977494906653
8.95348550186239	8.97455004351423	9.08814834742149
9.63146380761112	9.67287520615909	9.54788710107673
3.88607385600434	4.14068405880656	4.08558304742848
4.38587101119979	4.43105112291404	4.3058436404456
9.30696068332964	9.334623481163	9.20613404311442
8.99345123263943	8.92493052755591	8.92362900289431
8.51166428101507	8.63115521136589	8.50691015718519
9.26441475890556	9.20797117197351	9.20499874353647
7.77022150402291	7.82446050182806	7.91175327278953
8.94101232219882	8.92918316677063	8.94874057932219
8.92176334304911	8.94246597791534	8.85143728580601
5.06009686481428	5.5700750104166	4.99789971781275
9.68355181166814	9.65773398675422	9.59333473021662
4.38587101119979	4.15847811724258	4.10242878433847
9.36997836847928	9.39131361689623	9.35872899660011
7.87076856330732	7.92910507302759	7.93038324395306
4.38587101119979	4.50215196642061	4.32041068872623
4.20267112179939	4.3714798370117	4.23081931876781
4.38587101119979	4.40157903621169	4.63346394282023
5.29439785067669	5.07572655486635	5.2210312244367
4.37014764387663	4.26078357552284	4.43214163079402
9.13501478365843	9.06610380730734	9.11671636808458
9.61504978141902	9.62584483163531	9.45891412170719
8.76445556352409	8.50267966147332	8.74047931364405
6.88047592325064	6.89082567706985	6.72942702484079
8.22444488053246	8.37039293827147	8.28469170549817
8.12448899305821	8.05044844093527	8.19309325829757
9.83044081342565	9.77822117841096	9.83941393862919
6.97142610647814	7.11327500308473	6.98264394319954
7.00220105084007	7.10228342491459	7.16901395645924
6.197096484296	6.28615952951431	6.22565108190866
8.26192640694907	8.37668209626723	8.12955492073364
8.49468067153735	8.56524059388771	8.47222838869964
4.2888450081587	4.32509505875381	4.3058436404456
6.0670633040325	6.29399671849879	6.09297542651598
8.21792027166267	8.34495291301235	8.11207102435552
4.91610941618095	4.83435816396857	4.77930105016491
5.01031079699935	5.07572655486635	4.95092776398441
7.52065852250981	7.73704372159635	7.2970914023674
4.66887295574464	4.82334947811123	4.89255875466015
10.1127954299584	10.0480119877366	10.1390091427976
9.12808418596012	9.18081467300213	9.00683692786838
6.21912867276482	6.18011614111605	6.36636557260296
8.50810540773472	8.57773860113245	8.54345630866331
9.44668134613796	9.42631871094338	9.53379867578412
4.30547726033738	4.27713761886267	4.3058436404456
8.69105352171639	8.70483802104335	8.69497882070045
8.95675002286817	9.03717646520775	9.00294614437161
4.09194928906969	3.46502782491126	3.24609187810742
8.75623241217342	8.76400618524953	8.91056948308293
7.46472810937754	7.40151840240974	7.47712849825195
8.72055784987348	8.82928692109669	8.66603051823594
8.26192640694907	8.41645816546213	8.21952510140431
5.30268994158568	5.39692406655696	5.37268436529039
6.17922453036896	6.21772982214214	6.01493510853931
8.63261812529083	8.66884093894665	8.55223721739964
10.1806646056133	10.1120055936683	10.3267077100346
4.68166125141407	4.93997503402733	4.89255875466015
4.95873990674629	4.97018135594091	5.1049987736928
5.45922176432159	5.44758044039099	5.37988093154753
5.50304262779244	5.2080293576471	5.61229048448689
7.98410854742373	8.00104984743692	7.87516064535049
4.32191942547211	4.40157903621169	4.53616064930405
4.65596996530975	4.89866964719955	4.96989251426962
3.56504307733255	3.37565438248337	3.76600021288909
5.19097557774387	4.96018407762915	5.18060848763897
4.74395123103987	4.59604673588857	4.92202570764919
9.02799865055908	9.02815541275723	8.93996517465644
9.60594160038443	9.49992408337059	9.7135068140321
6.43401310153277	6.49068543606947	6.50530545463537
4.61655177927384	4.75543520488338	5.0701376189987
4.49137079177153	4.51595313923966	4.69123644263394
5.0001434487463	4.34072625639911	5.00712101731264
8.51344042172209	8.24918737185079	8.48509888683269
5.88602196535954	5.51015320068922	5.7249002827546
7.91986551389206	7.85460152799672	7.95270017041327
9.03047912322518	8.93765028307425	8.99709107771873
5.07953869838417	4.73205270568833	4.8318386922883
4.41681142497245	4.54315799677846	4.37731094219321
5.089161970318	5.32125849177936	5.44314942159242
9.10414951934594	9.06610380730734	9.04709517876499
8.84772281809405	8.89728256617843	8.7116121562762
9.2421257482873	9.25403455775167	9.21800335770008
7.65084462187072	7.57605147534211	7.69466374946853
8.31587002744679	8.33852077269771	8.34414557501191
4.05306384652809	4.3714798370117	4.13556589336927
8.42088635330187	8.35318006443504	8.19420388653805
6.16567334267599	6.10174852956705	6.21743483395474
8.62934655187431	8.81291773829086	8.75967587764494
7.12843887655192	7.22481867413971	6.98264394319954
9.17423052053677	9.23657002736622	9.15594078482957
8.95348550186239	8.90655872396445	8.75814911521748
8.60123364075899	8.65712568363804	8.55486154838126
5.55946843982916	5.64002498552607	5.49724231826842
9.71122321573141	9.67788647807687	9.76333546578071
9.91261390476861	9.90454981744244	9.9054275488795
6.46751542812924	6.53750892079495	6.49506071916956
4.65596996530975	4.41639183117672	4.32041068872623
5.9240987305151	6.2583823033683	6.00073395706141
10.9273380463994	10.8779101888346	10.9825984346326
4.71935791781182	4.90910961335513	4.62163895852964
4.38587101119979	4.41639183117672	4.5855971361998
9.05930876758375	9.07707407549599	9.04140939791598
9.11762528358915	9.17572797570742	9.16296414117149
4.81530505031871	4.87755568817047	4.98862167149734
5.29439785067669	5.47573279226758	5.42235353646291
5.57323575819029	5.48268420180087	5.55586352493944
4.52014522674391	4.34072625639911	4.37731094219321
9.86934994349415	9.91244250612083	9.89468395637524
9.68118881011317	9.66820593267659	9.67242313392087
4.41681142497245	4.41639183117672	4.60972049513257
5.0698506227842	5.25766985424292	5.13907203784107
5.98196909786641	5.93064787909323	5.84029805541366
9.11529072114592	9.05115769182006	9.05777683297242
8.81858592427217	8.81620676324012	8.72103517300186
9.21622244466311	9.26220734272349	9.0912133571542
4.78007046174366	4.74379226678457	4.54867256981102
9.04588592917137	8.99669929771783	9.15945655269154
5.15478061740247	5.19108773008557	4.95092776398441
8.92709918148807	8.98333464425556	8.90295668038043
9.32019230066434	9.30517057091919	9.21292794616885
9.01114265720634	8.96571055009804	9.07768045890909
5.38308369244809	5.18254021771512	5.32132297833326
8.71439649660211	8.7970230879968	8.53904660160546
8.90968485409033	8.95383797521667	8.81216125894326
4.58965989743102	4.54315799677846	4.72486633734268
9.13155365819611	9.23900858855175	9.09610444909433
4.05306384652809	4.17605112575342	3.30408663453954
4.57602307694198	4.83435816396857	4.67985768848491
9.73457944425208	9.67395054562054	9.72320252441327
9.22490880336774	9.17776485005994	9.29696889470969
9.0452728143997	9.02305567523296	8.88761477607153
6.09116225595108	5.92050726940758	5.96706830191889
4.65596996530975	4.68409526579719	4.92202570764919
7.99814450060778	7.99988026573044	7.82494656876286
9.45500809871332	9.42461024576782	9.59640401857572
9.25861045552931	9.2114535943244	9.22922124999052
9.5727512747184	9.57143008483308	9.61944235692427
5.286057689407	5.2080293576471	5.16413097096972
4.20267112179939	4.26078357552284	4.21535582148547
9.2665196221778	9.15416183107675	9.25251059364713
4.2888450081587	4.10441004584792	4.48504803353274
9.70542132405334	9.63986193243752	9.81498387527007
9.85335292241802	9.81987373939862	9.86711919762005
8.6941878885116	8.71898422886335	8.55048512217832
9.64446151354529	9.67895801631274	9.56542627962494
6.03263186056286	5.88964184873538	5.83499865534151
9.1747910791996	9.17368816426038	9.01200906936709
9.13328526176316	9.12752450769154	9.16296414117149
5.10821753088517	4.88815205976526	5.00712101731264
8.90496014117416	8.94846263375162	8.86643917842027
8.12216104143385	8.17362959569651	8.00771700356253
13.2696608974795	13.1359717379464	13.5203240532727
12.3994665180088	12.3318160172708	12.5838709163854
5.21753646365978	5.25766985424292	5.31384069117353
5.63360855155025	5.36714172456367	5.57490812892389
9.93327145629485	9.81209580093981	9.93230686987045
8.3340813312492	8.33852077269771	8.56704838653496
9.85719451025454	9.84422548083331	9.92809449618281
8.89137482974476	8.8848189701924	8.90295668038043
9.62204863752541	9.59359949874131	9.68775488001088
4.86098107044887	5.15658336113367	5.0701376189987
6.39971196917705	6.50085033484936	6.45337112012391
9.50442699338937	9.44497689381356	9.53972276108099
9.23192805514855	9.23803366846256	9.38415418207315
3.99269105316813	4.0094341842422	4.03388617365014
9.13559082922767	9.09229091520008	9.12512239892278
8.83925585619627	8.90594220227527	8.74047931364405
9.42706276317338	9.51122487151999	9.49541682851105
6.59422871292194	6.75369072956179	6.47782992855596
4.91610941618095	5.00947857715992	5.01628625993429
9.96176746352874	9.94476415150503	9.96249960768747
9.01051455250745	9.0366143316842	9.06900493609904
4.30547726033738	4.43105112291404	4.32041068872623
9.24105570451172	9.26076851331305	9.30867700540176
9.56934713520659	9.59208167778731	9.61685184465762
8.73432516823461	8.82341581239664	8.67412762560499
9.90858117952136	9.87502005123889	9.97856251721662
7.42556541958445	7.58077997777291	7.45372526894965
4.80365580618533	4.67184749237523	4.98862167149734
7.14691327217888	7.12635314547995	7.1993854709083
7.03729239514856	7.09120577242908	6.82324308354436
9.73950836178089	9.74964224694827	9.69843602059064
5.90246413049428	5.9407163130094	5.78095423938865
7.91718142022181	8.09599534252602	8.10266270821946
3.77091851039791	3.98964912056066	3.72352760797371
8.2102706398691	8.35773011336719	8.1179215469018
9.70929185043941	9.69846039178439	9.78706665986063
4.44710041297443	4.38660948918342	4.56108151038092
9.25755260710669	9.25258738729971	9.22137749808995
9.13961670294396	9.15932652828289	9.11128763650829
5.01031079699935	5.1995839057358	5.17239223968504
9.25118912991316	9.21690871026162	9.23646837468123
9.32625839731113	9.38121392884589	9.39470621085999
4.7560920101775	4.64702915415979	5.04345236009814
9.24052038402556	9.32181322162377	9.21010087283296
5.91332209742925	5.8948330802251	5.80821859480805
8.71285202646994	8.7154609169712	8.80699418197492
9.65774353124743	9.60756267273621	9.76451134867011
4.49137079177153	4.81225444873791	5.02539612310845
5.61376446052214	5.82581407520083	5.66073409826921
5.32728325481373	5.22477048786674	5.45001812489986
4.2720182223052	3.90761982438501	4.52354402531647
4.32191942547211	4.29330475475777	4.10242878433847
7.17193431657997	7.26472566451772	6.96769164443302
9.5534973604184	9.63692248412082	9.51911636602503
7.1606150308877	7.28814041690748	7.19077014593222
7.44061051136208	7.48643775962389	7.53151253368158
7.88732108097011	7.7468723099722	7.82919554602773
8.71053220797759	8.59551321731017	8.90087377270177
8.73203974473581	8.57306477862057	8.67815993014357
5.80670490026546	5.74175317018337	5.80821859480805
9.15674397415169	9.10574042698395	9.13883136416773
9.02489203352394	9.08795992370096	9.03570209355503
9.84985164595165	9.77154848210749	9.90721072799721
9.81436208638969	9.7722171698975	9.87114016144141
9.84634182769476	9.79608180511567	9.78436230439425
9.57232619751337	9.56292926770414	9.63659961483523
9.27804164349334	9.23119034968903	9.2776118529017
9.19924189821773	9.18030682557488	9.23089675796249
9.46695118088204	9.44329082806757	9.45169918800723
8.82073801710422	8.85764449743324	8.69657087762586
5.06009686481428	5.1995839057358	5.32876831577623
8.91103192702578	8.98974219028491	8.86002806556369
4.96920303497365	4.70827720496458	4.72486633734268
4.86098107044887	4.68409526579719	4.69123644263394
8.34310125916497	8.42254625537181	8.32797729386181
9.7319184006794	9.74590124250148	9.78822418603516
8.91439410147012	8.95264521882778	8.90987899634393
8.11749380687844	8.08942085047475	8.00268301635406
5.97680329773833	5.74751533290982	5.85608540142848
6.4226700168332	6.42098616702949	6.48129187673212
9.19924189821773	9.28314374765636	9.1215255516464
4.86098107044887	4.75543520488338	4.96043995811336
8.10103820830946	8.0970881266618	8.15483669521958
4.52014522674391	4.38660948918342	4.3058436404456
7.06912817804198	7.13715998943164	7.08798490635215
9.3517577141084	9.3350788518392	9.21066671174682
9.55779833160358	9.55982535204651	9.51264761912466
9.60344751055444	9.5829403923848	9.70048143912207
7.60985399184508	7.67069923559105	7.59230061005771
9.00988617346713	9.03210920369361	8.98531228524384
9.1123671806358	9.18689466370871	9.12751553873996
3.97199035372534	4.02894634177967	3.72352760797371
9.21731111197949	9.22873826206965	9.20101844917193
8.84912914644646	8.84675544530199	8.76196312627821
3.97199035372534	4.04819301953905	4.03388617365014
8.72898685491129	8.7509934714263	8.63153965337363
4.73170712488026	4.87755568817047	4.94135517456761
4.62981153940429	4.40157903621169	4.24612582351934
5.09872129977354	5.1995839057358	5.44314942159242
4.71935791781182	4.84528183982058	5.04345236009814
8.89954140109602	8.99090408685406	8.80329254061567
8.86102775692577	8.97455004351423	8.811424188399
5.72891980612857	5.70074713982552	5.60612410465061
8.71978912220894	8.65786073639213	8.86430516848399
10.0199260844955	9.92299821329559	10.0405032211231
5.06009686481428	4.95011564371298	5.29116841778903
4.7560920101775	4.93997503402733	4.87258922075343
4.23776246610787	4.44556006029151	4.62163895852964
4.62981153940429	4.50215196642061	4.56108151038092
9.0452728143997	9.07980340104537	9.21292794616885
9.97436058126157	9.91062502108271	9.99781619722263
4.79191146512956	5.08494228122816	4.97928617561275
3.59244721618271	3.67896051476557	3.54055454193011
8.99154275507907	8.98508503712902	9.07458778547949
7.47754896638298	7.52787625252492	7.38125360632843
9.56721545043379	9.53593134673674	9.52555747705946
5.07953869838417	5.15658336113367	5.03445127205973
5.0001434487463	5.00947857715992	5.26039841575517
4.57602307694198	4.51595313923966	4.37731094219321
5.55946843982916	5.52369023215871	5.62454809483585
8.9436472566166	8.94606702099719	8.93861056740604
8.77854941277302	8.81225901464989	8.65216484189745
8.94430523686587	8.92553883072306	8.89669930459435
9.97628823736499	9.94742458086316	9.97140661427372
4.18479916787235	4.21055549470531	3.96207842304294
4.68166125141407	4.81225444873791	4.82147660498213
4.35425053417176	4.32509505875381	4.5977070628987
4.8943109114274	5.06645039708033	4.98862167149734
3.77091851039791	3.86474960444034	4.18394473183984
4.6429502041439	4.50215196642061	4.69123644263394
9.30900425439761	9.29021091802583	9.15241679934923
9.34878114658464	9.35766248910202	9.3653809031949
4.50582994654414	4.43105112291404	4.39120668819272
7.12378297025552	7.41396633056807	7.05762011394976
8.11398341768674	8.17879429290264	8.07768286016051
7.27419604791469	7.46610769963164	7.30311810366987
9.80787994070048	9.7918025890743	9.7308343184093
9.86588742969296	9.94061573506163	9.78165308934669
8.77411362162296	8.82928692109669	8.57396831959303
5.06009686481428	4.76698309752957	5.02539612310845
8.96000715305711	9.0394227681703	8.90572942188519
5.78321582682155	5.8527598231147	5.73627903690363
3.99269105316813	4.26078357552284	4.3058436404456
6.45643444556989	6.51429090145514	6.72060156880148
8.69026886187149	8.87161292235524	8.59368801423235
9.26336117131548	9.32365037641889	9.43033399253626
9.77095603551883	9.7156116202379	9.93125487929287
5.17299192120488	5.18254021771512	5.1049987736928
9.11762528358915	9.07816643770735	9.15828554077382
8.95479219930912	8.92796943096609	9.02294130837749
5.71035601579005	5.77033210164606	5.81898776751173
9.40860280343853	9.44286899744169	9.37960917782248
6.77746522424168	6.94117294809627	6.56862056499809
8.98132122867203	9.02589113217229	9.05840281503176
7.85402338349995	7.97390174110642	7.83060921492481
4.32191942547211	4.2442382524865	4.10242878433847
2.56783039608425	2.62194430192744	2.54337875428083
9.77021521480732	9.75777025969551	9.7832018082998
8.68712593590291	8.68983066187192	8.77183463522166
7.70322352887624	7.77046123604605	7.77446961911048
7.57619926912953	7.62416678689163	7.49135197891533
8.42466736412455	8.54866757930121	8.31163374337717
10.0378787872932	10.0567864852993	10.0214599996234
9.2205721797678	9.2014809834531	9.27977494906653
6.87771189974925	7.01113377006172	6.8396906404976
9.7096783309763	9.69033753664859	9.80280977718158
9.02923942147682	9.09066834687834	9.09182561209389
8.42088635330187	8.33852077269771	8.64888371379445
4.94820012488172	4.87755568817047	5.05240002890193
4.96920303497365	5.39692406655696	5.1558241853927
9.84634182769476	9.75641882993577	9.8918060213219
9.77206655181476	9.74146726252065	9.87405777777189
5.06009686481428	5.1995839057358	4.91226724142426
9.45038807614971	9.30144546279315	9.48224514488694
5.646687494262	5.34438612943091	5.51703705908835
5.24361585675341	5.08494228122816	5.06129490879207
9.27124433509397	9.28738828524348	9.3775847696388
5.47397752228872	5.36714172456367	5.70188185444532
6.85259377556877	6.82526208995061	6.88004124961121
6.38420051120749	6.28222459236397	6.46039993363893
8.28499601451369	8.25310595882582	8.44050627533186
5.86380262347961	5.62128816864567	5.96219696401942
8.62278100122133	8.55579408804296	8.73350827635231
7.9185240930117	7.66181161058602	7.83906350493723
5.79500830096051	5.78720636527066	6.04294231208245
8.75473223081752	8.67175465572015	8.73039966129582
4.16670240360188	4.40157903621169	3.7867960980186
6.6792660047957	6.58918988267615	6.61995072319359
4.41681142497245	4.32509505875381	4.13556589336927
5.88602196535954	5.99484708731375	5.87170914505929
5.95069234889879	5.71846689961958	5.76990893161238
4.96920303497365	5.07572655486635	5.02539612310845
5.09872129977354	5.03825127740497	5.2526067820402
4.9268860492668	5.05711301008689	4.92202570764919
4.88328653725264	4.78979986626581	4.77930105016491
5.4517867411074	5.28185179341032	5.42931741844329
9.21731111197949	9.19093352153701	9.25085894721399
9.18038468574038	9.03492658959486	9.13407715362749
5.04038869648361	4.92976120630935	4.84213004807193
4.71935791781182	4.17605112575342	4.41861976645005
9.37046763010274	9.29208954910329	9.52095949311065
4.9268860492668	4.62176760798478	4.52354402531647
4.86098107044887	4.80107171071259	4.86250438202626
6.56358124840502	6.49747014448738	6.50870495498945
5.96641571622195	5.71846689961958	5.707669492141
5.07953869838417	5.31346448311854	5.13062564169817
10.2856494118013	10.1577881417422	10.3126095594835
4.2888450081587	4.76698309752957	4.84213004807193
9.96435966925697	9.83881466247184	9.99949344488507
6.68560378504502	6.58918988267615	6.68174944668228
7.43122578278108	7.22076535046849	7.42626225518619
5.93479523919392	5.92050726940758	6.07043871737815
6.01258033333082	5.7646623185313	6.07497309002387
5.96641571622195	5.84741157858376	5.86131132613483
5.4517867411074	5.22477048786674	5.37988093154753
6.29576255151665	6.29008355142969	6.4498443868941
6.04748920902469	6.23820208962317	6.30544101002487
9.79008468271713	9.75641882993577	9.89072537779104
5.39088140145598	5.46874705464679	5.66668155279933
6.06219469095996	6.16307245309537	6.23789210532242
4.7560920101775	4.87755568817047	4.82147660498213
5.2692309035535	4.76698309752957	5.49724231826842
6.17922453036896	6.23413126956668	6.1151802132684
6.12890012561348	6.03764524546714	6.05216361158234
5.01031079699935	4.98996641962245	5.13062564169817
4.61655177927384	4.55656671322284	4.72486633734268
4.86098107044887	4.50215196642061	4.97928617561275
7.93983816862663	7.81515820155858	8.01523660901704
6.80682693293991	6.67532311801278	6.88269327803164
9.65573896942118	9.57834750200792	9.77037704573924
5.93479523919392	5.78160394609284	5.92764964436039
4.74395123103987	4.73205270568833	4.98862167149734
4.69433687341073	4.83435816396857	4.96989251426962
4.35425053417176	4.34072625639911	4.33483833727784
6.8412878329833	6.77331891949841	6.86134527154675
6.20594988940472	6.18856159302735	5.88717264234163
4.82686072521592	4.86687934320351	4.93172141803036
9.23031126480426	9.06665434593791	9.14120285937673
5.01031079699935	5.03825127740497	4.93172141803036
4.43203562830865	4.12266331837446	3.63481509421521
4.65596996530975	4.21055549470531	4.67985768848491
9.58333759025525	9.51122487151999	9.60557457056689
2.99547837191983	3.28025134014259	2.91703582877325
5.22628222791776	5.46172664821099	5.34354958876203
5.78912414637787	5.86868429514551	5.876881286558
9.01615764717318	8.86845037019202	9.06027920328674
5.24361585675341	5.35201207239194	5.41535733936923
9.71238079159374	9.70478503269277	9.83231369559032
7.49746799028904	7.25485396365151	7.52978848801828
4.79191146512956	4.76698309752957	4.85235163141562
9.68158291333162	9.57758056840636	9.69966360467387
9.96630076303911	9.8192272087688	10.0369100105715
6.3406609801731	6.27827867908463	6.06132885420399
7.61649148361833	7.49649426401545	7.59560692227809
10.2269846119169	10.1230040899691	10.3726843499567
6.99711739258247	6.90103950478782	7.02663117954519
4.9268860492668	4.89866964719955	4.57338915234707
5.89700426136083	5.71258494106857	5.89229209638883
4.49137079177153	4.27713761886267	4.11908837670002
8.99726060941922	8.96097347076667	8.97277846657104
4.54835542059132	4.67184749237523	4.96043995811336
4.88328653725264	5.07572655486635	4.97928617561275
7.64436409834558	7.66478036087481	7.42256243058526
8.94824681135861	8.87602865078085	8.80403359630435
7.76873296401433	7.93156312576319	7.77739999470408
7.88044732785614	7.84810354232478	7.81926257421429
8.64157677959388	8.7019917243217	8.73273172327396
9.12692583340966	9.05892723897313	9.17401797328248
9.03480968617235	9.02532449527571	8.98793775872973
8.82073801710422	8.81752023500897	8.85071917301879
8.99217919560701	8.95741022204786	8.88480848811703
4.33817579945403	4.40157903621169	4.11908837670002
9.45177564139788	9.49138885021904	9.42690689433132
5.15478061740247	5.27383699013802	5.04345236009814
9.71507818532075	9.67645649666279	9.7824276476829
7.10027470553849	7.22886041687039	7.25006848765454
9.30491420533172	9.36213627206364	9.20101844917193
9.28740059526156	9.33871654974457	9.2894706594477
8.92843005465416	8.94126359025824	8.88270033894819
8.78444260602084	8.73089827148845	8.71239966100462
4.79191146512956	4.85612180852186	4.78995606107181
9.46649366019447	9.54851621922707	9.39169887388892
9.21513295291097	9.13121044424703	9.05087382176614
6.36851998769648	6.15015355971455	6.16717425424357
6.10543021213348	6.34390669009179	6.13271154764225
8.05295775078321	8.13800052287881	8.09319531278812
5.01031079699935	5.0287252549193	5.1558241853927
8.93903294955463	9.06224402594025	8.93793280710321
7.08118754278369	7.11764783189417	7.10865407989877
9.35522261051214	9.37945007700463	9.39069509371318
9.47060611784927	9.44708165390042	9.48224514488694
7.60652372695536	7.63632247065403	7.52287252282565
9.30644933667775	9.41388533470375	9.24810217597916
4.11100484963687	4.2442382524865	3.82754662648374
8.67051197640728	8.78565533460437	8.59963882228374
8.48203687825476	8.589356041133	8.45271425918459
9.40239646918463	9.41259286408537	9.43862465617737
5.12702399201619	5.0287252549193	5.1558241853927
4.68166125141407	4.73205270568833	4.48504803353274
7.00979301457912	7.01583347203698	7.05525883270238
8.69965665237588	8.75854173038732	8.53107648030497
7.75225656145286	7.8138242938752	7.71004834998389
4.32191942547211	4.06718134481968	4.18394473183984
8.99599193756457	8.96215922858414	9.14593468834758
9.56934713520659	9.58102849995508	9.5663202480877
9.65974530392317	9.65555766479664	9.61425687367574
8.63098326853543	8.68262795286195	8.85573879448213
9.74818760047617	9.74828302609576	9.84610977984183
8.73280195603308	8.82276196029653	8.63817046238287
9.42612183848978	9.49708472386425	9.421997486645
8.30872512696541	8.53990836250155	8.43767495474715
4.18479916787235	4.65949275014582	4.23081931876781
9.37875972101174	9.32181322162377	9.30602404366097
4.61655177927384	4.92976120630935	4.69123644263394
9.32625839731113	9.30749379199222	9.3223976538146
8.67051197640728	8.63713349387542	8.68779368668083
8.79177531195571	8.91454915012543	8.75279323829461
5.41402410622075	5.17394074446408	5.44314942159242
8.77263198010174	8.76741078134158	8.98596908236522
7.30946451115072	7.30162215673581	7.14916129226835
6.06219469095996	6.31340181007645	6.13271154764225
9.22923239427004	9.22480605941703	9.19016152236322
4.32191942547211	4.54315799677846	4.39120668819272
8.73660696695235	8.81948815880431	8.65543884485237
5.37524348890342	5.51693790910713	5.50386948396427
7.34188670109443	7.37264782905478	7.25628572437528
8.8893259229803	8.9163867026593	8.95344472594122
9.04281773907705	8.9340277228528	9.13883136416773
9.59342768741827	9.67144014745787	9.73163542244955
9.39808403827558	9.47539976513336	9.39920599861887
8.06270324979242	8.09927116566512	8.03016423361975
6.70756869703835	6.98500255023669	6.68174944668228
8.67686374738689	8.74063504833008	8.61902773286665
5.39088140145598	5.35959712538193	5.33617706664681
4.61655177927384	4.51595313923966	4.86250438202626
4.9268860492668	4.54315799677846	4.82147660498213
8.40757400910409	8.54707902327418	8.39066114830126
4.46200908307329	4.59604673588857	4.6683924030552
8.81643060732981	8.86591522794826	8.66603051823594
9.65011129165026	9.53908807662336	9.72963186365865
8.97425156437236	8.99322502091598	8.9601395760551
8.76669010778375	8.87539867571214	8.83483353232776
9.56294258186389	9.57027388616356	9.59902987311746
12.6121457402219	12.5268756507248	12.7825641106621
5.77728314299196	5.6585168696739	5.7134349973249
7.39306243658916	7.47291690167616	7.6884656820826
9.46007304607609	9.41646673869273	9.49962626196196
9.3502702001486	9.34957385147278	9.3081467863816
7.0072668088555	7.00877805096043	7.00235242996366
9.78128766907627	9.7353048709067	9.85536050077858
4.83832432204406	4.74379226678457	4.78995606107181
4.6429502041439	4.65949275014582	4.64519690295427
5.69154955465903	5.62128816864567	5.70188185444532
7.20976705259579	7.1982620575224	7.23964911122847
4.80365580618533	4.83435816396857	4.64519690295427
8.1186620357611	8.12627864870618	7.93566408216557
9.07320910557328	9.0315450525422	9.05087382176614
7.94511771139539	7.84810354232478	7.82068558306771
4.60316867076675	4.40157903621169	4.99789971781275
9.52785652053346	9.65374150201872	9.4488035191883
5.86938971318086	5.83124444268866	5.67850653708992
5.16391508485018	5.18254021771512	5.23690166327681
10.1116269638719	10.0987996632449	10.1587454139429
4.6429502041439	4.3714798370117	4.48504803353274
4.66887295574464	4.67184749237523	4.87258922075343
10.0242800508665	10.0402894004513	10.168367642173
4.86098107044887	4.92976120630935	5.1558241853927
8.83216178960355	8.94246597791534	8.85287248607457
4.56225575858086	4.32509505875381	4.19973207785465
9.59300867655468	9.54890769812632	9.60731503571633
5.25220497951851	5.24131581090309	5.09635876283687
8.97360714161132	8.92127520512562	8.89390989072139
8.45178649008884	8.51817567740956	8.39358206190767
5.10821753088517	5.01913464873724	5.01628625993429
4.2720182223052	4.54315799677846	4.54867256981102
9.36015803144139	9.410436118747	9.29963782401043
4.53431946740727	4.63445476920137	4.6683924030552
4.46200908307329	4.58300877268794	4.19973207785465
4.32191942547211	4.19340850908384	4.26127849144931
5.03043243674828	4.84528183982058	5.08766895337255
10.0193030122511	9.97172664732377	10.1075079697423
5.88602196535954	5.78720636527066	5.78095423938865
7.37163291148657	7.38535126651465	7.4931205160897
8.88247508246344	8.79768894303071	8.82682750074602
9.4900938856468	9.47951679072101	9.54471733136196
8.2102706398691	8.23241120530979	8.24871733625956
9.15901228174014	9.12065361171992	9.16062665579123
8.88110099086906	8.95264521882778	8.95344472594122
6.32855425691943	6.45277647102553	6.41411575359824
7.69069963007181	7.84419037525567	7.36786893455639
9.01490553761638	9.0304160748339	8.90434368854474
4.0726379415359	4.27713761886267	4.32041068872623
5.90246413049428	5.83665404390211	5.88203574548715
4.97959061649003	4.95011564371298	5.07892876791984
4.76813119164621	4.83435816396857	5.02539612310845
8.79615706292648	8.92127520512562	8.79063854282835
8.13952954763262	8.1068853808602	8.05715349045829
8.86728740620605	8.89790287269721	8.87635814688288
4.56225575858086	4.60896562926938	4.6683924030552
4.73170712488026	4.75543520488338	4.85235163141562
5.15478061740247	4.85612180852186	5.32876831577623
7.90639468710409	7.99284239552508	7.9237560782572
4.71935791781182	4.56984952436755	4.63346394282023
8.81283122143943	8.82863577770503	8.76728658420636
8.99472214596409	9.01736765392482	8.88761477607153
9.48060957894256	9.44202495863776	9.48931571170659
9.54095133596753	9.5722003592836	9.56184509559374
4.61655177927384	4.34072625639911	4.65683926017562
9.40764972371507	9.42289971473303	9.47086281135375
5.34344829892479	5.10319555375471	5.33617706664681
8.79104372089497	8.75990982429803	8.79511679691771
8.89954140109602	8.90840667849689	8.88621228502317
4.38587101119979	4.63445476920137	4.8318386922883
4.0726379415359	4.3714798370117	4.33483833727784
4.81530505031871	4.81225444873791	4.56108151038092
8.57681307203265	8.72460333850956	8.6356873252282
5.9559525879946	6.01878351278522	5.93263370763739
7.26153901211396	7.36716838129964	7.34659282079779
9.84599037446474	9.79870874921955	9.88494882755104
9.93062257400003	9.83370315196573	10.02476052145
9.62655923312261	9.66892528636278	9.59552771644802
5.39088140145598	5.0287252549193	5.00712101731264
9.13213109099132	9.01108430059918	9.11370281967317
8.89546391006253	8.92553883072306	8.88058923787756
9.97660926242266	9.95948139820651	10.0911916306953
5.05027652777639	5.21642468788697	5.35818735197752
7.30946451115072	7.42454948960611	7.32105499720712
5.69784573009076	5.5569766854147	5.92764964436039
4.84969729660578	4.75543520488338	4.96989251426962
7.96084107871856	7.97628323829079	8.00897287849418
4.53431946740727	4.30928920724157	4.37731094219321
8.68712593590291	8.86528073186522	8.77410352619654
9.45131326832947	9.43270714115991	9.34740463099993
8.83925585619627	8.93039586208143	8.75355952942585
4.65596996530975	4.75543520488338	4.43214163079402
8.87006075412984	8.91577445032626	8.84424071954887
4.98990373441643	4.65949275014582	5.24477467212435
9.65573896942118	9.61915636057739	9.71107311250564
8.28603589442159	8.37578535519542	8.27945488964516
8.85823692425632	8.80034923341213	8.82171052886311
8.66093142741782	8.7175759569766	8.50961451265157
7.11677073643844	7.03910059184341	7.17557384107171
8.65209285636804	8.71475520032229	8.61567360964063
8.59201939575997	8.78699746847489	8.44896847398262
7.5241933493248	7.65585535339304	7.46276955382978
4.69433687341073	4.41639183117672	4.77930105016491
8.69105352171639	8.68045996930594	8.61399374565818
6.40740543023808	6.55386296413478	6.62624583784344
5.2692309035535	5.01913464873724	4.96043995811336
7.02235793103996	7.13500521522459	7.15580793536944
8.66891964222154	8.68839305098253	8.66684218865569
9.80245575258624	9.72012725744605	9.69638782333463
9.5444232502678	9.60040961135393	9.61944235692427
4.50582994654414	4.56984952436755	4.62163895852964
8.47202392313253	8.557372892887	8.55835356561873
4.62981153940429	4.93997503402733	5.19690786550393
9.06476403601594	9.04278554866057	9.15769969356681
10.0161835969137	10.0425001592422	10.1770350573176
8.62852749475572	8.59320741566939	8.76652724006124
4.40142439284426	4.02894634177967	4.6683924030552
9.97275222582302	9.94978521385721	9.97515917995144
4.46200908307329	4.50215196642061	4.45882688969458
8.60623482930614	8.71898422886335	8.48235015723217
9.18317335455295	9.08850202334102	9.05275959783222
5.22628222791776	5.00947857715992	4.97928617561275
5.38308369244809	5.12121629418681	5.43624928246242
9.08816737912656	9.05837368428267	9.00554111535349
9.25012580851225	9.26028857811136	9.28031523854312
3.97199035372534	4.02894634177967	3.98035352883875
7.69540887745159	7.7243057856631	7.52633447100181
5.86938971318086	5.72432450216482	5.62454809483585
4.1483751011064	4.44556006029151	4.5855971361998
5.14558778235471	4.96018407762915	5.13062564169817
9.44249982725382	9.48689737612468	9.43521637299559
7.5241933493248	7.634808710217	7.51592468671315
9.76427487588009	9.77822117841096	9.80624368981737
4.91610941618095	4.62176760798478	4.97928617561275
8.74191713197365	8.83837159723138	8.91194950859647
7.53999346433623	7.58235263940617	7.65867180812556
4.11100484963687	4.0094341842422	4.21535582148547
8.46377935163	8.56367055044861	8.30957828597868
8.57681307203265	8.65639024874057	8.46853083254034
7.49206282254113	7.61651609764586	7.43179502384767
5.03043243674828	5.1995839057358	5.22898732610953
8.77114881111476	8.78162127580566	8.71711607079956
8.82717504703727	8.90594220227527	8.86216813372751
6.2832703706553	6.53750892079495	6.08400112758849
8.64967288306415	8.72950181629764	8.63817046238287
3.95098744363341	3.92857737797488	4.05131616856717
5.19097557774387	5.06645039708033	5.18878020286501
5.60708846807878	5.83665404390211	5.66668155279933
8.64319964924137	8.69413474935078	8.63237010107751
9.12750512626627	9.11959358245082	9.0558973258498
7.96734210103213	8.11337938917422	8.03140155643706
6.05730954606258	6.1458209100997	6.34001348007246
7.6540739695565	7.79095327463586	7.46996612008692
4.98990373441643	4.85612180852186	4.8826070500907
10.0659038082631	10.005856730656	10.1959886318515
7.08598312652387	7.12852112903596	7.10865407989877
5.0698506227842	4.86687934320351	4.98862167149734
9.97146424562066	9.91848398014843	10.0711842387422
9.0054798184454	9.02815541275723	9.0850770940305
9.32322854615981	9.25065552084254	9.35462088024838
4.49137079177153	4.26078357552284	4.56108151038092
8.40470526679773	8.36226557410845	8.37695489237531
9.06838942337738	9.18588314490021	9.07272913173893
9.43410015103549	9.43440586126007	9.35872899660011
9.10356074348753	9.01280071212634	9.07210907095772
6.47485561644956	6.53091399512805	6.38491042841022
9.58038126556029	9.54655719801188	9.47038667752119
4.20267112179939	3.94922897092911	4.36328593158451
9.84879959925764	9.84549561245033	9.78976617314812
4.30547726033738	4.30928920724157	4.32041068872623
4.54835542059132	4.58300877268794	4.56108151038092
5.19988380304769	5.10319555375471	5.2835345899951
10.3909713232109	10.3051002952523	10.4329738416208
9.47060611784927	9.46588488590764	9.60992197198822
5.4517867411074	5.64621584439349	5.68438443057109
9.39472096560382	9.47209749577632	9.38314536452579
4.61655177927384	4.67184749237523	5.2210312244367
4.54835542059132	4.80107171071259	4.7025299618694
8.99154275507907	8.90594220227527	8.98924878295866
4.9268860492668	5.18254021771512	5.16413097096972
8.74796198872365	8.90347342504585	8.78239370227098
6.88323464660784	7.12635314547995	6.90112799569818
4.90525144924597	4.97018135594091	5.26039841575517
8.64076465776032	8.80300453028451	8.66033655712349
9.80173097988076	9.70478503269277	9.87733336141748
8.87421077755547	8.98916088393055	8.8960024348023
4.57602307694198	4.4741389917542	4.69123644263394
5.089161970318	4.83435816396857	4.99789971781275
8.93837255303629	8.9751373837732	9.03697225181741
9.41145826012838	9.50921348344698	9.42101368382493
8.6941878885116	8.84675544530199	8.78989087221136
6.54278078308793	6.65427647483675	6.50530545463537
4.98990373441643	5.24131581090309	5.22898732610953
5.11765149118113	5.15658336113367	5.19690786550393
8.74418693069314	8.7646877603017	8.60133474796118
9.83186137517024	9.78088146879238	9.82630849863126
7.5469604212441	7.70570165620053	7.56558579782986
5.44431309422273	5.25766985424292	5.14747137860817
9.6792166730121	9.64022893438365	9.73363632223662
5.2692309035535	5.07572655486635	5.19690786550393
4.43203562830865	4.58300877268794	4.81104280715878
5.63360855155025	5.75325411965833	5.6726056380962
7.47937122601857	7.54411763636616	7.46996612008692
4.76813119164621	4.92976120630935	4.97928617561275
7.75225656145286	7.9327905522987	7.85444097292253
4.96920303497365	4.90910961335513	4.80053629935648
5.4666185610265	5.44758044039099	5.47718422506371
5.42165634581791	5.28185179341032	5.18060848763897
5.089161970318	4.96018407762915	5.0701376189987
8.7350861699926	8.84804086928268	8.62654733832117
3.99269105316813	3.96958340833273	3.98035352883875
7.82424198533023	7.92910507302759	7.8092637271657
7.28048305190361	7.38535126651465	7.22071083023757
9.57784242880152	9.52840575965449	9.66071620391033
4.47676484104042	4.45992169626899	4.45882688969458
4.58965989743102	4.52962096530898	4.69123644263394
9.63878946084218	9.56757240861252	9.60339615988842
4.60316867076675	4.52962096530898	4.37731094219321
8.5648738019352	8.61306726336106	8.50600762631821
8.22444488053246	8.32556808187107	8.2919928227604
9.13270829211839	9.05282619092453	9.10644563228785
4.47676484104042	4.44556006029151	4.96989251426962
4.96920303497365	4.90910961335513	5.02539612310845
8.15896365675874	8.04705744691817	7.94092648809552
7.20095432188494	7.24690670121302	7.03862549712662
7.79967337778698	7.86622320992174	7.7508192868086
4.87217703193255	5.01913464873724	5.17239223968504
9.11937372268215	9.14377552161822	9.0596539999735
4.40142439284426	4.62176760798478	4.53616064930405
8.54677703766472	8.57228430467337	8.71082423999579
8.76221754317656	8.93100182010886	8.79063854282835
8.89069218499177	8.9454674833771	9.02101784083835
8.38930794214393	8.46360187676202	8.31778335530874
6.49304389649819	6.49068543606947	6.67263958350811
4.58965989743102	4.56984952436755	4.75776243002442
5.2692309035535	5.04771358019994	4.92202570764919
4.9268860492668	5.10319555375471	5.02539612310845
9.53398226976987	9.53157930892361	9.5649790965375
10.2977684310628	10.1959552717856	10.3066050419701
4.2888450081587	4.62176760798478	4.18394473183984
4.35425053417176	4.45992169626899	4.6683924030552
4.2549922982702	3.98964912056066	4.40497553063017
5.0698506227842	5.01913464873724	4.90244520168124
8.66572967685708	8.67029854751808	8.54433670446542
5.6401628853922	5.5569766854147	5.58747218303513
8.00574314744455	8.02193862886444	8.07287750862395
6.11015492504965	6.06087415810394	6.13706271305271
4.80365580618533	4.48821481926654	4.99789971781275
8.45733408227109	8.51004104318552	8.34414557501191
7.0072668088555	7.00641840238425	6.93733469065852
5.18201184912066	5.1995839057358	5.2758619130375
4.73170712488026	4.76698309752957	4.75776243002442
8.44807617522784	8.51817567740956	8.39358206190767
4.83832432204406	4.77843748394621	4.82147660498213
8.96844134148324	8.84868314352455	8.95210218109002
5.51735790799221	5.24951646571522	5.39417182307893
9.3418117789556	9.38121392884589	9.32764175568696
4.09194928906969	4.27713761886267	4.5977070628987
9.84915036697606	9.77855398843329	9.74915286847195
4.79191146512956	4.82334947811123	4.81104280715878
7.53299260482817	7.64987391110533	7.42626225518619
8.82788849797674	8.90347342504585	8.86074175919513
4.87217703193255	5.05711301008689	4.86250438202626
7.55562193921818	7.7243057856631	7.67912054202898
6.37245617015172	6.30567168705178	6.22565108190866
3.97199035372534	4.35618661786362	4.06854695918077
8.82288689545735	8.80896078747749	8.85358957420617
7.45735027890128	7.49816341936359	7.58067108200741
8.74645315398655	8.80830021824138	8.67976983715001
5.94541280613002	5.9102934416896	6.09297542651598
8.63588227595926	8.66592120830556	8.78239370227098
8.29639356183753	8.33667763368333	8.28678134930915
5.74116391228817	5.53041047754517	5.61229048448689
8.82145466657854	8.91822187134057	8.80625458040588
9.59969824996733	9.4823915958776	9.64085859441392
4.78007046174366	4.74379226678457	4.82147660498213
9.6874815431198	9.60229550550529	9.67782774772925
8.8658987248338	8.89106449465711	8.93521871497823
7.5382464406972	7.63632247065403	7.39263236047745
5.4517867411074	5.52369023215871	5.82968056246145
3.95098744363341	3.84281724273097	4.06854695918077
8.44435626678187	8.47535537221563	8.35715581902972
6.09593398102184	6.02824581558018	5.98158858527549
5.68522570364198	5.6585168696739	5.707669492141
8.94627737396694	8.94486769155408	8.83628461787603
9.51242705361432	9.5272138407579	9.46179045536485
4.61655177927384	4.68409526579719	4.8826070500907
4.05306384652809	4.63445476920137	4.21535582148547
4.58965989743102	4.84528183982058	5.07892876791984
5.089161970318	4.91947309555549	4.8318386922883
9.69140056975991	9.58446804803371	9.7566547505459
8.76892118673688	8.76809071838587	8.73970634373823
9.2183989561069	9.15932652828289	9.20726848844129
5.98196909786641	5.98515794674002	6.03831042589471
3.90803876799767	4.10441004584792	3.67982374307299
4.91610941618095	4.93997503402733	5.00712101731264
4.52014522674391	4.15847811724258	4.32041068872623
6.64064156983644	6.52428817976689	6.678718937585
6.41505796844041	6.41740940407866	6.31705347643111
9.56678873419458	9.54223777788209	9.70170735958663
7.53123705392095	7.62569197193794	7.71463328337524
9.97853390992034	9.90667910780338	9.95561207735263
9.17254753287366	9.2014809834531	9.10947370675075
4.41681142497245	4.35618661786362	4.40497553063017
8.60789803618496	8.69985323715191	8.6431245011281
9.38021808280914	9.38780885451279	9.35616273594942
9.23408095310354	9.25162178385375	9.39420540442181
9.40574166801106	9.44876321010843	9.23535569731098
8.44807617522784	8.52626380117807	8.37597108955523
9.08876248721775	9.16447243789857	9.13645613284815
4.09194928906969	4.32509505875381	4.34912922880923
4.60316867076675	4.73205270568833	4.93172141803036
8.65047999320591	8.65565443130218	8.56444520125238
9.42659237775479	9.44918328702122	9.33807555351031
9.36850958449264	9.31259148757512	9.24146528587086
5.04038869648361	4.84528183982058	5.2758619130375
8.76520079730918	8.86781701043512	8.94672001466649
8.75398155311202	8.73299037291993	8.70687847022657
4.60316867076675	4.3714798370117	4.13556589336927
7.19874267842103	7.28814041690748	7.08103172983939
9.3333033337598	9.39349969211635	9.46083228706551
4.38587101119979	4.17605112575342	4.32041068872623
8.98899417373951	8.92553883072306	8.91263904794911
5.53153214865557	5.66462750117743	5.77544170027384
7.99433007383076	8.11121803047505	7.85304948434358
4.66887295574464	4.44556006029151	4.62163895852964
8.96973453149386	9.0433452357078	9.03760692990225
5.26074312796114	5.26577651822459	5.55586352493944
5.09872129977354	5.42609229567176	5.17239223968504
9.37437574466882	9.31397858589847	9.53926788771254
4.65596996530975	4.55656671322284	4.54867256981102
8.50364440016056	8.479529494434	8.64806231482656
9.50754341624797	9.56795864997831	9.53516783988755
8.75323048351003	8.59858178465965	8.9925213645958
8.91506559449978	8.88231301915015	8.94941349956022
5.33538848070233	5.61498700458162	5.47718422506371
7.90097083981303	7.94257181162055	8.0620091396417
4.81530505031871	4.75543520488338	4.85235163141562
8.88795836224049	8.84224724073347	8.85287248607457
8.78517756071878	8.7789254979657	8.73506018361055
4.62981153940429	4.58300877268794	4.67985768848491
5.8915235926757	5.8527598231147	5.73060039452832
9.87590584931273	9.74385651702852	9.74439553262378
5.12702399201619	5.13901035262284	5.20499194797293
13.5928961718797	13.4625220421558	13.8642877277921
13.1134207796057	13.0340467830776	13.313987101968
4.8943109114274	4.3714798370117	4.7137395136426
4.90525144924597	5.0287252549193	5.01628625993429
8.97553954457472	8.97924195160789	8.86857017208709
4.01309811575104	4.22749712226685	3.67982374307299
3.22311110116317	3.17794588186234	2.76226644287623
8.53020528607647	8.61761097923776	8.72884294688981
6.36851998769648	6.23004870109547	6.20086677966239
6.88323464660784	7.07329909037184	6.65425304138658
8.24811843143204	8.33113376377887	8.05471978893182
4.03321975549998	4.35618661786362	4.03388617365014
9.39952295200441	9.44118041593004	9.46322656701648
9.02799865055908	9.08850202334102	8.95478607635734
4.62981153940429	4.45992169626899	4.40497553063017
4.97959061649003	4.6962379068202	4.89255875466015
9.12344516931685	9.20497939998756	9.22922124999052
7.75074930747534	7.79095327463586	7.88881724024857
5.53856724233156	5.58305316560566	5.53657527336166
9.25172049604661	9.2779386242297	9.25251059364713
9.19758793314963	9.14793920083728	9.15065171297989
7.53999346433623	7.49147494830567	7.41513543148612
5.22628222791776	5.0287252549193	5.19690786550393
9.77539296668384	9.77422133881844	9.80013353852328
5.78912414637787	5.66462750117743	5.76990893161238
5.18201184912066	5.05711301008689	5.14747137860817
8.49378121931052	8.6724821481473	8.37400155593972
5.51735790799221	5.68880944034483	5.84029805541366
5.73505488489253	5.71258494106857	5.7419363710023
9.01740866793892	8.95502972675591	9.13823790705781
8.64076465776032	8.69628189217647	8.55486154838126
9.22599091984595	9.20647607689679	9.06090414744834
9.76910326798658	9.83785766007199	9.64807136237344
9.12170167430652	9.0394227681703	9.23758023149289
5.81830717113004	5.91540957382468	5.79191921694309
8.82431769994122	8.90100033177013	8.78088978417294
8.44435626678187	8.49445516741425	8.50420094213764
7.8385005142316	7.96193374253509	7.97853932502386
8.97489569860741	8.87161292235524	9.09182561209389
4.2549922982702	4.51595313923966	4.21535582148547
7.46472810937754	7.64987391110533	7.6005528351934
6.29990262283398	6.32108992135556	6.58807474160418
5.41402410622075	5.22477048786674	5.51046764665401
6.29990262283398	6.13711559651392	6.23382279713471
5.81251773156701	5.62756138954004	5.58747218303513
9.27490841440021	9.24581428068476	9.18095781415832
9.58712967448602	9.48485107315913	9.73123492363772
5.84690997785408	5.8948330802251	5.7587821079123
8.91237773983669	8.87728775989239	8.98859341334684
5.27766889718458	5.28185179341032	4.97928617561275
9.04833577870325	9.11481359632187	9.04961532606013
5.06009686481428	4.72021490444527	5.07892876791984
8.78664634470542	8.81159998412625	8.8092108122712
4.62981153940429	4.89866964719955	4.94135517456761
5.51021807304065	6.19695692326722	5.80821859480805
7.84275066145839	7.91799067195034	7.85304948434358
5.30268994158568	5.17394074446408	5.37988093154753
9.52873322609986	9.54655719801188	9.59333473021662
8.9858020850327	8.99901075083572	9.01007159499259
4.53431946740727	4.81225444873791	4.34912922880923
9.22707222300842	9.30517057091919	9.12392440301686
7.75826983578698	7.88157174016808	7.621799594386
4.83832432204406	4.75543520488338	4.91226724142426
9.4480724893148	9.46629990981949	9.45987350943811
9.97371745483604	9.96823880747981	10.0051821703248
4.49137079177153	4.44556006029151	4.67985768848491
4.47676484104042	4.70827720496458	4.95092776398441
4.30547726033738	4.62176760798478	4.54867256981102
8.59033771960128	8.68190566078937	8.50600762631821
7.37555300598267	7.4263056772847	7.28901814201503
7.47572439570096	7.44201401999156	7.41699561403952
7.31355746921703	7.30162215673581	7.49135197891533
4.2549922982702	4.58300877268794	4.48504803353274
8.01831904736379	7.96313510905606	8.02147442415543
5.34344829892479	5.35201207239194	5.32876831577623
4.7560920101775	4.67184749237523	4.84213004807193
4.30547726033738	4.2442382524865	4.43214163079402
4.47676484104042	4.6962379068202	4.7025299618694
9.23138932689288	9.21492746484894	9.23924648080775
4.95873990674629	5.05711301008689	4.77930105016491
5.089161970318	5.03825127740497	5.32876831577623
5.61376446052214	5.54375594438664	5.57490812892389
8.77337299159891	8.82276196029653	8.79883854101515
9.21185951852957	9.29208954910329	9.30283431517584
9.72619953615959	9.67251657794233	9.74399840954279
9.24906170063093	9.32273209726077	9.14416199235468
