k4_temp10_1	k4_temp10_2	k4_temp10_3
5.21626663283237	4.78026161651521	5.02902562026003
8.98105471537485	8.90810160516134	9.05296078228888
8.66959650141763	8.73128489635291	8.55642109695974
9.48095677585638	9.46699719522523	9.48665863533817
5.18098439794225	5.03151567879001	4.78303024059711
9.90417950202182	9.87590333155956	9.87439601042419
8.97591729280497	9.0525864796883	9.02365054606718
5.03053680005827	5.17202461153126	5.1333289084564
8.86427179351554	8.85436402156332	8.89467874617985
4.7706083630396	4.89623525433835	4.63583310583246
5.34138453611935	5.12956738072159	5.16051356294064
4.84011095338593	4.73566577756696	4.82893767306718
9.00458018216629	9.04060632017238	8.89130198988326
6.56802280639729	6.69770205025375	6.61585321118121
9.64408785850263	9.68387329361918	9.69699980537526
5.21626663283237	5.2374596982317	5.28101222882737
5.35727615146503	5.19691185797529	5.53754262575115
7.13400527431883	7.13765343865245	7.09357577028836
9.44283259914091	9.41447312786456	9.42960450738159
5.3090663142093	5.33784166858706	5.41497174675543
7.70849914382244	7.59937436423485	7.66300633398576
5.13563247661263	5.03151567879001	5.1959808512728
5.12638846821297	5.06794653249769	5.36909894741315
4.73455973542437	4.68964732320042	4.87342924104231
7.40830805340986	7.30533624422465	7.48985308202169
5.45651221758518	5.24543428358894	5.65688801384784
5.70027704026658	5.69307972877618	5.61164159656386
4.93846346176033	4.86551929985726	5.01915865990056
4.94898885444235	4.99414099010286	4.67406414022001
8.57168322850413	8.61837337820621	8.50961888159051
7.8597945282287	7.99072399431557	7.99921095997991
8.61776441866723	8.71199066985546	8.59678553204995
9.20559130389418	9.25080172929665	9.26819277391259
5.45651221758518	5.36004742861697	5.37684642269133
5.09829565580436	5.17202461153126	5.17835619556489
9.59843524226075	9.6319683232684	9.5044495101317
5.13563247661263	5.04984609632123	4.72351219556595
4.6337795254685	4.7242980443959	4.38236285305819
8.14826919477696	8.11670825547912	8.08092593386952
8.32129029232702	8.33421525166569	8.25706717330614
4.78242714718875	4.79119846248558	4.85135496083122
4.74667630376797	5.2374596982317	4.86243431958656
6.17396383878926	6.17029955429554	6.25722031024237
4.87364566346579	4.98464404699373	5.16051356294064
8.79595124333814	8.78698324925258	8.8646884742728
4.87364566346579	4.75813600560412	5.10562216090927
4.79414989620587	4.84467256036786	4.9271810049167
5.20752663652452	5.04984609632123	5.47395112727616
5.43420994899894	5.3673740397752	5.48115686015723
9.4516491593749	9.49903580632629	9.37938933705098
4.21250318918223	4.39209651110106	4.41282780439479
9.08908815474059	9.03716506517247	9.04325671741344
8.21737653401872	8.2305616390986	8.15037115133863
4.88465288724887	4.86551929985726	4.75951684230774
8.06483746396197	8.25644184102924	8.14810936875202
5.34935222490309	5.2374596982317	5.28924609240802
5.34138453611935	5.33784166858706	5.39221766429436
4.98011199222857	4.87583078493055	4.99921995393193
5.12638846821297	5.04070999990587	5.16051356294064
8.94272901440251	8.88531586059855	9.02857712485181
8.9714069918457	9.0812735728429	9.06380039782919
4.90641855097709	4.6054044696357	4.77132144431512
9.2044935999353	9.21368419557599	9.16234721209331
4.84011095338593	4.823520166378	4.67406414022001
4.72234054278661	4.79119846248558	4.88434100248653
8.42577517975831	8.5329918130741	8.41214027994205
4.93846346176033	4.9750841731156	4.95849631336604
9.31694491195682	9.41314627252942	9.31632606567638
9.8008372919436	9.83023854486727	9.7181190752835
9.24028397722169	9.30712979148259	9.38324074300354
9.04070286887838	9.16037745867563	9.12200481889881
4.697587226254	4.91635515723739	4.86243431958656
9.1167757199317	9.10008622124852	9.18182672576282
3.66691187088583	3.75156674433228	3.34675549588933
5.36515679390504	5.34528162973212	5.50962519550435
7.54640629110564	7.57109801313066	7.62284925329609
5.10772083924728	4.9557722578244	4.98914630394408
5.21626663283237	5.06794653249769	4.93769514819847
9.58077744368574	9.50942119215969	9.52376936120253
5.44168241132534	5.49994480685735	5.45211543883911
7.6819285211872	7.71300615391414	7.74311543022073
9.81493162722021	9.79263661396814	9.71200710938555
9.19733809337163	9.10502524839079	9.10111025824011
5.06964492539528	5.0222623860745	5.1959808512728
4.75869195727418	4.9750841731156	4.20223248282156
9.7144083868947	9.68826794784336	9.71353753006992
4.98011199222857	4.76924122628313	5.15150880723027
9.39792302746662	9.36957345558776	9.2924601471021
5.55626000780957	5.4932629310125	5.66323748638938
9.84306655407122	9.85161993434336	9.84187902837358
9.54262987369247	9.43030093045807	9.666903607392
5.75528573378632	5.87371229721703	5.84737162603928
4.84011095338593	4.71284002716755	4.81759703746793
7.31577932797256	7.29768685214613	7.49163812025069
9.43630153473903	9.5052760047337	9.42867304987384
4.73455973542437	4.68964732320042	4.50054303956885
5.78496347861142	6.07058795756908	5.97535620742341
5.84254795828783	5.82664872726691	5.93394350987646
8.87535049447897	8.86216445796281	8.8135141487
4.53942451015411	4.5929579311874	4.55619051957153
4.85137602326349	5.08582268677667	4.85135496083122
8.85870037562799	9.00346944240808	8.82559462060053
8.0453506478394	8.18774892058823	8.02162287838986
4.98011199222857	5.0222623860745	5.2305970903875
7.38136146543349	7.31673481906991	7.32943365309198
4.48260062021907	4.43456839752504	4.3668856864638
9.13532729869624	9.15721065706963	9.09759821995871
5.11708484704283	5.19691185797529	5.21339279173759
5.5354584119989	5.7276490869627	5.68211993762723
9.15818625671091	9.23236232873295	9.12258092553569
7.8115853038542	7.88238595991826	7.86793240368304
9.37810061919622	9.38364238853218	9.36290517780333
4.6337795254685	4.61774454609711	4.59656131693782
8.04412393788568	8.05792379350312	7.94291427233343
8.80104379307745	8.86021829927928	8.81778940485026
9.63840885758889	9.71328067417706	9.64661844288068
5.21626663283237	5.03151567879001	4.99921995393193
9.74115000169904	9.81792456023023	9.59524421018011
4.62067220679302	4.9750841731156	4.66143269649299
5.23358936808753	5.03151567879001	5.33768616987635
5.38854368161396	5.4386636924209	5.40742685753273
9.01024505263647	8.88850214960879	9.01188205147494
9.21597804548398	9.21266764472506	9.15785757856665
5.35727615146503	5.12092391120547	5.32171951194156
4.697587226254	4.78026161651521	4.55619051957153
5.0004938912511	4.65414383547061	5.02902562026003
5.17202735005072	5.07691229695488	5.14244749405223
8.39049431097454	8.43702429231222	8.20688012743557
10.3291916700655	10.3557316034251	10.3549069144178
4.79414989620587	4.74694463836068	4.59656131693782
9.7584569724926	9.73291233620724	9.72610193546065
9.80446437151205	9.76308350909814	9.68963161211809
9.12897706456903	9.2070637753138	9.28475949978202
8.9714069918457	8.99934898770451	9.10227904033027
9.64287281022725	9.70245882000176	9.54024898225649
4.48260062021907	4.62997996639051	4.50054303956885
4.82875722918591	4.83413512934141	4.68658594918547
9.32100231725304	9.3613409924039	9.21462019754338
9.01087311181932	8.9495734501276	8.94570681795955
8.53634808658266	8.65550532387318	8.54958251353756
9.27886286548597	9.23386622649462	9.21353900682722
7.8130264589146	7.85528410840706	7.98534139579744
8.95909318827029	8.95383833512273	8.96959929434772
8.94009343512985	8.96716076447708	8.87703266792337
5.34935222490309	5.74462802069011	5.28924609240802
9.69460826779359	9.68717053865706	9.58357494284636
4.82875722918591	4.64211249077517	4.51465742764211
9.38344561637729	9.4184463876439	9.35997655568953
7.91048942698952	7.95834057852318	8.00297054129873
4.82875722918591	4.88606909265142	4.69900001017703
4.697587226254	4.79119846248558	4.62286092812572
4.82875722918591	4.81282652209204	4.96878549761712
5.54242565593336	5.33036314067673	5.48832678183374
4.81731344419637	4.71284002716755	4.79464477375407
9.15079674954253	9.09126376056344	9.12947632039829
9.62657361621682	9.65497702550916	9.45544411029715
8.7849777258236	8.52727949362497	8.77152008161588
6.96280225395723	6.95032754517196	6.87302959096671
8.25497489807536	8.39552184893006	8.3386711348339
8.15737449930955	8.07815808699968	8.25181035745885
9.84059562230999	9.80887187839192	9.81824635335261
7.04849687258188	7.16313545675844	7.10993792686062
7.07756644503133	7.15257259253988	7.28483461456391
6.33108642923686	6.38404178413665	6.40471878303274
8.29161823998984	8.40177924134297	8.19158696049948
8.51967511447383	8.58968772663495	8.51664907927345
4.75869195727418	4.75813600560412	4.68658594918547
6.21378698497429	6.39124785089712	6.28218715202296
8.24859865751392	8.37021729403867	8.1750195054461
5.23358936808753	5.1381593737658	5.09626705797392
5.3090663142093	5.33036314067673	5.24759864127979
7.5721672814961	7.76940098409725	7.40525808972346
5.04041366690128	5.12956738072159	5.1959808512728
10.1215614557471	10.0817156942493	10.1041134882875
9.14394190795554	9.20655325162369	9.02488376886383
6.35106487471899	6.28693241366339	6.5350683010852
8.53285396421608	8.60216238830457	8.58429253494866
9.45949224783551	9.45372173389957	9.52681925923181
4.7706083630396	4.7242980443959	4.68658594918547
8.71269871216424	8.72915379182024	8.72826690655609
8.9746300735783	9.06221236395905	9.02118093346654
4.62067220679302	4.20847905007155	3.82571817086612
8.77687709745254	8.78834852502785	8.93328220324636
7.51841123603381	7.4417275528513	7.57482206705522
8.74174362294198	8.85371207741809	8.70075290835044
8.29161823998984	8.44136999278979	8.27687018803471
5.54935941442643	5.5966279578789	5.62471459014033
6.31490205472921	6.32129191222955	6.21029444936702
8.65520595664769	8.69316394017849	8.5926332084179
10.1891570842878	10.1464944931245	10.2832877742728
5.05022337502126	5.22137705661742	5.1959808512728
5.2676230620714	5.24543428358894	5.38455251507069
5.68146462789565	5.63962112045878	5.63120693073505
5.71884729735814	5.4386636924209	5.84178444050008
8.0206160491337	8.02934132986413	7.95072167906429
4.78242714718875	4.81282652209204	4.88434100248653
5.03053680005827	5.18866371934356	5.26440216745788
4.28075372760908	4.15867566699591	4.23670081771989
5.45651221758518	5.2374596982317	5.45211543883911
5.09829565580436	4.9557722578244	5.22202058630718
9.04500196534333	9.05315448953349	8.96124965493336
9.6175299422115	9.52792854523221	9.69815977203402
6.547391337336	6.57333638339095	6.66413903547047
5.0004938912511	5.07691229695488	5.35347805341951
4.90641855097709	4.89623525433835	5.01915865990056
5.3008723576968	4.76924122628313	5.29743322958383
8.53809197942197	8.27506495516445	8.52887008989302
6.05233033340747	5.69307972877618	5.94440866227482
7.9581612710724	7.88494073237218	8.02409173522966
9.0474528522751	8.96233046698588	9.01560879965753
5.36515679390504	5.05892470083483	5.14244749405223
4.85137602326349	4.91635515723739	4.74761485379542
5.3729946225307	5.53289771322336	5.68835956463095
9.12027236077752	9.09126376056344	9.0632003288354
8.86704945476237	8.92185111357973	8.74407770763644
9.25679298454503	9.28021137296719	9.22592404717976
7.69761749935859	7.61176590574635	7.78010146916696
8.34439691407518	8.36382119254321	8.39507479248195
4.59409481548578	4.79119846248558	4.54247858063965
8.4472794726144	8.37839940472257	8.25286325410568
6.30264350082855	6.21565652854841	6.39711994074419
8.65198847036253	8.8373169838427	8.78977105703237
7.19717584175923	7.27058999492548	7.10993792686062
9.18959226507418	9.26263762605299	9.16682291731784
8.9714069918457	8.93115120741108	8.78831944557109
8.62434618568212	8.68145494855876	8.59512603645342
5.76723019131247	5.8052284313739	5.73732824809507
9.72209956138552	9.70751912220684	9.74568097186375
9.92232021996092	9.93657577484545	9.88122096255932
6.57822894425121	6.61701879372414	6.65461029268083
5.03053680005827	4.823520166378	4.69900001017703
6.08609959051306	6.35853327039771	6.19722707419887
10.9340288364641	10.9232132610484	10.9097527454551
5.0792585276465	5.19691185797529	4.95849631336604
4.82875722918591	4.823520166378	4.9271810049167
9.0759431524708	9.1022834321711	9.05778844664964
9.13359818686039	9.20143805384973	9.17351054782977
5.15394467699035	5.17202461153126	5.28101222882737
5.54242565593336	5.66362537858731	5.66955913655163
5.77907656895878	5.66956455279515	5.79050151231353
4.92786071484181	4.76924122628313	4.74761485379542
9.87928759901292	9.94455765985926	9.87097138850626
9.69226087498272	9.69774402190874	9.65898260043754
4.85137602326349	4.823520166378	4.94813322005684
5.35727615146503	5.4798056146676	5.41497174675543
6.13761840452682	6.06158268044425	6.04993960939445
9.13128947596386	9.07625241661544	9.07336771194914
8.83832168459053	8.84061094182828	8.75303525871552
9.23114979826541	9.28843625739674	9.10519685967846
5.12638846821297	5.06794653249769	4.89517085244223
9.06267727838994	9.02157702364487	9.17017060764447
5.42669858133466	5.42468479714953	5.24759864127979
8.9453597876606	9.00816416819095	8.926039793654
9.33411062727913	9.33168358368872	9.22109038121571
9.02834867108947	8.99047961324136	9.09231407988648
5.61692357534329	5.41764422637787	5.57843125908366
8.7356773097554	8.82140044429708	8.58010404572149
8.928173380013	8.97856831824513	8.83967863209581
4.98011199222857	4.91635515723739	5.04855937182948
9.14737340001909	9.26509126302608	9.10985313073187
4.59409481548578	4.65414383547061	3.87030761620255
4.96981203505706	5.1381593737658	5.00922375189772
9.74530755239005	9.70354466566397	9.7074060822709
9.23974827047181	9.20348630983691	9.30113814469154
9.06207137605368	9.04803433210774	8.91144498143024
6.23544501410576	6.05252083928112	6.16626821812758
5.03053680005827	5.0222623860745	5.22202058630718
8.0342725261867	8.02818616837835	7.90323060811849
9.46775048115008	9.45199983855078	9.58650112039322
9.27311521180131	9.23736923665104	9.23660789548469
9.58457949400653	9.60006014971193	9.60846595374744
5.5354584119989	5.4386636924209	5.43737251864277
4.697587226254	4.71284002716755	4.60977105030164
9.28094725705516	9.17975394606898	9.25878970380783
4.75869195727418	4.6054044696357	4.84018985783282
9.7163350279201	9.66912700493755	9.79494312295727
9.86337880071373	9.85096674870258	9.84467514270661
8.71578375389256	8.74330205177479	8.59096892686847
9.65578086644278	9.70860116732533	9.5569687850539
6.18290890912544	6.02498871223054	6.04508556468315
9.19014691981379	9.19938688573076	9.02980614535718
9.14908609018244	9.15297741267078	9.17351054782977
5.38854368161396	5.1803681533876	5.29743322958383
8.92351107439188	8.97317598242583	8.89130198988326
8.15510355498739	8.20011131508737	8.07617520311596
13.2782914165365	13.2212166835909	13.3363704984346
12.4066010684389	12.4020478691974	12.4406194218058
5.47847496282431	5.4798056146676	5.57169645724711
5.83121347211484	5.57147267087339	5.80779916279553
9.9428709825258	9.84310536649402	9.90686525880061
8.36222569344745	8.36382119254321	8.6067026179375
9.86719906851217	9.87558222688945	9.90284634147626
8.9101065735418	8.90935698939218	8.926039793654
9.63352328637213	9.62243147874899	9.67360243761251
5.18988617848558	5.39631398197668	5.35347805341951
6.5158801526332	6.58280888585188	6.61585321118121
9.51677340024242	9.47252817277262	9.53246630639046
9.24669699026087	9.26411030893735	9.38420199012091
4.55328753272239	4.54206935576995	4.45735195037922
9.15136651887151	9.1175709187998	9.13747951405956
8.85870037562799	8.93053306284434	8.77152008161588
9.44003719109014	9.53932554718062	9.49023440492392
6.69538230407605	6.82022375422666	6.63858784921148
5.23358936808753	5.27689900140094	5.30557416769951
9.97122349248932	9.97724844047436	9.93567233622472
9.027728175407	9.06164790985346	9.08405564291883
4.7706083630396	4.83413512934141	4.69900001017703
9.25573356927969	9.28698821028454	9.31229156150534
9.58120038886694	9.62089971620104	9.6059960891237
8.75530027711022	8.84783128463397	8.70844846860039
9.91830861615586	9.90671562741742	9.95099873873552
7.48082348298049	7.61638543086173	7.55276247729059
5.14481763131595	5.01294936039566	5.28101222882737
7.21472792938511	7.17570964810018	7.3133748891558
7.11075681914141	7.14193182028453	6.9606994067889
9.75020562427821	9.77999603392111	9.68378791862697
6.06689976644408	6.07058795756908	5.99562513884245
7.95555375923934	8.12321464935285	8.16610511557011
4.40827105804001	4.52906171049816	4.20223248282156
8.24112391681531	8.38292505031671	8.18056315685176
9.7201806083346	9.72829617636248	9.76831505860375
4.87364566346579	4.80205302134801	4.9059200115248
9.27206771922885	9.27875504270108	9.229137517361
9.15534861599254	9.1849464681425	9.12430786640261
5.3090663142093	5.4316911756631	5.44476281092168
9.26576674182978	9.24285683939293	9.24351020876107
9.34012067862281	9.40827066906266	9.39425660466878
5.10772083924728	4.99414099010286	5.32972492915849
9.25520356976869	9.34844082805634	9.21839799689254
6.07653161787961	6.02961404235716	6.02056730004884
8.73415673744923	8.73977797328092	8.83476485250213
9.66897243262719	9.63652371215074	9.74680246548185
4.90641855097709	5.12092391120547	5.3136694252226
5.81404300648586	5.96829622967744	5.88588755066475
5.56996295778506	5.45250843892515	5.69457232154441
4.74667630376797	4.47582561639933	4.87342924104231
4.78242714718875	4.73566577756696	4.51465742764211
7.23851859157	7.3091457844831	7.09592461333567
9.56546824464394	9.66615957330525	9.51282393104555
7.22775326386832	7.33179416590521	7.30527797411381
7.49525833671165	7.52434278480133	7.62610327549885
7.92655570666135	7.77904735578111	7.90724845662233
8.73187286978537	8.61990782398312	8.92405826473419
8.75304966271606	8.59749702153966	8.71228090977199
5.98232379196046	5.89414653969584	6.02056730004884
9.17229133880278	9.13108490459345	9.15053199319182
9.04193248994565	9.11321957037102	9.05235618677891
9.85989702965948	9.8021293743071	9.88292216769009
9.82460920429692	9.80280504449766	9.84851097275435
9.85640683543694	9.82692079196172	9.76573566840991
9.58415753844029	9.59148289295737	9.62482453568054
9.29235788906558	9.25722489070932	9.28269903289891
9.21434299700329	9.20604254721161	9.23820367055041
9.47959619992731	9.47082859089021	9.44856804226567
8.84044322392586	8.88212251887551	8.7297801845645
5.34935222490309	5.4316911756631	5.58513476748604
8.9295027046011	9.01459457223189	8.8852038397142
5.276007500738	5.04070999990587	5.04855937182948
5.18988617848558	5.0222623860745	5.01915865990056
8.3710581352939	8.44743206554267	8.37973412438145
9.7426632249321	9.7762165657456	9.76941910136469
8.93282066715057	8.9773717619669	8.93262530268679
8.1505509140551	8.11670825547912	8.07140877671755
6.13301016210101	5.89921019509377	6.06440451556936
6.53696389625815	6.50854525526819	6.64180660503783
9.21434299700329	9.30950897553604	9.13405500882482
5.18988617848558	5.07691229695488	5.25602486872963
8.13450257316222	8.124296201237	8.21554684092368
4.92786071484181	4.80205302134801	4.68658594918547
7.14090737878449	7.18610506672209	7.20874277938697
9.36538770919672	9.36179958597635	9.21893687587342
9.56973712105963	9.58835120384042	9.50665802240948
9.61505361483248	9.61167483005945	9.68573844765228
7.65807043875321	7.70435352317801	7.68345447665083
9.0271074127377	9.05712430900667	9.00439954953249
9.12839838212634	9.21266764472506	9.1397580099257
4.53942451015411	4.55496076854261	4.20223248282156
9.2322274140376	9.25475782713182	9.2097484456592
8.86843628249057	8.87121197973285	8.7919457392998
4.53942451015411	4.56773800767137	4.45735195037922
8.75004337157318	8.77532594211963	8.66797566148929
5.08880849212614	5.17202461153126	5.23912291019957
5.01057786732348	4.81282652209204	4.63583310583246
5.38079010002575	5.4316911756631	5.68835956463095
5.0792585276465	5.14670049984962	5.32972492915849
8.91816421016287	9.01576066347365	8.83124473494819
8.8801708017502	8.99934898770451	8.83897768741693
5.91412799010579	5.85819440690179	5.83617553308285
8.74098672729256	8.68218955124128	8.88927213585438
10.0291026307674	9.95523324032066	10.0101037014
5.34935222490309	5.22944078774124	5.55130133490592
5.10772083924728	5.22137705661742	5.17835619556489
4.72234054278661	4.84467256036786	4.95849631336604
5.01057786732348	4.88606909265142	4.9059200115248
9.06207137605368	9.10502524839079	9.22109038121571
9.9837545838009	9.94271960209439	9.96937022510941
5.13563247661263	5.33784166858706	5.27273110241614
4.29732353525303	4.33344948693155	4.05548199346855
9.00898811342209	9.0099207591492	9.08937006199575
7.53072596909716	7.56473840020137	7.48448467724804
9.57908442194949	9.56424587254835	9.51896359942255
5.36515679390504	5.39631398197668	5.32171951194156
5.3008723576968	5.27689900140094	5.52365143795763
4.96981203505706	4.89623525433835	4.74761485379542
5.76723019131247	5.70469512939711	5.85293725729824
8.96169431657371	8.97077290401246	8.95996079508536
8.7988634725474	8.83665728879215	8.68757550427507
8.96234386653728	8.95018349186362	8.92008702331891
9.98567281977215	9.97993952768067	9.94417088606339
4.68504945830313	4.67790963915481	4.39767574211854
5.05022337502126	5.12092391120547	5.1333289084564
4.80577815821287	4.75813600560412	4.93769514819847
5.21626663283237	5.32284564407719	5.28101222882737
4.40827105804001	4.44845231136913	4.58322951285648
5.02059184859247	4.88606909265142	5.01915865990056
9.32302674879805	9.31662307646768	9.1634674407987
9.36243798326676	9.38454536758972	9.36631440668449
4.91717946826501	4.83413512934141	4.75951684230774
7.19275424977912	7.45382334695098	7.18024808327065
8.14712698044978	8.20523121074896	8.14243935013571
7.33596939050577	7.50454363874942	7.4109289543416
9.81816470461776	9.82259627505004	9.71468428111497
9.8758440566248	9.97305230174085	9.76315165827076
8.79449292127424	8.85371207741809	8.61327633762481
5.34935222490309	5.08582268677667	5.3136694252226
8.97784597076842	9.06446797454477	8.92867760568824
5.96168171185966	5.99218941212737	5.95479844797337
4.55328753272239	4.71284002716755	4.68658594918547
6.56802280639729	6.59534291109914	6.86478897647803
8.71192641984515	8.89612065374356	8.63201062251863
9.2778195392969	9.35029078594324	9.42820709550401
9.78146003490664	9.74561899665052	9.90586157856053
5.44168241132534	5.41764422637787	5.38455251507069
9.13359818686039	9.10338078403086	9.16905557377089
8.97269708873811	8.95262108252174	9.04021076215139
5.89792193027823	5.91928893913666	6.03042466388326
9.42173380636915	9.4704033823899	9.37987132544977
6.86615144630425	6.99830889108793	6.72306877477278
8.99889298036329	9.05088110711675	9.07396356769797
7.89424221161978	8.00253575825419	7.90858525673187
4.78242714718875	4.70129028029713	4.51465742764211
3.76548037296329	3.79568115717727	3.31484697070781
9.78072369712696	9.78820793871675	9.7646288021654
8.70883310974226	8.71414725957434	8.80133166562771
7.74821297447512	7.80220918693593	7.85550976169307
7.62563323888481	7.65880233469129	7.58823142934764
8.45098684736671	8.57314930855345	8.36422857896134
10.0469726052069	10.0905965575789	9.99193158584703
9.23545544022819	9.2273379836867	9.28475949978202
6.96020312425885	7.06516435740749	6.97608241149697
9.72056460319366	9.72009276555838	9.78333100112442
9.04622792926277	9.11594070074536	9.10577971606874
8.4472794726144	8.36382119254321	8.68445736807118
5.25918961099996	5.17202461153126	5.33768616987635
5.276007500738	5.5966279578789	5.42994417413789
9.85640683543694	9.78684252982998	9.86822582584076
9.78256383739326	9.77173711876832	9.85129427545183
5.34935222490309	5.4316911756631	5.21339279173759
9.46316841097538	9.32793317049132	9.47768024392389
5.84254795828783	5.5523141159539	5.75527130867101
5.50010836750253	5.33784166858706	5.34560371898123
9.2856261563379	9.31378164436478	9.37794240493896
5.69403345313938	5.57147267087339	5.92340188937557
6.93659780722627	6.88801586631911	7.01383726604468
6.50165117600351	6.38042520815745	6.62238546158853
8.31418374919376	8.27895516462936	8.48653122348377
6.03267268499123	5.78895188141296	6.16179078904297
8.64553189061353	8.58026042956353	8.76489279663243
7.95685810425447	7.69564868460948	7.91658014912956
5.97203966995444	5.93416671143345	6.2360793939905
8.77539935667057	8.69607639954115	8.76193753625575
4.67240177472632	4.81282652209204	4.25363101021988
6.77444242986051	6.66537383795951	6.77089247932605
4.85137602326349	4.75813600560412	4.54247858063965
6.05233033340747	6.11913661834799	6.07872583062429
6.10974553551832	5.87371229721703	5.98552626851089
5.276007500738	5.33036314067673	5.3136694252226
5.38079010002575	5.30005522736378	5.51665536249403
5.24217335586	5.31528877054862	5.22202058630718
5.20752663652452	5.10348004933785	5.09626705797392
5.67513891277572	5.49994480685735	5.67585320709771
9.2322274140376	9.21672955749328	9.25721654974156
9.19568177041721	9.05995322127053	9.14600538202387
5.33337259904857	5.21326800100474	5.15150880723027
5.0792585276465	4.65414383547061	4.78303024059711
9.38393054470023	9.31851426024253	9.51458078980887
5.24217335586	4.9750841731156	4.87342924104231
5.18988617848558	5.11222834468466	5.16946246282907
6.66697371661772	6.57965829052849	6.66730134850135
6.12374928195633	5.87371229721703	5.92868232791824
5.36515679390504	5.52636707173709	5.40742685753273
10.2937601758185	10.1928519208909	10.2698280473026
4.75869195727418	5.08582268677667	5.15150880723027
9.97380286142658	9.87011248423805	9.97097065363317
6.78034824078318	6.66537383795951	6.8285255042884
7.48625349229517	7.2666771326564	7.52688277183272
6.09560452605847	6.05252083928112	6.26141157081446
6.16496296057549	5.91429539040676	6.26559069036521
6.12374928195633	5.98744232735183	6.0691941006927
5.67513891277572	5.45250843892515	5.63120693073505
6.4207797131989	6.38764931667841	6.61257596109535
6.19622337592635	6.34003275533074	6.47858382722493
9.80047408194572	9.78684252982998	9.86719489126794
5.62350917077039	5.65766165334661	5.89130683605158
6.2094160878482	6.27139485721975	6.41604252447805
5.10772083924728	5.17202461153126	5.1333289084564
5.52142216307151	5.08582268677667	5.73732824809507
6.31490205472921	6.33630401185114	6.30266779596604
6.26943547220279	6.15767791407081	6.24457297180104
5.3090663142093	5.26125242022496	5.40742685753273
5.0004938912511	4.92631085522412	5.04855937182948
5.18988617848558	4.88606909265142	5.27273110241614
7.97756882218708	7.8461358261888	8.08329544561632
6.8936547809893	6.74628106952982	7.01631947078515
9.6669814473514	9.60704017260458	9.75239689366088
6.09560452605847	5.92922448184167	6.13005355879313
5.09829565580436	5.05892470083483	5.28101222882737
5.0599668315581	5.1381593737658	5.26440216745788
4.80577815821287	4.76924122628313	4.71130816169094
6.92598128964262	6.83879110234605	6.99634121406975
6.33911103723453	6.29463888790204	6.09290637737874
5.16301434425878	5.16363253562519	5.2305970903875
9.24509640754069	9.09181674779412	9.15278998386859
5.3090663142093	5.30005522736378	5.2305970903875
4.86255381259383	4.61774454609711	4.13072236100521
5.03053680005827	4.67790963915481	5.00922375189772
9.59508847244088	9.53932554718062	9.59524421018011
3.9653464201701	4.10709135486238	3.57941143938343
5.4857222015213	5.6516731732548	5.59844905785849
5.96686998662291	6.00633766022929	6.08346818347193
9.03330305250897	8.89295116481076	9.07574965977914
5.50010836750253	5.55872861136927	5.66323748638938
9.7232497092426	9.73468385680827	9.81147348509051
7.5498677833795	7.29960300586152	7.6244771818348
5.13563247661263	5.08582268677667	5.16051356294064
9.69265237245102	9.60626628010027	9.68495855246831
9.97573436626357	9.85031326719556	10.0066748088662
6.46178203501011	6.37679954328629	6.25301683790008
7.66447127088606	7.53414138712086	7.68657477884172
10.2353026331674	10.1576301123003	10.3271843704377
7.07276201057632	6.9600523255447	7.15117922863444
5.24217335586	5.18866371934356	4.91658967326746
6.06205961851155	5.86855819080456	6.09760242041258
4.90641855097709	4.7242980443959	4.52863506652573
9.01463573595381	8.98572688987701	8.99247231112758
4.94898885444235	5.01294936039566	5.25602486872963
5.20752663652452	5.33036314067673	5.27273110241614
7.69136236684367	7.69855613722587	7.52339680092933
8.96623503683927	8.90054627265995	8.83194944590985
7.8115853038542	7.96076443732173	7.85827960767829
7.91988315352017	7.87854529851381	7.89785601134595
8.6640172225138	8.72630741335986	8.76415454887372
9.1427962611115	9.08405557132786	9.18403630092989
9.05173191113204	9.05031220132588	9.00689803130721
8.84044322392586	8.84192642209129	8.87634964329928
9.00961671991685	8.98215204411023	8.90877544313144
4.79414989620587	4.81282652209204	4.52863506652573
9.46454456072689	9.51932131722367	9.42494119433357
5.42669858133466	5.4932629310125	5.32972492915849
9.72592982712522	9.70607513181001	9.76389041926999
7.17044070604924	7.27449227346939	7.36102467449793
9.31897504097466	9.38905180469968	9.2097484456592
9.3016271961032	9.36546309610984	9.29399535639113
8.94667337750534	8.96595470541618	8.90677004274331
8.80467035417049	8.75521993474537	8.74482629813698
5.13563247661263	5.15519135772281	5.10562216090927
9.47914238932791	9.57694150175375	9.39139100092792
9.23007137697034	9.15668218031945	9.06679700464249
6.48728046310506	6.25963088016731	6.35066669409044
6.24828546546014	6.43722987678518	6.3188455166229
8.0876412999344	8.16480567714223	8.15713530117517
5.3090663142093	5.29237770843334	5.42994417413789
8.95713925976765	9.08738690364586	8.95931593311847
7.15233800976273	7.1673390427169	7.22814528092247
9.3688214508843	9.40649362913807	9.39043453341564
9.48322155488083	9.47464983838164	9.47768024392389
7.65485934158168	7.67069586538399	7.61795441690564
9.32049576518936	9.44119117952356	9.25459080826057
4.6337795254685	4.70129028029713	4.28690677211176
8.6924835157909	8.81001903190466	8.63766440801502
8.5072652815467	8.613760224317	8.49812123643722
9.41558070876148	9.43988868179553	9.43610792535819
5.40392694161798	5.29237770843334	5.42994417413789
5.05022337502126	5.05892470083483	4.84018985783282
7.08474322995896	7.06966285778147	7.1780326941312
8.72116675358439	8.78287965270059	8.57253398435004
7.79563684949401	7.84482418029944	7.79463440954421
4.78242714718875	4.5804030777878	4.58322951285648
9.01338261793954	8.98691653937431	9.15729539071992
9.58120038886694	9.60974553187009	9.55782100973962
9.67096067403828	9.68497321281928	9.60352198888954
8.65359811045627	8.70694605488636	8.88112403882162
9.75883091478789	9.77862282717498	9.82463355736845
8.75380025768996	8.84717638102351	8.67427662901019
9.43910418345074	9.52506517114977	9.42026275887399
8.33740355886865	8.56441006711523	8.4838433305363
4.68504945830313	5.00357582554937	4.62286092812572
9.39214948496145	9.34844082805634	9.30976425495462
5.0004938912511	5.21326800100474	5.01915865990056
9.34012067862281	9.33402265063675	9.32536265867246
8.6924835157909	8.66147795104377	8.72143744355449
8.81189624170403	8.93916307765751	8.78322727241077
5.6430874845983	5.41056912798333	5.68835956463095
8.79303312360026	8.79175607259358	9.00502457574103
7.36965705145998	7.34484336694297	7.2661845848852
6.2094160878482	6.40910710276216	6.3188455166229
9.24402836501433	9.25080172929665	9.19940929176391
4.78242714718875	4.91635515723739	4.75951684230774
8.75754738599802	8.84389739618562	8.69068691569784
5.61030778016835	5.6988991187684	5.74333409812403
7.40066024876849	7.41369317255966	7.36687174492565
8.9080851129891	8.94100566928677	8.97407531813144
9.05964521883237	8.95869710106086	9.15053199319182
9.60510558001814	9.70100975331734	9.7154482757274
9.41130544654771	9.50319893617769	9.39854436613817
8.09713611696458	8.12645687560426	8.0974313667256
6.80083024621144	7.04016870325216	6.8285255042884
8.6987337997084	8.76496127253333	8.65608665694792
5.62350917077039	5.56511471292098	5.59180727192127
5.0004938912511	4.89623525433835	5.16946246282907
5.24217335586	4.91635515723739	5.1333289084564
8.43422811736228	8.57156428809263	8.43921701418173
4.88465288724887	4.9557722578244	4.99921995393193
8.83619702085372	8.89041055065235	8.70075290835044
9.66139202654504	9.56743026902487	9.71353753006992
8.99191137143947	9.01809002220086	8.98044564370312
8.78717911688235	8.89991487196612	8.86124070357518
9.57484315497707	9.59889352223362	9.58900455738622
12.6195913049977	12.6006972907006	12.6306580227452
5.95647471146334	5.82132339532727	5.93394350987646
7.44966131049358	7.51117359086503	7.77424705255573
9.47277400650115	9.44379265250577	9.49424658041111
9.36391360010568	9.37639813741967	9.31178645425703
7.08235493294405	7.06290983618383	7.12841309127172
9.79172949636393	9.76551175656038	9.83345802237467
5.17202735005072	5.06794653249769	5.10562216090927
5.02059184859247	5.00357582554937	4.9790018195803
5.88153175462264	5.78895188141296	5.92340188937557
7.27453124454141	7.24496460973495	7.35122658576386
5.14481763131595	5.1381593737658	4.9790018195803
8.15169042185975	8.15319576346452	8.00796812458713
9.08968281848069	9.05655786029469	9.06679700464249
7.9827003774832	7.87854529851381	7.89920153880907
4.99033893499734	4.81282652209204	5.28924609240802
9.54002146823276	9.68313954799551	9.44580841251599
6.0376122648315	5.97310662759104	5.90208471612602
5.43420994899894	5.41764422637787	5.50256060310832
10.1203978907527	10.1331247509418	10.1229508635536
5.02059184859247	4.79119846248558	4.84018985783282
5.04041366690128	5.01294936039566	5.17835619556489
10.0334363821284	10.0738998391226	10.1321350712073
5.18988617848558	5.21326800100474	5.42994417413789
8.85170570971941	8.96716076447708	8.87839774782979
4.95943801342107	4.75813600560412	4.59656131693782
9.60468958622056	9.57733644557494	9.59690356992811
5.50724801006948	5.46622158693101	5.37684642269133
8.9912750011823	8.9459077727025	8.917433442979
8.47758412332645	8.5427320452805	8.44198926886549
5.38854368161396	5.28465911374137	5.30557416769951
4.74667630376797	4.91635515723739	4.89517085244223
9.37371266241573	9.43771523567073	9.30368059434169
4.93846346176033	4.98464404699373	4.99921995393193
4.88465288724887	4.94601848605366	4.59656131693782
4.78242714718875	4.66607567411347	4.64868968121894
5.3253159194822	5.14670049984962	5.36909894741315
10.028482459344	10.0045235448593	10.074048364895
6.05233033340747	5.93416671143345	5.99562513884245
7.42913284504949	7.42602529855364	7.58989887002448
8.90132638131393	8.82206715117908	8.85362647954857
9.50255327433339	9.50735008720319	9.53722737292185
8.24112391681531	8.25841352801856	8.30455178081703
9.17453540928924	9.14607178727359	9.17128478039329
8.89997082706176	8.9773717619669	8.97407531813144
6.45071465267133	6.53806185479031	6.57938737462321
7.73610935934645	7.87469438541955	7.47188016332619
9.03206605129579	9.05542429521555	8.92735930254033
4.60744471150748	4.7242980443959	4.69900001017703
6.06689976644408	5.9779010394166	6.08819499856248
5.28434349339711	5.22944078774124	5.36130964237029
5.11708484704283	5.1381593737658	5.3136694252226
8.81621446581556	8.9459077727025	8.81921167947982
8.17204913915228	8.13399385397014	8.1229928790617
8.88634476813056	8.92247298847071	8.9007370616418
4.95943801342107	4.96546052889011	4.99921995393193
5.08880849212614	5.07691229695488	5.16051356294064
5.42669858133466	5.15519135772281	5.58513476748604
7.94507632691485	8.02123570818688	7.99669911845876
5.0792585276465	4.93619832186818	4.96878549761712
8.83264894646117	8.85305983853051	8.79700728608944
9.01212841052664	9.04232387440452	8.91144498143024
9.49314456089717	9.46955258923676	9.48441927039066
9.55301658958243	9.60083737758969	9.55355484313455
5.0004938912511	4.76924122628313	4.98914630394408
9.42078888240999	9.45027588561754	9.46683189412737
5.58353697856373	5.35268341984953	5.59180727192127
8.81117527939928	8.78424881554475	8.82347010981152
8.91816421016287	8.93300405357779	8.91011082973927
4.82875722918591	4.98464404699373	5.14244749405223
4.60744471150748	4.79119846248558	4.71130816169094
5.15394467699035	5.12092391120547	4.9059200115248
8.60034304551523	8.74892273313528	8.67191698995101
6.11442857053254	6.14067543380908	6.13463041850384
7.32388929080339	7.40837553420216	7.45184785615922
9.85605735117013	9.82957560438997	9.86168409690384
9.94023566283105	9.86494547815344	9.99508108437803
9.6380023579717	9.69847037911808	9.58566567511075
5.62350917077039	5.29237770843334	5.29743322958383
9.14794452268265	9.03601615366044	9.1266072432933
8.91414101721162	8.95018349186362	8.90476185089251
9.98599227794614	9.99213580013766	10.0584764878463
5.34138453611935	5.44560267315631	5.61164159656386
7.36965705145998	7.46411106122748	7.42780901813192
5.88701586205819	5.73333096308319	6.13005355879313
5.18098439794225	5.07691229695488	5.26440216745788
7.99798642866101	8.00488655046139	8.077364353229
4.93846346176033	4.74694463836068	4.74761485379542
8.70883310974226	8.88977469742306	8.80348900432831
9.46408598998025	9.46016059963266	9.34918712316749
8.85870037562799	8.95505456155059	8.78395582706063
5.03053680005827	5.07691229695488	4.79464477375407
8.88908029507032	8.9403917335215	8.87018782630469
5.29263159668439	5.00357582554937	5.50962519550435
9.6669814473514	9.64822565366423	9.69583890532074
8.31520111537948	8.40088698806769	8.33370390836093
8.87741831287046	8.82473090194612	8.84876005686224
8.68305702252218	8.74189345320293	8.55215078255397
7.18609634871385	7.09194733162358	7.29099809696919
8.67436162718449	8.73907212340923	8.65289963882326
8.61528849407034	8.81136269124969	8.49456498534905
7.5755675855182	7.68981614201091	7.56128689904132
5.0599668315581	4.823520166378	5.09626705797392
8.71269871216424	8.70477866554058	8.65130348573391
6.5229423581987	6.63230457089194	6.77676049686223
5.52142216307151	5.28465911374137	5.25602486872963
7.09662576729577	7.18403196674403	7.27242808790301
8.69091670460827	8.71270989134831	8.70152431422432
9.81277221008105	9.7501801474854	9.68183474890859
9.55646227677243	9.6293043553421	9.60846595374744
4.91717946826501	4.93619832186818	4.95849631336604
8.49743925543457	8.58183592992297	8.59844312096369
5.01057786732348	5.22137705661742	5.46670922366565
9.08133513763881	9.067844791839	9.16849773349614
10.0253775970161	10.0761372646117	10.1404080570844
8.65118297635049	8.61760554287165	8.79628529428802
4.84011095338593	4.55496076854261	4.99921995393193
9.98215410320182	9.98232739836166	9.94775141013249
4.88465288724887	4.88606909265142	4.81759703746793
8.62926288040396	8.74330205177479	8.52626000284455
9.1984412531815	9.11376420719625	9.06859198564802
5.4857222015213	5.27689900140094	5.27273110241614
5.61692357534329	5.3673740397752	5.68211993762723
9.10447030373228	9.08349960063523	9.02365054606718
9.26471389821556	9.28650520475161	9.28527415702267
4.53942451015411	4.55496076854261	4.41282780439479
7.74066012303678	7.7569029710382	7.62121948573713
6.0376122648315	5.87884805583338	5.85293725729824
4.65964223125783	4.84467256036786	4.9271810049167
5.41914790109039	5.2374596982317	5.40742685753273
9.45534533643549	9.51479219143977	9.43285988090123
7.5755675855182	7.66921452510929	7.61140202702398
9.7748194261198	9.80887187839192	9.78660636836131
5.23358936808753	4.9750841731156	5.27273110241614
8.76277706869624	8.86281259455684	8.93459510772871
7.59077055007678	7.61792199134406	7.74610945873575
4.6337795254685	4.54206935576995	4.60977105030164
8.48934970155076	8.5881207822131	8.36227861567969
8.60034304551523	8.68071997163495	8.51313826266325
7.54467242551369	7.6513187771843	7.53209598554011
5.3253159194822	5.4316911756631	5.49546124649671
8.79157184732697	8.8059805289801	8.7493097023803
8.84678918707765	8.93053306284434	8.88723942182159
6.40939201385982	6.61701879372414	6.27391278633995
8.67198103166185	8.75382293007279	8.67427662901019
4.52542698268971	4.48931993570028	4.47189312611998
5.45651221758518	5.32284564407719	5.45943078435937
5.80827380301783	5.9779010394166	5.89130683605158
8.6656135051031	8.71845079180903	8.66876478904406
9.14336919825355	9.14500644339593	9.07157866669132
8.00430812254167	8.14042292927905	8.09860313181732
6.20503190807198	6.25568814071675	6.51062799945317
7.70073492471934	7.82234178892044	7.56807035612748
5.29263159668439	5.15519135772281	5.18719543715914
10.0748717464744	10.0390553113123	10.1584995231977
7.15688502360965	7.17779473284221	7.22814528092247
5.35727615146503	5.16363253562519	5.28101222882737
9.98087243911568	9.95066766117665	10.0393825796162
9.02275457907619	9.05315448953349	9.09935530779458
9.33711878257037	9.27681097937424	9.35606245541375
4.90641855097709	4.71284002716755	4.9059200115248
8.43141597089089	8.38743654362232	8.42620891972748
9.08491863118627	9.21165037708764	9.08760076325572
9.44701558150983	9.46187278815074	9.35997655568953
9.11969017551143	9.0377391780033	9.08701051449354
6.58499314344873	6.61085884466723	6.55227559421824
9.59215366649093	9.57496515925515	9.46637810446159
4.697587226254	4.50268920398702	4.73561385854897
9.85885085767851	9.87686621697747	9.77088984534277
4.7706083630396	4.74694463836068	4.69900001017703
4.94898885444235	4.94601848605366	4.9059200115248
5.46387034503901	5.35268341984953	5.54443838204155
10.3987466013698	10.3420838813988	10.3847507408899
9.48322155488083	9.49360571508092	9.59938903647268
5.67513891277572	5.81061339494169	5.90744361158265
9.40797146144399	9.49986939392202	9.38324074300354
5.0004938912511	5.01294936039566	5.48832678183374
4.94898885444235	5.11222834468466	5.02902562026003
9.00898811342209	8.93053306284434	9.00814565147455
5.24217335586	5.41764422637787	5.43737251864277
8.76873072768321	8.92805783263391	8.81137176026377
6.96539670953657	7.17570964810018	7.03357634279606
5.22495400000815	5.24543428358894	5.52365143795763
8.66321841839738	8.82738974350293	8.69534148713095
9.81205168550303	9.73468385680827	9.85441908595541
8.89317388457111	9.01401117297549	8.91942408566752
4.96981203505706	4.86551929985726	5.01915865990056
5.3729946225307	5.1381593737658	5.28924609240802
8.95648736175225	8.99993834509234	9.05356512453492
9.4245648705231	9.53729696034868	9.41932524845049
8.71578375389256	8.87121197973285	8.81850071743294
6.64771904083172	6.72647564706954	6.66413903547047
5.29263159668439	5.46622158693101	5.49546124649671
5.39625581521865	5.39631398197668	5.46670922366565
8.76501257102359	8.78903067871681	8.63927571404799
9.84200810147972	9.81156008150138	9.80574525140499
7.5974763375886	7.73865696912981	7.65824608742639
5.66878533940533	5.4798056146676	5.42247738352026
9.690301792471	9.66949750509891	9.71735649408675
5.52142216307151	5.33036314067673	5.46670922366565
4.86255381259383	4.94601848605366	5.12415232184967
5.83121347211484	5.90425613992143	5.8967058407963
7.53247666693726	7.58058517552142	7.56807035612748
5.11708484704283	5.21326800100474	5.27273110241614
7.79563684949401	7.96197484131583	7.9311233650255
5.276007500738	5.19691185797529	5.11491699164672
5.68776272799684	5.63962112045878	5.71915921297584
5.64955498871176	5.49994480685735	5.45211543883911
5.3729946225307	5.2374596982317	5.35347805341951
8.75604970236738	8.87249986347395	8.66323181021613
4.55328753272239	4.51593571767496	4.41282780439479
7.86536173044497	7.95834057852318	7.88840201706782
7.34197171958181	7.42602529855364	7.33342056877518
9.58963335802974	9.55665464115889	9.6478196159999
4.89557676552361	4.85513358383996	4.81759703746793
4.98011199222857	4.90633027966009	5.01915865990056
9.65014779728001	9.59616771711056	9.59316732297123
4.99033893499734	4.90633027966009	4.74761485379542
8.58861081409947	8.63743763679527	8.548725406859
8.25497489807536	8.35094328557066	8.34559664481358
9.14851541934417	9.07792807784523	9.11969808904398
4.89557676552361	4.84467256036786	5.26440216745788
5.276007500738	5.19691185797529	5.3136694252226
8.19101655347577	8.07480535122164	8.01294845568876
7.26613819698099	7.2919230735702	7.16242897836314
7.8415513055441	7.89638155126966	7.83315744233648
5.19873336952859	5.28465911374137	5.44476281092168
9.13532729869624	9.16931249684749	9.07515454141007
4.84011095338593	4.9750841731156	4.88434100248653
8.57083161302987	8.59671799152938	8.74332872850307
8.78277297055457	8.95566229049	8.81921167947982
8.9094330680207	8.97017150845398	9.0383800973698
8.41632457173463	8.48832819497293	8.370062704946
6.60176617803075	6.57333638339095	6.82002596085466
4.98011199222857	4.93619832186818	5.0773728729108
5.52142216307151	5.30769210540223	5.22202058630718
5.24217335586	5.35268341984953	5.3136694252226
9.5461004277791	9.55985581895789	9.55654248385276
10.3058382366869	10.2315063958517	10.2640955270474
4.75869195727418	4.9750841731156	4.58322951285648
4.80577815821287	4.85513358383996	4.99921995393193
4.73455973542437	4.52906171049816	4.77132144431512
5.35727615146503	5.28465911374137	5.20471308951594
8.68777796816904	8.69462090480534	8.58512877554613
5.83689184629997	5.73333096308319	5.81921677396372
8.04166738435712	8.04997761761459	8.13788723586564
6.25254034439604	6.17865304980301	6.32286175962234
5.14481763131595	4.87583078493055	5.28924609240802
8.4830263156341	8.53461975865347	8.39507479248195
7.08235493294405	7.0606517862709	7.06748290845118
5.44911636926061	5.4316911756631	5.53754262575115
5.08880849212614	5.08582268677667	5.0773728729108
8.47394455641232	8.5427320452805	8.44198926886549
5.17202735005072	5.09467838177964	5.1333289084564
8.98617390853007	8.87314337446913	8.97279787061159
5.73109598718897	5.47302958868332	5.64410461441987
9.35553174459989	9.40827066906266	9.33035863759677
4.62067220679302	4.7242980443959	4.93769514819847
9.85919966597149	9.80920817783703	9.73215460395789
5.13563247661263	5.12956738072159	5.12415232184967
7.58403344779867	7.68395992379973	7.52688277183272
8.84749257409717	8.92805783263391	8.88588268625789
5.19873336952859	5.31528877054862	5.16946246282907
7.60581497664093	7.7569029710382	7.7654206406904
6.49088658362138	6.40198990972761	6.40471878303274
4.53942451015411	4.78026161651521	4.48628920009628
8.84256164803534	8.83335428109918	8.8790798037232
7.51132676045258	7.5357680367615	7.67247996462218
8.76724461472681	8.83269277113344	8.71381104018858
6.10504724970214	6.04340171900456	6.28218715202296
8.65841628328656	8.69024558935517	8.81137176026377
8.32533551224409	8.36198851447132	8.34065324666345
5.9248317690586	5.71046794776379	5.84178444050008
8.84114971097994	8.9428459105831	8.83406151577161
9.61133113576214	9.5102488023521	9.62888536202793
5.12638846821297	5.06794653249769	5.1333289084564
9.69851212144939	9.63120769138916	9.66413619918886
8.88497505711311	8.91561757675004	8.95673359894844
7.58908922167446	7.67069586538399	7.49520158448863
5.67513891277572	5.70469512939711	6.04021513306084
4.52542698268971	4.43456839752504	4.48628920009628
8.47029578453381	8.50004108072198	8.40742008011559
6.23973787532681	6.14920172104397	6.17961772962607
5.87602672091234	5.82132339532727	5.92868232791824
8.96429076357343	8.96956986209582	8.86262080075462
9.52471105308346	9.55545236585505	9.45818538745514
5.0004938912511	5.0222623860745	5.18719543715914
4.59409481548578	4.98464404699373	4.60977105030164
4.98011199222857	5.14670049984962	5.36130964237029
5.3729946225307	5.20511310850346	5.14244749405223
9.70240543999232	9.61321641314212	9.73930932112772
8.78937715398201	8.79243661736271	8.77078521821856
9.2333042254894	9.1849464681425	9.21570057859569
6.13761840452682	6.11043023999618	6.2318137795999
4.49701779227888	4.6054044696357	4.16692044469061
5.23358936808753	5.22137705661742	5.29743322958383
4.92786071484181	4.64211249077517	4.69900001017703
6.73849067897025	6.60467248133702	6.82569788333013
6.52997016155916	6.50522804291963	6.48934449466904
9.57866085589826	9.57060765220225	9.68690750050241
7.58234424495313	7.66029439919225	7.79896589679443
9.98790754291357	9.93872909179865	9.9291007530832
9.18792702025983	9.2273379836867	9.12258092553569
4.85137602326349	4.78026161651521	4.77132144431512
8.63089806211208	8.72416893808345	8.6789843604796
9.39359503814696	9.41491514193324	9.3575314877287
9.24882834201744	9.27778333849615	9.39377939914212
9.41889717576798	9.47634492720029	9.24245046145612
8.47394455641232	8.55079897139374	8.42527526660985
9.10505866207892	9.19012036838717	9.14827046294841
4.62067220679302	4.75813600560412	4.72351219556595
4.99033893499734	5.05892470083483	5.2305970903875
8.67277500005249	8.67998462008837	8.60422973008275
9.4395707626938	9.47676838839425	9.34029899064229
9.38198985265663	9.33915528760983	9.2482694618513
5.33337259904857	5.14670049984962	5.53754262575115
8.78571189613713	8.89231643059221	8.96767673911958
8.77465991827751	8.75731290859689	8.73957798919093
4.99033893499734	4.79119846248558	4.54247858063965
7.26403228353381	7.33179416590521	7.20221685569409
9.34710090697333	9.42064903506157	9.45727220702736
4.82875722918591	4.65414383547061	4.69900001017703
9.00647094491337	8.95018349186362	8.93525111219514
5.74324155874417	5.82664872726691	5.99058454017458
8.03056083435453	8.13828308591578	7.92980729588444
5.04041366690128	4.84467256036786	4.95849631336604
8.98745087360976	9.06840682708678	9.05416921372912
5.51435249373205	5.48654996384728	5.79050151231353
5.38079010002575	5.62135213556796	5.44476281092168
9.38780411453173	9.34055193435819	9.53203270203442
5.03053680005827	4.92631085522412	4.89517085244223
8.52847437705475	8.50420131487907	8.68367677986342
9.51986545684397	9.59655743329611	9.52812438722073
8.77392010069862	8.62297182810433	9.01125998975551
8.93348334494973	8.90684512758632	8.97023957717308
5.57676593251156	5.78348530010886	5.71915921297584
7.93980893765799	7.97162168762991	8.12759215748509
5.15394467699035	5.07691229695488	5.16051356294064
8.9067358973431	8.86669531126114	8.87839774782979
8.80539457372291	8.80328189949821	8.76636815979958
5.01057786732348	4.94601848605366	5.00922375189772
6.05720317752036	5.99218941212737	5.94961290805477
9.88580777141498	9.77415085679203	9.72761748487152
5.40392694161798	5.3819165752597	5.47395112727616
13.602203347826	13.5539937386334	13.6654284081534
13.121743883109	13.1173610978199	13.1389848054547
5.21626663283237	4.79119846248558	5.03882555609252
5.22495400000815	5.29237770843334	5.30557416769951
8.99318327046697	9.00405711928691	8.89332899194491
4.56701861077698	4.68964732320042	4.16692044469061
4.08469693331343	4.05359400581433	3.46776829655001
8.55455466587082	8.64197581579527	8.76045763284598
6.48728046310506	6.33256560620243	6.3818011197796
6.96539670953657	7.12474163640302	6.80287515915593
8.27811626344604	8.35647647023681	8.12068772974102
4.58062023228139	4.78026161651521	4.45735195037922
9.41273194211013	9.46870129405365	9.45955407523365
9.04500196534333	9.11376420719625	8.9753516355243
5.01057786732348	4.85513358383996	4.77132144431512
5.28434349339711	5.03151567879001	5.1959808512728
9.13935385188231	9.23085686163838	9.23660789548469
7.79417820943545	7.82234178892044	7.963640859712
5.74927621490649	5.75583730329969	5.77299394676774
9.26629287564965	9.30426958180482	9.25878970380783
9.21270609337164	9.17349814924399	9.16178677138205
7.59077055007678	7.52925040480362	7.51639948754257
5.4857222015213	5.29237770843334	5.46670922366565
9.78587018678135	9.80483015848589	9.78077834230012
5.96686998662291	5.82664872726691	5.98552626851089
5.44911636926061	5.31528877054862	5.42247738352026
8.51879222924148	8.69680359662616	8.42340614575097
5.73109598718897	5.84775563442019	6.04993960939445
5.91948980637007	5.86855819080456	5.95996541601986
9.03453899399631	8.97976388293437	9.14996694289861
8.66321841839738	8.72059775347172	8.59512603645342
9.24081948512484	9.23236232873295	9.07634453276036
9.77961848531547	9.86914507915256	9.63576264228431
9.13762956213996	9.06446797454477	9.2445691781885
5.99253512310365	6.04796848425323	6.005653808169
8.84397220460686	8.92557834837416	8.80994173180322
8.47029578453381	8.51907960144247	8.54700966436361
7.87918646608544	7.99072399431557	8.04855068027615
8.99254746111859	8.89612065374356	9.10577971606874
4.73455973542437	4.89623525433835	4.60977105030164
7.51841123603381	7.68395992379973	7.69124261472995
6.42455572527931	6.41618935710793	6.74118894773937
5.6430874845983	5.45250843892515	5.74931504978614
6.42455572527931	6.24777018850783	6.41227781095201
5.98743849193149	5.79439782721188	5.81921677396372
9.28925483814739	9.27193932902798	9.19064479411172
9.59885304311972	9.51272878815686	9.71506632899388
6.01775165302952	6.02961404235716	5.97535620742341
8.93083080545362	8.90180824564743	9.00752197625619
5.5284573576281	5.49994480685735	5.27273110241614
9.06509834627104	9.14020263659544	9.06559910872011
5.34935222490309	5.04984609632123	5.36130964237029
8.80684192308489	8.83599729194765	8.8368728077041
5.01057786732348	5.18866371934356	5.23912291019957
5.72498464137833	6.30230441493794	6.02056730004884
7.88330818521081	7.94738253516893	7.92980729588444
5.54935941442643	5.41056912798333	5.63120693073505
9.5408914608268	9.57496515925515	9.58357494284636
9.00331829560238	9.0238970177808	9.0279622217537
4.93846346176033	5.12092391120547	4.72351219556595
9.24188990498102	9.33168358368872	9.13633891526526
7.80145670669557	7.91149619808794	7.71129718114122
5.17202735005072	5.07691229695488	5.21339279173759
9.46087190697776	9.49402414078997	9.45635844821906
9.98311460460825	10.0009950297474	9.97639886874653
4.90641855097709	4.84467256036786	5.00922375189772
4.89557676552361	5.04070999990587	5.24759864127979
4.7706083630396	4.9750841731156	4.89517085244223
8.61363551388772	8.70622395350091	8.548725406859
7.43288708571971	7.46581857052584	7.39766209498464
7.52897314421911	7.48109588828382	7.51815200016161
7.3735690830008	7.34484336694297	7.58823142934764
4.73455973542437	4.94601848605366	4.84018985783282
8.05390853541545	7.99190953200738	8.08920225437017
5.58353697856373	5.55872861136927	5.58513476748604
5.10772083924728	5.01294936039566	5.15150880723027
4.7706083630396	4.70129028029713	4.79464477375407
4.89557676552361	5.03151567879001	5.02902562026003
9.24616365996865	9.24086376174129	9.2461561763048
5.2676230620714	5.31528877054862	5.09626705797392
5.3729946225307	5.30005522736378	5.58513476748604
5.81404300648586	5.72194474496709	5.80779916279553
8.79376320707512	8.84717638102351	8.82700922503055
9.22683126788272	9.31851426024253	9.30672563139819
9.73698043516563	9.70209668975779	9.72723874675043
9.26366028570064	9.3493661035233	9.15560751154685
