k4_temp20_1	k4_temp20_2	k4_temp20_3
4.78086495561966	4.34570889288853	4.59626170001921
4.82414905334846	4.8172133438264	4.92910557238575
8.74940018607832	8.74666006400109	8.78983384531915
8.70377756895252	8.62581681208126	8.73956417805176
9.33436268679947	9.35853293324611	9.36729141300256
4.78086495561966	4.71767767027548	4.87744345256326
4.4897300142779	4.56983220230409	4.710333466728
9.66214199278994	9.68839987775324	9.6664336072123
3.80266932593801	4.23225084310524	4.23499545718134
8.92865097979272	8.8876026717178	8.95024598710747
4.54251742863734	4.53835397083092	4.46240595328442
8.67155359896678	8.70768951565997	8.66697709753362
4.69019459667959	4.71767767027548	4.53088569116718
4.88673359072648	4.80844313419867	4.73542444769083
4.31868447294167	4.49528524893904	4.53088569116718
4.27775420888679	4.49528524893904	4.45235228862049
8.72057839979099	8.69168246174254	8.71769685514149
7.2289340806401	7.02831995761633	7.15511830940089
9.55113055894204	9.52268865186479	9.56219207298489
4.61824475480058	4.45089112958058	4.7600865019251
4.83829323566873	4.96659096786462	4.89239379402923
4.92036436860776	4.90210224141291	4.88493798911019
6.92036436860776	6.97052738242379	7.03731478934165
4.57666565104918	4.72701553485482	4.87744345256326
9.36978881388968	9.4324584114836	9.34674609146787
4.89352275638912	4.79961928381166	4.78433404817178
7.57138298296849	7.72352091455696	7.57441097879755
4.85230009366261	4.76377408486494	4.8002755920408
4.75127017343136	4.87715588428268	4.7682143828085
4.61002424799561	4.69881864302417	4.83163976295014
8.31173171229991	8.31120218450006	8.27404823374512
5.7324603236566	5.8215785363878	5.69336038812429
5.12459742082537	5.11622704676576	5.22321828940499
4.43493754143752	4.3577817251891	4.33687507120056
4.29836448856208	4.38162846714347	4.32590395337955
8.58455356047949	8.47672279791261	8.55868186434106
8.11446304369166	8.0983495560355	8.11584819188834
4.87305865382941	4.86028206571828	5.06726801144328
8.67254073211572	8.65790544975812	8.68211229110263
4.32873813760559	4.7818080076952	4.59626170001921
9.09434654911403	9.10463190828715	9.15046194696968
5.76983793347063	5.88134368124611	5.8585349900132
4.92036436860776	4.99004994068861	5.0204014064053
4.58507789086538	4.83459542205463	4.62339782995672
9.37767904623296	9.48809487073256	9.41660226367129
4.47169609144764	4.76377408486494	4.74369206367443
4.78816975624289	4.51698032003835	4.7519125704794
8.12243175360725	8.13212954135839	8.14422999325816
8.14109374072156	8.15825026166146	8.26258684245428
4.14749782293545	4.38162846714347	4.54040846528569
4.55113055894204	4.58017414652555	4.68479837462086
6.32372006283897	6.17540498270053	6.23499545718134
4.68237509222029	4.91032274821788	4.92910557238575
8.8644455235247	8.88238873383863	8.87650389209965
4.35848548099965	4.36975436685517	4.73542444769083
4.42559967685818	4.29638118052496	4.46240595328442
4.85230009366261	4.76377408486494	4.97196105134755
5.18118094919174	5.41667541424267	5.31484876487056
9.29259754534319	9.27146901223636	9.35047267460128
4.55113055894204	4.38162846714347	4.83937541172974
4.23562873321412	4.19235811598173	3.97898147902532
2.85925285430437	2.69881864302417	2.29248095184211
4.77352298027849	4.77281922446794	4.89239379402923
4.30856025566797	4.20577863174405	4.31484876487056
3.74377563688444	4.03585363030174	4.15046194696968
9.10352519720677	9.06145463350562	9.10144512676137
8.27580681371026	8.15046358286785	8.2967014181603
4.99170315032802	5.00547998125822	4.88493798911019
8.16022133055609	8.10731599285836	8.19711557351026
4.43493754143752	4.67005965004275	4.60536390712646
5.1360930596632	5.29638118052496	5.26976087534202
5.33872222617822	5.23879368897201	5.47735629475039
4.44421535502553	4.48431413111803	4.61440904672946
5.05967994414403	5.01313355380165	5.06066527661903
8.68531237529985	8.74206182890244	8.73542444769083
8.99249388481802	8.94574671407178	9.044861598395
4.18118094919173	4.28378114374533	4.16284567142551
4.85925285430437	4.83459542205463	4.77629672910636
9.03187268382475	9.03632318117354	9.04067380143156
4.59344136380001	4.69881864302417	4.7187457065442
4.92699746094021	5.07294294903696	5.27547452653641
8.46487482559162	8.49733307758789	8.45989909767384
4.29836448856208	4.1651366472467	4.57788317070435
4.81702461891508	4.79961928381166	4.7600865019251
10.679186272503	10.6104471576394	10.6791518114797
10.1075453759829	10.0197972840827	10.1114624912745
4.31868447294167	4.38162846714347	4.40100540862027
4.04145618552512	4.47325894260904	4.50193431747105
3.99170315032802	4.12331647155207	3.97898147902532
9.26897015511735	9.19320056566458	9.20087357261585
2.6823750922203	3.00547998125822	2.04736845400557
4.90028012256443	5.02831995761633	5.15666709649638
7.61619401523582	7.47741457210035	7.51285927953733
4.51636514078137	4.61076246635897	4.89239379402923
5.32873813760559	5.2774396168715	5.29248095184211
9.26929644597951	9.31855597796133	9.26510181390085
5.32372006283897	5.4281710530805	5.5261006286018
7.80447156857199	7.73629334844283	7.8296993523807
9.78429368663436	9.74292511508012	9.76872085816596
9.00899997380906	8.96560518371907	8.99897696990329
4.75127017343136	4.74551187847221	4.66752038318903
4.65066623249296	4.70827897227323	4.7519125704794
4.90700598575274	4.85177056586276	4.94353264302103
9.52540856223472	9.53967936829749	9.4450826958613
4.22490232662106	4.4281710530805	4.69336038812429
4.43493754143752	4.30887212470815	4.58710170073373
4.66660777636198	4.4281710530805	4.56860535711634
9.14607714823582	9.1560915076437	9.11823478472522
4.0657037317718	4.03585363030174	4.28116563861427
5.83477016910503	5.71298597495076	5.86612813933543
4.85230009366261	5.14437808707991	5.15046194696968
9.62054835776815	9.66369146401001	9.5934054428184
4.96616805822089	5.07294294903696	5.08038351123354
9.57270546453593	9.56398211302296	9.5480997016817
5.84180771984497	5.68451080634028	5.84322773722535
4.47169609144764	4.61076246635897	4.35857014229987
5.14180671085759	5.03585363030174	5.25248288391019
3.65066623249295	3.69881864302416	3.97898147902532
3.78816975624289	4.19235811598173	4.22321828940499
7.61516755127157	7.46769941726714	7.54986879453475
9.4832749921406	9.37533252191978	9.44634960706534
4.80266932593801	4.71767767027548	4.7018718879798
4.07767637343787	4.28378114374533	4.18729871515005
4.05363089947123	4.12331647155207	4.11265991425729
4.26733759294145	4.30887212470815	4.2113441891167
6.94671569555471	7.02643037641511	7.02210169539514
5.69797194727131	5.77281922446795	5.83551277209734
3.95322900251339	4.21907545435751	4.26976087534202
8.92988987642608	8.88238873383863	8.83696247415289
4.32873813760559	4.15133084772168	4.13797100278648
4.65066623249296	4.7818080076952	4.86233656017305
4.4897300142779	4.76377408486494	4.58710170073373
4.71340198784092	4.69881864302417	4.74369206367443
8.82548097685364	8.77112757482223	8.88306800175714
8.15951740517453	8.153929518567	8.23279454898807
4.69019459667959	4.54892321254111	5.04067380143156
7.55220359360727	7.47879712615047	7.66425759618003
3.72866874449423	3.95868576977928	4.09983587389971
4.58507789086538	4.62081613102289	4.61440904672946
9.16619086948455	9.10149415179589	9.189948293564
4.61824475480058	4.77281922446794	4.8002755920408
9.44074316311873	9.37977956897822	9.38952545116506
7.70763504462203	7.61328245833748	7.68264990804229
9.31994501914759	9.30731665820611	9.33653348364341
4.14749782293545	4.33353417894242	4.08689681819221
8.03533008272828	8.06743997335957	8.03983478132016
8.66710312230363	8.71474714917667	8.75855741323836
9.64514538893195	9.71181066324349	9.63260922554269
5.15881313616328	5.10910261233238	5.11265991425729
9.76660577808249	9.68121184524169	9.73542444769083
4.25684521912381	4.48431413111803	4.54040846528569
4.77352298027849	5.00547998125822	4.8002755920408
5.23027549871991	5.30264017099664	5.24667726222898
4.9853616234542	5.08024774966019	4.98596790934143
8.69408851278409	8.75467187775768	8.76110499476012
9.12639966345936	9.06468059405316	9.10345417184427
4.90028012256443	4.87715588428268	5.03394793824325
4.64262891342754	4.60063824908526	4.55926749253701
4.32873813760559	4.09474731935531	4.18729871515005
4.70570759605092	4.23225084310524	4.8002755920408
4.14749782293545	4.47325894260904	4.39051303480263
4.33872222617821	4.56983220230409	4.83937541172974
8.6784493890065	8.58788224166081	8.66044166148367
4.3486376950433	4.54892321254111	4.41142202456561
10.108457492749	10.1476413661027	10.1367944130454
4.26733759294145	4.1651366472467	4.4320323042409
9.48944996088657	9.52201825452889	9.53028842556524
4.53385256751021	4.67970982007646	4.7682143828085
4.07767637343787	4.4281710530805	4.40100540862027
4.74377563688444	4.62081613102289	4.54986879453476
9.61439722374189	9.5856382982496	9.60734738289528
5.29323945638421	5.31507727423486	5.37994379309244
8.93689026569864	8.92256634397263	8.97020059348311
5.18118094919174	5.21907545435751	5.11902943913302
9.44537089777124	9.39120472672655	9.45424269514678
9.66040155909567	9.51023559040501	9.60791358974748
4.61824475480058	4.74551187847221	4.55926749253701
4.11300944655016	4.23225084310524	4.36929654889294
4.30856025566797	4.58017414652555	4.64120910607318
3.8730586538294	4.19235811598173	4.48230551072212
9.2205218408239	9.25703793290111	9.2434013038722
8.77582136381525	8.83783137490489	8.80225595616904
8.69262952559665	8.68750332979633	8.72710917947883
9.02917785574668	9.07659997264505	9.06066527661903
8.52349499202784	8.50820600736329	8.55222421553289
8.70618969966139	8.74838063074156	8.63899468500774
9.05249387455419	8.96412524338663	9.02719057206794
3.95322900251339	4.21907545435751	4.24667726222898
9.59448339709983	9.61233797709859	9.63093879497295
4.80266932593801	4.93470690684484	5.15666709649638
9.79021758489175	9.77056325052758	9.78207807423141
4.83829323566873	4.86874364446648	4.53088569116718
4.32873813760559	4.41667541424267	4.23499545718134
4.35848548099965	4.30887212470815	4.19937154745062
4.38763182665916	4.54892321254111	4.32590395337955
4.20320725552174	4.56983220230409	4.4320323042409
4.75127017343136	4.99004994068861	4.90719079595731
4.55969257244547	4.32125584916399	4.4320323042409
9.03341032856492	9.02548465691819	9.01699480496205
9.39392985055953	9.36639709181251	9.3872184568902
4.26733759294145	4.52770672663141	4.54986879453476
8.62641868624628	8.61454080559641	8.64948304410709
7.23295459891578	7.33963437847884	7.35991531259862
8.37434613590894	8.36602357853123	8.34232950129267
8.00273418745232	8.11711513238376	7.9929206699832
4.49866313904791	4.32125584916399	4.59626170001921
4.04145618552512	4.09474731935531	3.87744345256326
5.21409557166447	5.23879368897201	5.24084818342678
9.6197808987337	9.62550477681652	9.63566666728999
8.08436757603684	8.01217907474541	8.03141763351824
4.19223613770073	4.25824605163819	4.17512400120395
8.10059437844181	8.02169556730508	8.07384066536676
6.20320725552174	6.32125584916399	6.21729345544788
5.96616805822089	5.90621834988514	5.95781686902728
4.78086495561966	4.90210224141291	4.82386241235842
9.4591656964915	9.48775157625363	9.56540227870911
4.25684521912381	4.38162846714347	4.44222807134678
4.28809615310825	3.86028206571829	4.11265991425729
5.37313225696405	5.21907545435751	5.47239004185704
6.16162815177034	6.00547998125822	6.17512400120395
8.30028169155637	8.2049434971095	8.23646086618584
5.33872222617822	5.25824605163819	5.54040846528569
4.11300944655016	4.1373916567638	4.50193431747105
7.95809475768521	7.86768865718664	7.88213209835689
4.80266932593801	4.56983220230409	4.69336038812429
9.95363510949451	9.98275990475814	9.93023789725425
9.21612801394599	9.16642419310717	9.17512400120395
4.47169609144764	4.53835397083092	4.53088569116718
6.84706344529646	6.75009914796786	6.91086645410071
4.25684521912381	4.48431413111803	4.30370820726536
4.3486376950433	4.30887212470815	4.4320323042409
8.55755682810147	8.5210120740574	8.54218700881181
9.53927420125225	9.5078674657588	9.58824988626261
4.23562873321412	4.23225084310524	4.13797100278648
8.81434385931892	8.85496826582182	8.81408139156583
8.88460540765744	8.95223074764198	8.86043702725757
8.88843387971632	8.90210224141291	8.90304445576715
8.4608808086898	8.38310588154897	8.50436924638811
8.72439127294761	8.69644383583627	8.72710917947883
8.31236516787139	8.22072897321002	8.30928923952866
6.37555899435859	6.46491159989552	6.46240595328442
5.93030260566388	5.97052738242379	6.0101573749085
8.69603153670188	8.68690532148067	8.64673033378735
4.4897300142779	4.79074113246521	4.55926749253701
4.44421535502553	4.86028206571828	4.39051303480263
3.30856025566797	3.45089112958058	3.33687507120056
9.94834678113364	9.9487429665317	9.98531436684287
4.95322900251339	5.02074673791153	4.99984008392299
5.16443768535716	5.1373916567638	5.09338085176241
4.85925285430437	4.79074113246521	4.89239379402923
4.42559967685818	4.15133084772168	4.65880316608792
6.02917785574669	6.02074673791153	6.11902943913302
5.35848548099965	5.49528524893904	5.39051303480263
8.42559967685818	8.33811174504897	8.41724848766458
4.01679413129085	4.54892321254111	4.60536390712646
4.75127017343136	4.73629334844283	5.09338085176241
3.40674064960686	3.67970982007647	3.54040846528569
4.96616805822089	4.79961928381166	5.24667726222898
4.30856025566797	4.70827897227323	4.83163976295014
3.49866313904791	3.38162846714347	3.40100540862027
4.23562873321412	4.52770672663141	4.65003295646019
3.91370063832675	4.34570889288853	4.17512400120395
8.76568097353743	8.87190398535981	8.6664336072123
9.25848969102293	9.32664048100064	9.26617831814746
7.16162815177033	7.20410787875953	7.27689941064324
4.42559967685818	4.45089112958058	4.26976087534202
4.79543775670693	4.67005965004275	4.97196105134755
4.91370063832675	4.90210224141291	5.04067380143156
4.80266932593801	4.73629334844283	4.77629672910636
4.69019459667959	4.4281710530805	4.66752038318903
8.92492789375	8.95967629164509	8.93453264477008
4.35848548099965	4.25824605163819	4.60536390712646
5.84881110758273	5.88551935721731	5.86990977987785
7.90868256356013	7.96363159238408	7.95603905605938
4.30856025566797	4.3577817251891	4.07384066536676
8.78315168147627	8.85496826582182	8.82434972701966
4.95971303608359	5.17881158414378	5.47239004185704
5.10132764150252	5.25824605163819	5.15666709649638
4.07767637343787	4.33353417894242	4.04736845400558
4.95322900251339	4.99778558946822	5.11902943913302
8.93771161217166	8.95123509885098	8.98335196113442
8.72057839979099	8.71709204207954	8.71822137615831
4.51636514078137	4.39340563491982	4.49215329667847
9.24395359786504	9.22855741046134	9.23536194900115
7.99644106933468	7.998749635639	8.00844294209725
8.43319128940965	8.44736461831381	8.43139266998485
4.26733759294145	4.27107009199577	4.28116563861427
8.37919146385851	8.39047034389528	8.34028650584969
3.94017284968794	4.38162846714347	4.15046194696968
6.27515709740075	6.27425836962682	6.37994379309244
9.01407096335648	8.89900743499004	8.9506924345939
5.17562142384984	5.15825026166146	5.36394331439873
7.41029554678349	7.38162846714347	7.44222807134679
3.75872597835041	3.95868576977928	4.18729871515005
9.26144502501825	9.23511699000683	9.25139610793345
4.25684521912381	4.61076246635897	4.45235228862049
3.81702461891508	3.8259305609275	3.99292066998319
8.78543478852165	8.81502578458863	8.85520037889142
8.74940018607832	8.72410393943492	8.83018469974975
5.79905807238563	5.84320855235934	5.86612813933543
9.41531670359632	9.52034089700837	9.41821728123711
9.82614647776844	9.88160501537252	9.86162452838716
7.04755638506154	7.03585363030174	7.05735254257819
5.60589636237293	5.46211838500384	5.40100540862027
4.39721787548836	4.23225084310524	4.4320323042409
10.8952150674816	10.8661047283459	10.8836526332199
4.48074123105064	4.6407156884606	4.44222807134678
4.78816975624289	4.74551187847221	4.82386241235842
9.11591517772557	9.07842501405337	9.10385564535205
9.03839638577607	8.99488957971512	9.02422424254995
4.58507789086538	4.79961928381166	4.55926749253701
5.35848548099965	5.15825026166146	5.19937154745062
5.26733759294145	5.34570889288853	5.40622311789129
4.53385256751021	4.28378114374533	4.24667726222898
9.78383699304369	9.75923015971999	9.79282492111251
9.6110543765941	9.54859409310524	9.58105868883481
5.21950906785084	5.25179102950089	5.30928923952866
6.01368151942352	5.88134368124611	6.03731478934165
4.37798165662544	4.48431413111803	4.51164947230427
6.36093695999374	6.4925502812178	6.67185931891337
8.84268500478589	8.89124124878115	8.83502921417732
8.92244048789091	8.87243003642886	8.88913661951677
3.95322900251339	3.92662456054698	4.24667726222898
9.28906192021397	9.14568428458053	9.23132540930827
4.55969257244547	4.52770672663141	4.57788317070435
8.74048449474143	8.87190398535981	8.77981856704928
5.58087790233609	5.42243468353135	5.63233095472673
8.9625406627164	8.89072201356197	8.96357967759057
4.14749782293545	4.23225084310524	4.17512400120395
9.19636009012546	9.21493334688717	9.27903410159876
8.98694962035739	9.03726182469454	9.05403218428658
8.62641868624628	8.73513687941025	8.64783204826692
8.83256387560135	8.85815889382532	8.84370855544039
3.68237509222029	3.60063824908526	3.31484876487056
4.57666565104918	4.55941558635875	4.46240595328442
9.18429879297167	9.14394242497758	9.19937154745062
4.65865902324649	4.53835397083092	4.60536390712646
9.6747593152728	9.65423913256035	9.65989570308893
9.13573520401436	9.20786435574603	9.08038351123354
9.0765581496065	9.07522967489357	9.08364384039712
6.6823750922203	6.62581681208126	6.67618524431616
4.61824475480058	4.51698032003835	4.54040846528569
8.19361209874055	8.29402704069193	8.26832891984889
4.61002424799561	4.84320855235934	4.9506924345939
9.42472114539438	9.4459515966133	9.43011255007753
5.60175663201201	5.73629334844283	5.83937541172974
9.13859556686637	9.06375962687162	9.08527124614317
9.41354652540996	9.38347499886987	9.4243379124509
4.94017284968794	4.95073701666379	5.00672646950823
4.29836448856208	4.24530699593069	4.42176396878707
4.77352298027849	4.90210224141291	4.55926749253701
8.99051623537758	9.1041840749634	8.96711461360937
4.04145618552512	4.17881158414378	4.19937154745062
9.36032448066343	9.40071784033969	9.37861717686941
9.66809330425114	9.66338751477453	9.6370542744383
8.5047727325674	8.50752884469378	8.53743934499324
3.95322900251339	4.53835397083092	4.34776338734329
9.54871330893635	9.498355902899	9.53773653214866
6.10132764150252	6.17540498270053	6.12537096600685
9.13215175696364	9.05219765570242	9.12655690527699
4.55113055894204	4.75467187775769	4.55926749253701
9.01212269156696	9.01074617109421	9.01058566496386
4.85230009366261	4.74551187847221	4.89981126559171
8.93894275578859	8.87243003642886	8.92183757192172
13.183584882009	13.178864748518	13.1689019713456
5.91703635089001	5.96264378334796	5.93633714161683
12.1085486727169	12.1602980903103	12.0911552506689
5.55541791734514	5.47879712615047	5.52129964233798
5.40674064960687	5.47879712615047	5.50193431747105
9.80063910820511	9.83729255322136	9.88423702786509
4.57666565104918	4.74551187847221	4.91453277129848
3.71340198784092	3.8259305609275	4.11265991425729
8.39542533637903	8.36003417692048	8.44919609606681
9.64363603042543	9.64810782269063	9.66507398498285
4.15881313616329	4.45089112958058	4.41142202456561
4.26733759294145	4.29638118052496	4.40100540862027
8.66908280706146	8.71298597495076	8.64783204826692
4.10132764150252	3.77281922446794	4.19937154745062
9.34740198187063	9.37607464901479	9.32590395337956
4.95971303608359	4.88551935721731	4.9506924345939
6.82237124038056	6.62331863822607	6.69762241497845
9.3578719598163	9.38310588154897	9.35283913448425
9.18637361841206	9.20911434430731	9.15317998445409
3.95322900251339	4.27107009199577	4.18729871515005
4.45343388505491	4.38162846714347	4.24667726222898
8.89394602030323	8.89279783412282	8.87978968017565
8.90070140889853	8.82048847585926	8.90948917949407
9.41531670359632	9.4025401154852	9.41692541185069
6.91703635089	7.01884720499604	6.95603905605938
5.15316657302214	5.15133084772167	5.25826523650419
9.8527356242443	9.81365687373454	9.78808618303289
5.00430318710766	5.21907545435751	5.36394331439873
8.90406727812054	8.987624019416	8.97591424467751
4.67451297444732	4.24530699593069	4.60536390712646
5.01056217757934	5.19908397917004	4.99984008392299
9.19120330502981	9.14045238386611	9.21729345544789
9.46914189478008	9.40545097658042	9.46490846048759
3.44421535502553	3.66034449520953	3.46240595328442
4.21409557166447	4.59044248197937	4.65003295646019
8.75220425895502	8.64133314836341	8.74111351957266
9.66487272499123	9.680611222818	9.64920800930673
7.63454656712968	7.58660041568498	7.66316835864932
4.37798165662544	4.63080021959552	4.45235228862049
4.74377563688444	4.77281922446794	5.06066527661903
7.4488319830959	7.51563389433084	7.58710170073373
2.88673359072648	2.73629334844283	2.57788317070435
9.88033960017076	9.85390315315558	9.90396689508303
7.00899997380905	7.06927663183919	7.09822482399372
8.16022133055609	8.01217907474541	8.20312368231173
4.42559967685818	4.28378114374533	4.49215329667847
8.41443188600288	8.37049936818384	8.42626536102201
4.3486376950433	4.29638118052496	4.77629672910636
3.83123847813478	3.49528524893903	3.42176396878708
9.60873555202704	9.54694736876153	9.57672670167177
4.50754129039436	4.38162846714347	4.44222807134678
9.07842137476654	9.11667115791007	9.06231879547154
9.06231844658716	8.99633831125868	9.0544476472242
4.26733759294145	4.45089112958058	4.51164947230427
5.17562142384984	5.46769941726714	5.41142202456561
9.03187268382475	9.0983495560355	9.06850266709492
3.56820407230098	3.69881864302416	3.92183757192172
9.32811183195613	9.28457187823532	9.34232950129267
9.32623128199502	9.29048861260176	9.34096782583444
4.54251742863734	4.80844313419867	4.97196105134755
6.55541791734514	6.43103070721974	6.61666149846085
8.55434727162559	8.52369366412479	8.54691910010936
9.71675542295073	9.72031005932168	9.73878888289245
3.90028012256443	4.24530699593069	3.83163976295014
4.95322900251339	4.76377408486494	5.03394793824325
6.37555899435859	6.39340563491982	6.24376566680908
3.88673359072648	4.27107009199577	4.17512400120395
5.63454656712968	5.8215785363878	5.81211720468532
4.07767637343787	3.79074113246521	4.17512400120395
7.87648955922968	7.80293455537601	7.87838240153288
9.57640197654586	9.42852881998646	9.54129801112061
4.86617226824416	5.23225084310524	5.05403218428658
4.54251742863734	4.52770672663141	4.82386241235842
9.08362563976906	9.0870625712165	9.11425493381267
7.82237124038056	7.96757607889019	7.82288728894117
8.5218527664198	8.71474714917667	8.54573753162326
8.65066623249296	8.71298597495076	8.59854264127045
5.91035719525238	5.9744530856376	5.90719079595731
8.88076674896467	8.93973547603792	8.8398575153402
8.98218037620952	8.94023737029968	8.94577389722492
3.99170315032802	4.05080397176771	4.08689681819221
9.63657140260717	9.6385524953197	9.64810734548002
4.62641868624628	4.67005965004275	4.68479837462086
9.61465404528968	9.62799917128427	9.59654701496939
9.61696338422084	9.64349217929254	9.670775807754
9.4329000417977	9.44665828045838	9.45895790265891
9.99249388481803	10.0591459515585	9.95314542930338
9.20320725552173	9.23634359773912	9.2113441891167
5.14180671085759	5.11622704676576	5.04736845400557
8.67352719030177	8.6688488274447	8.66316835864932
5.05967994414403	5.00547998125822	5.0204014064053
4.69797194727131	4.80844313419867	4.86233656017305
8.92988987642608	8.88916318570541	8.93903966199665
4.70570759605092	4.96659096786462	4.7682143828085
4.83829323566873	4.93470690684484	4.66752038318903
4.40674064960686	4.65056347441694	4.49215329667847
4.35848548099965	4.56983220230409	4.74369206367443
10.4107392936597	10.3928557225667	10.4021483960929
5.08362563976906	5.12331647155208	5.19334775982285
8.76845361060009	8.86187239662438	8.85424621546981
7.98694962035739	7.94574671407178	8.0024263320746
4.07767637343787	3.80844313419867	4.0204014064053
6.36338428041249	6.46491159989552	6.55457579721228
4.0657037317718	4.20577863174405	4.11265991425729
6.68041357588702	6.58531744980151	6.55926749253701
9.41649561687205	9.33811174504897	9.38754825344916
3.97899209857847	4.02074673791153	4.12537096600684
4.32873813760559	4.47325894260904	4.31484876487056
4.85230009366261	4.58017414652555	4.7600865019251
7.88417939405892	7.85496826582182	7.93633714161683
4.1360930596632	4.21907545435751	4.23499545718134
7.81523799944106	7.7896275121545	7.86518117832939
3.96616805822089	4.1373916567638	4.11265991425729
9.5144395298012	9.42566419746992	9.50102015858047
9.45400809204394	9.37607464901479	9.4377762867757
9.3318655939374	9.41306416069029	9.38919610633064
4.75872597835041	4.88551935721731	4.72710917947883
7.49420349085721	7.35627813459871	7.5007153101819
4.35848548099965	4.4281710530805	4.55926749253701
8.93030260566388	8.90621834988514	8.99031730980448
9.13179292222957	9.04987410061667	9.09661197302542
9.24660744095118	9.156523516942	9.15395562696788
8.95485274499305	8.93269056124633	8.94711698037007
4.56820407230098	4.55941558635875	4.36929654889294
4.76614344991289	4.67970982007646	4.58710170073373
8.71340198784092	8.66399534922249	8.69815428412397
4.64262891342754	4.73629334844283	4.73542444769083
4.21409557166447	4.36975436685517	4.30370820726536
5.02299928081756	5.22567818918176	5.26402450579288
5.02299928081756	4.95073701666379	5.05403218428658
8.995652495912	8.94324507474045	8.94622173054867
9.00821823711104	9.07842501405337	9.01315273866766
6.58507789086538	6.36975436685518	6.51406807310691
8.54844447542381	8.5891629297528	8.60649765574346
9.77398295000689	9.84936763102984	9.80694845466137
4.88673359072648	4.91032274821788	4.56860535711634
4.92036436860776	4.9822725900969	4.83163976295014
3.77352298027849	3.73629334844283	3.92183757192172
4.61824475480058	4.40508743996745	4.36929654889294
8.92451362381438	8.92002414941017	8.9259303265556
4.94671569555472	5.25179102950089	4.97898147902532
4.10132764150252	4.29638118052496	4.15046194696968
9.7526710750215	9.73253142964663	9.74059725725157
5.24627597741362	5.37570363318636	5.46740663434278
4.70570759605092	4.67005965004275	4.7018718879798
8.88204743705666	8.92104156485494	8.95247684427208
7.82769812042953	7.75809193872139	7.76517179108489
9.59786481675501	9.55319494679323	9.53207948109123
5.90700598575274	5.69881864302417	5.84322773722535
5.32873813760559	5.43388470427489	5.47239004185704
4.49866313904791	4.47325894260904	4.4320323042409
4.01679413129085	4.10910261233238	3.89239379402923
5.86271670960794	5.83890841492572	5.94353264302103
8.82370480544937	8.74551187847221	8.80916590115172
8.5955246783005	8.61956324771282	8.66860634111828
8.66363212379612	8.74608608546124	8.7908315597717
9.9807863716444	9.97469808776791	9.97349969174421
4.1360930596632	4.43957581635275	4.36929654889294
5.20320725552174	5.38162846714347	5.53565493531506
4.4897300142779	4.39340563491982	4.51164947230427
5.25684521912381	5.18560074980642	5.46740663434278
4.08955047372617	4.00547998125822	3.97898147902532
4.47169609144764	4.65056347441694	4.37994379309245
9.36216113914305	9.33123993773661	9.40589756332805
3.92699746094021	4.48431413111803	4.52129964233798
4.68237509222029	4.49528524893904	4.48230551072212
9.36918008179588	9.31042591596324	9.34062720606167
7.6396033372591	7.53967936829749	7.71769685514149
4.62641868624628	4.68929586890566	5.04067380143156
4.49866313904791	4.41667541424267	4.47239004185704
8.18048717902165	8.06927663183919	8.23646086618584
5.39243281292298	5.53835397083092	5.54040846528569
10.012122691567	9.98689544686913	9.94868233203666
9.85686662032682	9.8453538241909	9.84418921346279
8.7749024497454	8.84749591076244	8.84706980351974
5.11300944655016	5.09474731935531	4.9506924345939
9.00743607659262	8.98275990475814	9.01486158700591
4.62641868624628	4.15133084772168	4.35857014229987
6.73812907374329	6.77507167619932	6.75396039912826
5.26210094457531	5.30264017099664	5.40622311789129
7.25816094656648	7.233889338501	7.28541928800792
8.64061256782903	8.61328245833749	8.70663763111624
9.11337298316312	9.17966197912325	9.07547916076252
4.86617226824416	5.26467232079762	5.26976087534202
9.4914091939525	9.50176009287132	9.57093041006259
4.23562873321412	4.47325894260904	4.40100540862027
5.29323945638421	5.26467232079762	5.35857014229988
9.06382399855358	9.11755897027094	9.02210169539514
9.21172076447657	9.156523516942	9.22985477203425
6.5808779023361	6.51158706126814	6.80818079012614
9.38522532895207	9.31197803557597	9.35823365365908
7.28680745713968	7.13037122908603	7.2924809518421
4.36826650179223	4.63080021959552	4.37994379309245
5.95971303608359	5.74551187847221	6.01699480496205
8.930715216861	8.86768865718664	8.89842339146747
8.29836448856207	8.14611942107633	8.31762051412061
5.58087790233609	5.73629334844283	5.73542444769083
3.97899209857847	4.05080397176771	4.25826523650419
9.63074232380497	9.60190766847283	9.67456454198407
4.05363089947123	4.19235811598173	3.66752038318903
8.60641299444323	8.67670107020413	8.66860634111828
7.88076674896467	7.6688488274447	7.77831026054401
7.81702461891508	7.69644383583626	7.8585349900132
8.53113409103054	8.45300290606043	8.50740713978454
9.9903183212486	9.94224320314402	9.96976014315428
2.36826650179223	2.84320855235934	2.37994379309244
4.53385256751021	4.86874364446648	4.73542444769083
4.21409557166447	4.17881158414378	4.12537096600684
9.12351499358373	9.17583124804294	9.15705403361575
9.45113476896532	9.51698032003836	9.46240595328442
9.1104621220679	9.03585363030174	9.15434329190126
8.21748138650385	8.35100319255804	8.17588793823047
4.8453136633465	5.00547998125822	5.03394793824325
5.82414905334846	5.73629334844283	5.86990977987785
5.65466816305045	5.87295589575339	4.55926749253701
4.75127017343136	5.20577863174405	4.03394793824326
9.90448746016541	9.98616650620139	9.85734494206905
9.67869505866071	9.63886172156478	9.67915181147972
5.71723384943195	5.85177056586277	5.37462999319598
9.57402673492857	9.63638605379145	9.44286292065995
6.60589636237293	6.61328245833749	6.55926749253701
5.51195996166136	5.56463329562977	5.15046194696968
9.09250379111552	9.12375840601438	9.10184715965818
5.88673359072648	6.04708088572499	5.83163976295014
7.69603153670188	7.7818080076952	7.64783204826692
6.97579675941866	6.9205329468201	7.00844294209724
9.18118094919174	9.26226582309052	9.22025891392445
6.52294779117133	6.62581681208126	6.39051303480263
9.24494936119059	9.34305443944255	8.9426351655172
8.14465507316662	8.21327316829097	7.77428038350785
6.84005154794109	6.99392294983582	6.65661560685016
9.11155438334977	9.22814644477251	8.95425904961409
4.90700598575274	4.62081613102289	4.79232683892531
6.82946938528173	7.02643037641511	6.7519125704794
5.71340198784092	5.73166189971118	5.71454571801492
7.23295459891578	7.35024805250369	7.17512400120394
7.23295459891578	7.2420540181356	7.17512400120394
5.04755638506154	4.9822725900969	4.84706980351974
5.31868447294167	5.32740807614558	5.12537096600685
5.13035669011406	5.33963437847884	5.18122420074037
4.66660777636198	4.83459542205463	4.90719079595731
6.17840386452116	6.23225084310524	6.11265991425729
8.99880420670317	9.04381528520822	8.88213209835689
8.96737516612081	9.02027208910288	8.91773317358898
4.68237509222029	4.89383462542931	4.68479837462086
4.99801692426023	5.17881158414378	4.81604290789912
9.15916531364358	9.2501727511025	9.15201573822476
5.75127017343136	5.94274422591026	5.39576876025413
5.87648955922968	6.06560097369579	5.65880316608792
7.72296262614901	7.83243408076517	7.77931597340515
6.5031090440791	6.56202679981529	6.31207168019998
4.72866874449423	4.93470690684484	4.52129964233798
10.3042677001728	10.4211768064776	10.1753150233877
9.87670372015056	9.98056569134522	9.87250391959598
6.7324603236566	6.9245968792	6.63455561984124
7.98774296381477	8.10463190828715	7.92547614898506
6.20593704827731	6.20243518866968	6.0101573749085
6.45113476896532	6.48155826582752	6.52849514374219
6.92534204476214	7.06006986772256	7.05070416656883
6.15881313616328	6.16856755264698	5.88867070798652
6.95322900251339	7.0582214433302	6.77428038350785
6.31363124521539	6.41955792277579	6.4320323042409
9.59526442845026	9.69614670988714	9.50740713978454
5.63048835055533	5.70355656203083	5.63233095472673
6.03225724867866	6.23225084310524	5.98596790934143
4.96616805822089	5.09474731935531	4.87744345256326
5.38281481036139	5.70355656203083	5.41660226367129
7.62539947388253	7.72352091455696	7.52849514374219
6.53385256751021	6.55155346858578	6.48477376631287
5.6823750922203	5.89797435579024	5.49215329667847
4.57666565104918	4.79961928381166	4.7682143828085
5.62233750943446	5.56983220230409	5.53088569116718
9.01679413129085	9.05126868268843	8.89842339146747
7.18395269844179	7.32433524209596	7.06726801144328
9.39482732806337	9.47568451428313	9.31068113065533
6.70184495641852	6.90621834988514	6.52610062860181
4.94671569555472	5.08024774966019	4.7519125704794
5.11300944655016	5.12331647155208	5.28116563861427
4.18118094919173	4.46211838500384	4.24667726222898
7.92865097979272	7.95073701666379	7.84515004935638
7.55220359360727	7.65790544975811	7.44095753402038
4.5251353504091	5.07294294903696	4.54040846528569
8.8644455235247	9.00595952091392	8.76415616623415
4.8453136633465	4.86028206571828	4.83163976295014
4.86617226824416	4.95868576977928	4.90719079595731
4.65865902324649	4.89383462542931	4.78433404817178
9.33280251032982	9.4526511579078	9.19334775982285
3.55113055894204	3.47325894260904	3.35857014229988
5.78816975624289	5.77732061670288	5.94353264302103
5.99486349122135	6.08751575012423	5.9649062938136
8.88290059795727	8.97150981013686	8.66480190670936
5.51636514078137	5.58531744980151	5.34776338734329
9.62820057712763	9.66642412932624	9.58939715872139
8.63808816641349	8.77956605690853	8.43331072261511
5.13035669011406	5.2774396168715	4.8002755920408
10.5837667074243	10.6615624733662	10.4987322239028
7.94753146885374	7.87505741839868	8.00414792540645
8.28551760900647	8.44877625740969	8.16438618950129
9.95627202207839	10.0318562655579	9.88025846817031
8.54197739679839	8.60950081779506	8.26976087534202
4.80986482734221	4.95073701666379	4.81604290789912
6.37313225696405	6.49528524893904	6.49949527201964
3.77352298027849	4.21907545435751	4.17512400120395
4.48074123105064	4.32125584916399	4.44222807134678
3.8730586538294	4.05080397176771	3.9649062938136
8.7785745994617	8.84856576252885	8.82337493303603
4.97899209857847	5.03585363030174	5.11902943913302
4.23562873321412	3.92662456054698	4.24667726222898
5.03533008272828	5.20577863174405	5.14422999325816
5.1360930596632	5.29009491767753	5.26402450579288
4.43493754143752	4.46211838500384	4.46240595328442
2.94017284968794	3.3577817251891	3.22321828940499
6.88332698928324	6.8259305609275	6.88680555576695
5.27775420888679	5.07294294903696	5.33139994113441
8.81120999764096	8.84963482151877	8.8002755920408
4.62641868624628	4.69881864302417	4.7018718879798
8.12026283056148	7.99585556236982	8.10786424765564
8.07020512400674	7.90827200865311	8.04820310548438
3.97899209857847	4.15133084772168	4.31484876487056
8.61773234313087	8.62955598058705	8.64562777734019
4.00430318710766	4.32125584916399	4.11265991425729
8.95322900251339	9.01884720499605	8.9855322472391
3.75872597835041	4.02074673791153	3.90719079595732
9.22389262516314	9.15176428472085	9.17588793823047
4.46259388434039	4.74551187847221	4.52129964233798
9.8773460122325	9.95223074764198	9.88213209835689
4.1360930596632	4.43957581635275	4.08689681819221
9.48552349451024	9.49460199292774	9.45864403448822
4.35848548099965	4.45089112958058	4.2113441891167
5.82769812042953	5.75009914796786	5.78032098566516
9.56608090040801	9.56918336260757	9.58710170073373
3.8453136633465	4.02074673791153	3.63233095472673
7.45228478500142	7.47603069185909	7.60763051409841
9.42061424335859	9.31352848713938	9.37795341102339
3.8730586538294	3.97445308563759	4.45235228862049
9.30378996021339	9.17881158414378	9.29424098016932
4.79543775670693	4.77281922446794	4.79232683892531
4.1360930596632	4.06560097369579	4.09983587389971
8.7066716422217	8.8139307598371	8.68694364645242
8.76706795814119	8.71767767027548	8.6954929754171
4.87305865382941	4.67970982007646	5.06726801144328
9.4767909585704	9.43103070721974	9.40524623372742
5.32873813760559	5.08751575012423	5.12537096600685
9.20320725552173	9.2857571679426	9.25067113553584
7.16162815177033	7.22896825911594	7.19183787476522
6.78086495561966	6.7455118784722	6.6912246437803
8.3243482775412	8.24449443885999	8.27333455822184
5.02917785574669	5.19235811598173	4.9649062938136
4.02917785574669	4.23225084310524	4.45235228862049
9.21680485892246	9.08070307396282	9.1785585367152
7.58821987767726	7.60823806494343	7.67834335248357
9.36796184651903	9.31120218450006	9.34096782583444
9.32025998368129	9.30614895677378	9.37762141354387
3.08955047372617	3.12331647155208	2.84706980351974
9.8371932012724	9.74119802583848	9.83454549412555
4.90028012256443	4.9822725900969	5.14422999325816
8.65716374409288	8.57565866540306	8.6378861985599
8.56767357218804	8.61139287713627	8.58249979877472
9.36399546239192	9.31816986929024	9.41757149114536
5.23027549871991	5.18560074980642	5.32590395337955
5.33373881866396	5.41089306164866	5.54986879453476
7.21138118696743	7.28851906275199	7.28116563861427
8.71484012888796	8.70945716347052	8.69762241497845
8.34740198187063	8.38973558704675	8.31484876487056
4.64262891342754	4.59044248197937	5.00672646950823
8.94181134508369	8.87243003642886	8.91636244185556
4.54251742863734	4.74551187847221	4.72710917947883
9.42530689247547	9.43103070721974	9.47735629475039
4.55969257244547	4.52770672663141	4.54040846528569
9.59916325536384	9.60095570866205	9.61045877424922
8.95485274499305	8.89176029719145	8.99681692302442
9.60563797694359	9.59459320643851	9.59511987562966
8.76104803750435	8.78628148427451	8.78433404817178
5.24627597741362	5.38752906858315	4.51164947230427
9.37343582246562	9.27902761377469	9.31068113065533
8.55862509548897	8.49937800357292	8.52669963008058
5.24096217751715	5.25179102950089	5.1689978984071
9.26897015511735	9.25138663004739	9.20387293968556
5.63454656712968	5.6208161310229	5.54514638429235
3.56820407230098	3.86028206571829	3.54040846528569
9.17387966939357	9.19235811598173	9.1854031754727
9.63834080541963	9.64256727593301	9.67942119716642
5.62641868624628	5.67489280377869	5.59168897022938
8.73765752772148	8.74436277841872	8.81359059549344
7.20184041975783	7.18051187313362	7.2924809518421
6.88503129549548	6.91645753438998	6.98247892326155
9.15458028704108	9.08070307396282	9.15821422269386
4.65865902324649	4.77281922446794	4.57788317070435
8.55059374217645	8.57242464692061	8.57441097879755
4.30856025566797	4.15133084772168	4.15046194696968
5.46715216630269	5.21244236202506	5.47735629475039
9.31836916422205	9.25138663004739	9.32762369972801
9.01873610902504	9.10328799105826	9.0440250109312
4.05363089947123	4.12331647155207	4.53088569116718
9.66561657395893	9.5763046000639	9.62087539019456
4.68237509222029	4.58017414652555	4.64120910607318
9.51113249101012	9.49391841317513	9.479523666182
3.74377563688444	4.10910261233238	4.42176396878707
8.21002207707805	8.11711513238376	8.12220368692816
6.95809475768521	6.63576647248887	6.89981126559171
5.28809615310825	5.43388470427489	4.24667726222898
5.18671913273316	5.57501244140977	4.15046194696968
4.87305865382941	4.73629334844283	4.94353264302103
8.53004526453291	8.61893639780467	8.61609871513368
6.08955047372617	6.28694148463865	6.11902943913302
4.76614344991289	4.6407156884606	4.88493798911019
4.56820407230098	4.69881864302417	4.49215329667847
4.86617226824416	4.84320855235934	4.83937541172974
4.49866313904791	4.58017414652555	4.77629672910636
8.35295437502642	8.3630319858763	8.35520171900715
4.5251353504091	4.76377408486494	4.7187457065442
8.75080290377841	8.6881010903356	8.72554471696417
4.25684521912381	4.56983220230409	4.63233095472673
4.96616805822089	4.90210224141291	5.04067380143156
9.52240038268786	9.50005900195275	9.48816073733809
3.26733759294145	3.40508743996746	3.22321828940499
8.87820195710536	8.93369908630725	8.86612813933543
4.44421535502553	4.21907545435751	4.55926749253701
8.74236606662977	8.71181066324349	8.76669388903605
2.74377563688444	2.66034449520953	2.61440904672947
9.43493754143752	9.43886565387674	9.48816073733809
4.53385256751021	4.51698032003835	4.54986879453476
4.10132764150252	4.59044248197937	4.50193431747105
12.416569266975	12.4658705198649	12.4094746293891
7.07618521564012	7.08751575012423	7.02549627352806
4.41620097885593	4.60063824908526	4.7519125704794
7.70570759605092	7.67005965004274	7.72710917947883
4.28809615310825	4.20577863174405	4.24667726222898
9.23596265175302	9.233889338501	9.28081060107319
3.85925285430438	3.80844313419867	3.9506924345939
4.1360930596632	4.17881158414378	4.32590395337955
9.27807851933907	9.17540498270053	9.25501551535337
3.90028012256443	4.08024774966019	4.15046194696968
7.89098056182667	7.88029787109456	7.91453277129848
9.58560203075884	9.56983220230409	9.61778640693179
5.11300944655016	4.7818080076952	4.9649062938136
4.5251353504091	4.60063824908526	4.62339782995672
4.87991232487047	5.05080397176771	5.24084818342678
5.66660777636198	5.65056347441695	5.70610888086628
7.54467553680474	7.54364827050043	7.56511073681847
5.83123847813478	5.70355656203083	5.68049823718724
8.16934124204977	8.25340749470181	8.23646086618584
8.88673359072648	8.90055566805677	8.80916590115172
7.9499760247183	7.91134702589022	7.96931955831626
4.3486376950433	4.40508743996745	4.77629672910636
3.97899209857847	4.27107009199577	4.26976087534202
9.6747593152728	9.64410845227965	9.7095422986024
5.84180771984497	5.84749591076244	5.9649062938136
5.41147856861353	5.51158706126814	5.60989356560697
9.89140457212829	9.90775886796092	9.90396689508303
4.74377563688444	4.85177056586276	4.9506924345939
4.49866313904791	4.70827897227323	4.42176396878707
4.61824475480058	4.55941558635875	4.68479837462086
5.11300944655016	5.30264017099664	5.40100540862027
9.82681167183581	9.86319633453586	9.88843769578527
8.77122092930195	8.75181562055688	8.84033945790052
4.81702461891508	4.8172133438264	5.02719057206794
9.51746433705617	9.57371912438825	9.55897470815429
6.25157027708314	6.46769941726714	6.35857014229988
8.8713401366031	8.85283725355712	8.85137993298881
4.80266932593801	4.71767767027548	4.99292066998319
4.56820407230098	4.80844313419867	4.68479837462086
8.80221841327895	8.806792767909	8.80275062274028
4.54251742863734	5.02831995761633	4.83163976295014
4.32873813760559	4.32125584916399	4.29248095184211
9.46202308510806	9.37570363318636	9.47766611866243
4.48074123105064	4.59044248197937	4.7682143828085
4.36826650179223	4.58017414652555	4.51164947230427
4.51636514078137	4.51698032003835	4.59626170001921
4.49866313904791	4.60063824908526	4.53088569116718
4.27775420888679	4.36975436685517	4.23499545718134
4.51636514078137	4.38162846714347	4.52129964233798
4.33872222617821	4.29638118052496	4.35857014229987
9.85186443156028	9.89978175920984	9.87179688942212
4.3486376950433	3.77281922446794	3.99292066998319
6.15033498223898	6.10552715810855	6.10626214305914
8.05135595281183	7.94974033611231	8.07547916076252
8.77765743792994	8.78516441488777	8.7519125704794
3.8453136633465	4.12331647155207	3.9649062938136
4.44421535502553	4.74551187847221	4.54040846528569
4.45343388505491	4.48431413111803	4.69336038812429
9.78748650023159	9.84106008578076	9.8002755920408
9.79905807238563	9.85337030179555	9.81039634475798
4.27775420888679	4.25824605163819	4.47239004185704
8.21545085127648	8.25985530449984	8.28895444057533
3.96616805822089	4.1373916567638	3.90719079595732
8.86358137552588	8.92307424577012	8.8722682813691
4.22490232662106	4.54892321254111	4.65880316608792
4.28809615310825	4.02074673791153	4.44222807134678
4.82414905334846	4.58017414652555	5.04067380143156
5.92699746094021	6.11622704676576	6.13483129525591
4.79543775670693	4.90210224141291	4.72710917947883
4.42559967685818	4.60063824908526	4.53088569116718
4.40674064960686	4.56983220230409	4.68479837462086
8.73954278776224	8.73629334844283	8.77780714108263
4.37798165662544	4.39340563491982	4.51164947230427
4.83123847813478	4.8172133438264	4.59626170001921
8.20661869017087	8.28140633655742	8.2143218889166
8.87434619968987	8.80072522103783	8.80176111992996
4.46259388434039	4.46211838500384	4.61440904672946
4.83829323566873	4.8259305609275	4.91453277129848
4.4897300142779	4.43957581635275	4.56860535711634
5.20320725552174	5.08024774966019	5.08689681819221
7.80357072867954	7.79296579757972	7.6378861985599
4.5251353504091	4.77281922446794	4.62339782995672
8.9572849372649	8.84588964408225	8.95826098017159
5.20320725552174	5.23879368897201	5.59168897022938
9.24925641124489	9.21824798370627	9.25646073965745
5.00430318710766	4.91032274821788	4.9649062938136
9.52731959767097	9.49015292392164	9.5401118280808
4.33872222617821	4.36975436685517	4.35857014229987
4.11300944655016	4.3577817251891	4.12537096600684
4.45343388505491	4.4281710530805	4.42176396878707
9.464019895172	9.48465824442697	9.56160763099152
4.51636514078137	4.50617356508177	4.41142202456561
9.38672986036477	9.41197901957791	9.31762051412061
6.54898209236347	6.75238732456313	6.81015033997592
4.25684521912381	4.15133084772168	4.35857014229987
8.72914323719408	8.59299818688313	8.74266119900686
4.17004039158653	4.00547998125822	4.36929654889294
9.00821823711104	8.95620648571682	9.03015081501956
4.79543775670693	4.39340563491982	4.51164947230427
4.72866874449423	4.94274422591026	4.95781686902728
4.08955047372617	4.34570889288853	4.51164947230427
4.29836448856208	4.48431413111803	4.48230551072212
5.04145618552512	5.03585363030174	5.14422999325816
8.61311242978318	8.59172090035358	8.64342013338854
5.42559967685818	5.50073967903114	5.45738787851779
7.85664949412566	7.69168246174254	7.85663044182784
3.95322900251339	4.34570889288853	4.18729871515005
4.62641868624628	4.55941558635875	4.54040846528569
9.58586402931416	9.60981633338755	9.6320526302268
4.33872222617821	4.34570889288853	4.65880316608792
4.1360930596632	4.12331647155207	4.42176396878707
9.75430374277092	9.78208800673361	9.80275062274028
4.29836448856208	4.69881864302417	4.48230551072212
9.48411859125297	9.54496881525249	9.53088569116718
4.92699746094021	4.70827897227323	5.07384066536676
4.19223613770073	4.03585363030174	3.9506924345939
4.65066623249296	4.8172133438264	4.90719079595731
8.98018852853582	8.99392294983582	8.96976014315428
4.36826650179223	4.6407156884606	4.65880316608792
9.35971174120173	9.37124398499566	9.34334991513284
9.8822607745862	9.87925130228487	9.89564363137649
4.75127017343136	4.66034449520953	4.84706980351974
5.14180671085759	5.24530699593069	5.05403218428658
7.38040025742808	7.41089306164866	7.46240595328442
5.90028012256443	6.06560097369579	5.93633714161683
4.89352275638912	4.90210224141291	5.00672646950823
8.01990004215868	7.97052738242379	8.07875057949057
4.25684521912381	4.23225084310524	4.40100540862027
8.87862973918141	8.7529588021071	8.82337493303603
9.55942577724528	9.45124330706088	9.46459588437524
8.99604683650237	8.98275990475814	8.96755587222755
4.40674064960686	4.56983220230409	4.45235228862049
8.82814114055919	8.84213471900803	8.88306800175714
4.79543775670693	4.93470690684484	4.86233656017305
9.51581522842827	9.53470283683346	9.50376089932411
8.54790665806775	8.48500227567718	8.58249979877472
4.18118094919173	3.97445308563759	4.28116563861427
8.71436090781035	8.71767767027548	8.67995981768449
4.54251742863734	4.58017414652555	4.4320323042409
8.82991186191175	8.83243408076517	8.87885164695607
7.58926568782881	7.54628815237314	7.51406807310691
8.6284549534028	8.61139287713627	8.65442472557735
8.61568087454362	8.602541959554	8.54159440455583
7.46828949000439	7.41667541424267	7.50315229562772
4.83123847813478	4.8259305609275	4.81604290789912
3.95322900251339	3.58017414652555	4.11265991425729
8.73954278776224	8.7512436899088	8.72867194732352
7.49643503815579	7.50888285233976	7.53803365809778
7.7066716422217	7.60823806494343	7.7580473566515
5.39243281292298	5.41667541424267	5.48723780626435
4.1360930596632	4.40508743996745	4.48230551072212
4.30856025566797	4.76377408486494	4.58710170073373
4.25684521912381	4.50617356508177	4.22321828940499
4.17004039158653	4.32125584916399	4.35857014229987
10.3969192735954	10.4005354861663	10.3799437930924
3.94017284968794	4.27107009199577	4.0204014064053
9.5734983719705	9.53636358876187	9.57063998327934
4.21409557166447	4.54892321254111	4.34776338734329
8.40436584241897	8.44736461831381	8.41724848766458
4.73624196419903	4.67005965004275	4.86990977987786
9.070953992459	9.07842501405337	9.1450104612463
9.86940435467004	9.85097003220259	9.88867070798652
5.14180671085759	5.26467232079762	5.02719057206794
8.93154008540313	8.80458933862862	8.9741586070518
3.88673359072648	3.92662456054698	3.65003295646019
4.1360930596632	4.09474731935531	4.36929654889294
9.79747530202294	9.81557298544514	9.83720394959758
4.26733759294145	4.34570889288853	4.60536390712646
8.50698800369884	8.51765306196749	8.50558517148401
8.98018852853582	8.94774490696862	8.99681692302442
4.5251353504091	4.80844313419867	4.69336038812429
4.97259432738032	5.29638118052496	4.13797100278648
5.05363089947122	5.03585363030174	4.92910557238575
5.29836448856208	5.5223534921372	5.25826523650419
8.95404110219196	8.97298219846765	8.97985663527957
9.17422818854997	9.16169756327993	9.15975969155177
3.66660777636198	3.84320855235934	3.73542444769083
7.85404142765903	7.84856576252885	7.92183757192171
5.9499760247183	6.09474731935531	5.86612813933543
4.71340198784092	4.74551187847221	4.87744345256326
3.8730586538294	4.00547998125822	3.86233656017305
4.39721787548836	4.33353417894242	4.51164947230427
5.13035669011406	5.31507727423486	5.07384066536676
3.97899209857847	4.58017414652555	4.19937154745062
4.10132764150252	3.92662456054698	4.19937154745062
9.4212016599143	9.43210161785228	9.36427847412631
7.29195534856389	7.10552715810855	7.39576876025413
9.71364177759314	9.72585160172118	9.71191450254748
4.72866874449423	4.63080021959552	4.66752038318903
9.02647798454403	8.92256634397263	8.98727410684205
7.68824369030943	7.68091156528622	7.68694364645242
4.5251353504091	4.39340563491982	4.42176396878707
8.31931488371897	8.33963437847884	8.32107772890921
8.49140919395249	8.45159539859183	8.48415709819453
4.54251742863734	4.48431413111803	4.52129964233798
7.70570759605092	7.65056347441694	7.62339782995672
5.33872222617822	5.16513664724671	5.32038694841199
5.4897300142779	5.67970982007646	5.73956417805176
8.71340198784092	8.66460292768625	8.77831026054401
9.00821823711104	8.89176029719145	8.99118561861245
4.14749782293545	4.34570889288853	4.50193431747105
6.23562873321411	6.08388632672354	6.14734933510234
8.63048835055532	8.59873202325292	8.61722406233652
4.08955047372617	4.36975436685517	4.03394793824326
4.29836448856208	4.61076246635897	4.25826523650419
5.11300944655016	5.08751575012423	5.04067380143156
8.98813947200495	8.93016615983079	8.92955860898577
9.12639966345936	9.11355950509812	9.12655690527699
4.31868447294167	4.91032274821788	4.59626170001921
4.76614344991289	5.04334816684866	5.0204014064053
4.08955047372617	3.95868576977928	3.9506924345939
8.64765748262062	8.54496881525249	8.68372454126955
6.53385256751021	6.59299818688313	6.45738787851779
4.40674064960686	4.4281710530805	4.39051303480263
7.76058392457099	7.64810782269064	7.84611024575847
4.69019459667959	4.95868576977928	5.00672646950823
9.80221841327896	9.81967038962192	9.75830240748588
4.22490232662106	4.36975436685517	4.22321828940499
7.56395459929963	7.60063824908527	7.59740262142378
4.72866874449423	4.9822725900969	4.90719079595731
3.95322900251339	4.12331647155207	3.97898147902532
10.3413626764707	10.3649024581218	10.3546957765012
4.25684521912381	4.41667541424267	4.22321828940499
9.20695939038284	9.2355259751381	9.24412993774672
4.37798165662544	4.50617356508177	4.52129964233798
8.19429958745544	8.20410787875953	8.18198491525358
8.97259432738032	8.91900601595868	8.95381370463729
3.94017284968794	3.97445308563759	4.36929654889294
4.46259388434039	4.45089112958058	4.44222807134678
9.37282862757413	9.31081410244234	9.34368989275687
8.99407405479077	8.97836813564098	8.98291550823716
7.44537089777124	7.40071784033969	7.45864403448822
9.39751641559101	9.38973558704675	9.43618302870003
4.27775420888679	4.21907545435751	4.55926749253701
3.8453136633465	3.80844313419867	3.89239379402923
9.82414905334846	9.7834871873698	9.83816944740232
4.20320725552174	4.52770672663141	3.92183757192172
4.94671569555472	5.02074673791153	5.0204014064053
5.20866168561384	5.10194282075951	5.18729871515005
10.1717867845378	10.2167987670692	10.1184334893658
9.32842501876749	9.26627442539412	9.35452708956259
5.74752777174554	5.73166189971118	5.79232683892531
9.41708471244613	9.3422951262456	9.38853719102305
4.62641868624628	4.74551187847221	4.710333466728
4.95322900251339	4.87715588428268	4.89239379402923
3.90028012256443	4.1651366472467	4.03394793824326
4.18118094919173	4.25824605163819	4.25826523650419
8.76752999018385	8.73918047176155	8.83502921417732
5.10132764150252	4.91032274821788	5.08689681819221
8.69408851278409	8.71416032995324	8.796803400134
7.44190148918728	7.36527626173602	7.47239004185704
4.58507789086538	4.70827897227323	4.68479837462086
4.91370063832675	4.62081613102289	4.85472337606318
8.82946938528172	8.73918047176155	8.76313982590266
9.50615767559483	9.54859409310524	9.52849514374219
4.42559967685818	4.53835397083092	4.66752038318903
8.84443797588964	8.7951870374964	8.90627041631469
4.76614344991289	4.91032274821788	4.91453277129848
5.14180671085759	5.13037122908603	5.25248288391019
1.91370063832675	2.53835397083092	2.29248095184211
9.02377305130588	9.04754679725525	8.99940859145951
9.49504072564667	9.40980628567193	9.41207057258323
8.66512071726359	8.70827897227323	8.69815428412397
6.68629014222368	6.63080021959552	6.70822272013219
4.91370063832675	4.99778558946822	5.01358014054929
5.30856025566796	5.17881158414378	5.11265991425729
8.80582177460493	8.76093580922809	8.84178432035568
3.3287381376056	3.42817105308049	3.66752038318903
9.53140616930403	9.57565866540305	9.55604359166272
7.67352719030177	7.68451080634029	7.70716618764932
5.5251353504091	5.6208161310229	5.54986879453476
4.72105556038436	4.99778558946822	4.92910557238575
4.58507789086538	4.65056347441694	4.73542444769083
9.55622038053866	9.51698032003836	9.5209990495583
5.20866168561384	5.24530699593069	5.47239004185704
4.28809615310825	4.38162846714347	4.62339782995672
5.49866313904791	5.5223534921372	5.46740663434278
7.64564815772634	7.72934058780106	7.66534601195469
4.4897300142779	4.4281710530805	4.60536390712646
7.83035420287516	7.78292767794223	7.89517981686007
4.83829323566873	4.94274422591026	4.55926749253701
5.36338428041249	5.25824605163819	5.24084818342678
5.27775420888679	5.30887212470815	5.29248095184211
5.63454656712968	5.65056347441695	5.80423360560948
4.23562873321412	4.25824605163819	4.18729871515005
8.67402016657203	8.62269341826356	8.67942119716641
3.92699746094021	4.3577817251891	4.28116563861427
4.24627597741362	4.58017414652555	4.39051303480263
4.30856025566797	4.02074673791153	3.84706980351974
4.62641868624628	4.63080021959552	4.61440904672946
7.96777731108255	7.87295589575339	7.88493798911019
7.9861558403974	7.96856051771439	8.01272521012967
9.49308642147047	9.58692097896613	9.52039767604359
4.37798165662544	4.29638118052496	4.23499545718134
4.68237509222029	4.46211838500384	4.55926749253701
9.4914091939525	9.46106953360112	9.47828556695056
4.55113055894204	4.56983220230409	4.64120910607318
8.6197808987337	8.62269341826356	8.67348306139303
4.28809615310825	4.49528524893904	4.37994379309245
8.37858668705615	8.37124398499566	8.38325500648286
3.58507789086538	3.77281922446794	3.35857014229988
8.93401186506127	8.95123509885098	8.91132525360876
5.22490232662106	5.10910261233238	5.24667726222898
4.69797194727131	4.69881864302417	4.84706980351974
3.91370063832675	4.21907545435751	4.37994379309245
4.65066623249296	4.91849667966358	4.84706980351974
5.43958390629389	5.33353417894242	5.22911889084467
8.13322772596881	8.07019408499627	8.1450104612463
4.19223613770073	4.1651366472467	4.18729871515005
7.78999019186726	7.71181066324349	7.70399193985417
7.79996173357451	7.76036748342169	7.71559686198921
5.95971303608359	6.01313355380166	6.11584819188834
9.34461775127174	9.31314103043209	9.36862847986461
4.5251353504091	4.49528524893904	4.51164947230427
4.69797194727131	4.73629334844283	4.67618524431616
5.21409557166447	5.18560074980642	4.92910557238575
8.97219352308801	8.94023737029968	9.00027144737093
8.80717071817295	8.75238732456313	8.77276627277848
9.1231540039557	9.09969807930635	9.09741862389401
8.31931488371897	8.19992251162079	8.32314808808905
7.46030933114583	7.35477297531676	7.47114580284857
4.59344136380001	4.55941558635875	4.69336038812429
5.10718036774796	5.31507727423486	4.03394793824326
4.97899209857847	4.95073701666379	4.9506924345939
9.46800524312318	9.50176009287132	9.45518697032452
10.0109524643505	10.0119403562803	10.0235878062301
4.23562873321412	4.38162846714347	4.42176396878707
4.70570759605092	4.50617356508177	4.65003295646019
4.56820407230098	4.53835397083092	4.74369206367443
4.39721787548836	4.36975436685517	4.42176396878707
4.33872222617821	4.46211838500384	4.37994379309245
5.23027549871991	5.08024774966019	5.14422999325816
8.81389658136126	8.90261739765509	8.86896529863896
6.793624186335	6.78851303157309	6.86990977987785
8.14180671085759	8.153929518567	8.12378819564415
6.03533008272828	6.03209171150554	6.06726801144328
4.75872597835041	4.60063824908526	4.83163976295014
4.72866874449423	5.00547998125822	4.72710917947883
5.11881506823136	5.21907545435751	5.04736845400557
8.5251353504091	8.43388470427489	8.56511073681848
7.24494936119059	7.21410349639498	7.29529596744916
5.87648955922968	5.82593056092751	6.0101573749085
5.22490232662106	5.21244236202506	5.12537096600685
8.8121060815461	8.77281922446794	8.79729993947494
4.82414905334846	4.84320855235934	4.7600865019251
8.88417939405892	8.94574671407178	8.86707447917972
5.35848548099965	5.45651567877446	5.46240595328442
9.21036197460368	9.22485449801414	9.19786795686023
4.40674064960686	4.80844313419867	4.63233095472673
5.14749782293545	5.22567818918176	4.73542444769083
4.53385256751021	4.51698032003835	4.46240595328442
4.41620097885593	4.38162846714347	4.77629672910636
9.61491082112748	9.64810782269063	9.65743633032401
5.15316657302214	5.06560097369579	5.1689978984071
7.70087767844672	7.53967936829749	7.68264990804229
4.69019459667959	4.53835397083092	4.68479837462086
4.02917785574669	4.43957581635275	4.34776338734329
8.69603153670188	8.71533372980719	8.72188769335608
3.40674064960686	3.80844313419867	3.7018718879798
5.00430318710766	4.77281922446794	4.97196105134755
8.04831709957476	7.95173300913751	8.0204014064053
6.20320725552174	6.23225084310524	6.28966043277973
4.77352298027849	4.85177056586276	5.09338085176241
8.68580134159529	8.69644383583627	8.73904736090817
4.17004039158653	4.29638118052496	4.16284567142551
4.59344136380001	4.6407156884606	4.710333466728
7.56289027240452	7.56202679981529	7.55457579721229
4.08955047372617	3.92662456054698	4.23499545718134
8.82192644461909	8.74148601766315	8.8052214146456
5.86271670960794	5.97836813564098	5.64120910607318
8.64262891342754	8.56853423096967	8.60479669853221
4.05363089947123	4.47325894260904	4.45235228862049
4.65066623249296	4.67005965004275	4.79232683892531
8.66114771636128	8.56398211302296	8.59168897022938
3.88673359072648	4.02074673791153	4.12537096600684
9.04260193942324	8.97592247470458	9.11783729332144
4.79543775670693	4.95868576977928	4.7187457065442
3.90028012256443	4.09474731935531	4.12537096600684
9.40377152931442	9.4480706105182	9.40882491307957
4.86617226824416	5.17199031828777	5.03394793824325
9.41561152224267	9.47568451428313	9.42594429836554
4.50754129039436	4.8259305609275	4.39051303480263
8.92534204476215	8.83729255322136	8.94398117249484
7.92036436860776	7.78068746780128	7.81800176093717
5.8062715626182	5.76830374334545	5.59168897022938
3.77352298027849	4.02074673791153	4.06066527661903
8.33373881866396	8.2766449624637	8.26474280057539
6.48074123105065	6.45931975165116	6.52370213255329
6.15033498223898	6.21244236202506	6.21729345544788
8.76151200118125	8.7512436899088	8.72188769335608
4.55969257244547	4.67970982007646	4.42176396878707
9.37373932410572	9.3224113919097	9.35924288422901
4.75872597835041	4.86028206571828	4.86233656017305
3.65066623249295	3.6208161310229	3.92183757192172
5.17562142384984	5.22567818918176	5.06726801144328
4.4897300142779	4.53835397083092	4.31484876487056
4.73624196419903	4.84320855235934	4.7682143828085
6.17004039158654	6.2774396168715	6.24376566680908
9.35141418587524	9.43352826325001	9.0544476472242
8.94262989548346	8.89745753864665	8.95781686902728
4.61824475480058	4.9744530856376	4.89239379402923
9.17422818854997	9.17284474238197	9.21059880287388
3.75872597835041	3.99004994068861	4.29248095184211
6.92036436860776	6.91032274821788	6.91086645410071
4.1360930596632	4.25824605163819	4.41142202456561
5.20866168561384	5.08024774966019	5.26976087534202
4.35848548099965	4.25824605163819	4.13797100278648
4.63454656712968	4.45089112958058	4.68479837462086
6.90028012256442	6.95272831448287	6.90350574914946
6.14465507316662	6.42243468353135	6.29529596744916
9.40258216812514	9.44064040504272	9.40979937785211
4.44421535502553	4.50617356508177	4.67618524431616
7.75779610719937	7.67609856652409	7.73127280442036
9.68482324322502	9.7023735402008	9.67888237548288
9.11555228122236	9.0669804431627	9.07997545153887
8.758261117692	8.66763698777589	8.78032098566516
9.21950906785084	9.18771582867945	9.24522219902859
3.40674064960686	3.80844313419867	3.59626170001921
9.34523693370222	9.19782526595288	9.31346089074632
9.59734511392486	9.54892321254111	9.56831446185557
8.56979440320708	8.53636358876186	8.57499025808294
8.97619656406052	8.96659096786462	9.02337559838377
4.72866874449423	4.74551187847221	4.83163976295014
4.62641868624628	4.88551935721731	4.77629672910636
8.78816975624289	8.62018982537343	8.74317672341502
9.66313558445517	9.55352301843555	9.61891043896441
9.33654410319656	9.30146867678619	9.33585006579979
6.08362563976906	5.99004994068861	5.94353264302103
5.78452197922775	5.88134368124611	5.86233656017305
9.63555934010275	9.63266456838939	9.62815043878821
4.91370063832675	4.91849667966358	5.09983587389971
4.76614344991289	4.87715588428268	4.93633714161683
4.3486376950433	4.4281710530805	4.64120910607318
7.32623128199502	7.32125584916399	7.43458800914465
9.36001814346281	9.30420068498426	9.36528348638631
4.65865902324649	4.67970982007646	4.74369206367443
3.92699746094021	3.97445308563759	4.15046194696968
4.11300944655016	4.29638118052496	4.15046194696968
8.88332698928323	8.92358196882336	8.90857026542422
8.31552828038799	8.34267483279889	8.32038694841199
4.92699746094021	4.86874364446648	5.06726801144328
8.99486349122135	9.00307988913773	9.07220030698551
5.7324603236566	5.90210224141291	5.78433404817178
5.87991232487047	5.89797435579024	5.92910557238575
9.12026283056148	9.13037122908603	9.16554049950357
4.63454656712968	4.50617356508177	4.77629672910636
4.17004039158653	4.19235811598173	4.45235228862049
8.47282984006464	8.4324584114836	8.4555015914229
9.36735234290165	9.27027192044518	9.33345555065941
8.62080408674885	8.72526928282694	8.61609871513368
8.84136887724359	8.89849098786053	8.87462293350088
6.12170914150054	6.10194282075951	6.26114774503731
8.19429958745544	8.16427764451761	8.13640200313114
8.74799610320263	8.7671726613268	8.7908315597717
8.95930863663009	8.88186630216865	8.91407499085964
6.25421015895584	6.16513664724671	6.10946457509749
9.65016520972672	9.64287564294089	9.55281247039971
4.29836448856208	4.68929586890566	4.54040846528569
5.93689026569864	5.96659096786462	6.0639704213427
13.4672588284954	13.4770687264698	13.4617404945027
12.9566519486181	13.0122984191671	12.9485146970026
4.78086495561966	4.65056347441694	4.54040846528569
5.19223613770073	5.15825026166146	5.24084818342678
8.87391714539945	8.92864939602447	8.88913661951677
4.78086495561966	4.47325894260904	4.81604290789912
4.45343388505491	4.36975436685517	4.35857014229987
4.01679413129085	3.97445308563759	3.9506924345939
3.40674064960686	2.94274422591026	3.31484876487056
8.65566691355132	8.68451080634028	8.71086067120706
6.46030933114583	6.48706474213407	6.2840027979178
7.3249762188094	7.0947473193553	7.2320601661568
8.46828949000439	8.37866909166292	8.47549595272486
4.32873813760559	4.48431413111803	4.54986879453476
4.49866313904791	4.30887212470815	4.65880316608792
9.27092679426115	9.22855741046134	9.30859279006262
4.15881313616329	3.95868576977928	4.00672646950822
3.78816975624289	3.80844313419867	3.99292066998319
8.84924769255833	8.83135219466955	8.87744345256326
4.46259388434039	4.58017414652555	4.53088569116718
4.75872597835041	4.70827897227323	4.72710917947883
9.20149850838263	9.07477261959404	9.17512400120395
4.49866313904791	4.58017414652555	4.710333466728
8.02763569093828	7.94374574975533	8.0440250109312
5.48524262328559	5.5223534921372	5.41142202456561
9.5103045454833	9.43352826325001	9.47239004185704
4.49866313904791	4.40508743996745	4.710333466728
8.95200999522423	8.92662456054698	8.88587207463384
3.8453136633465	4.15133084772168	4.26976087534202
7.91536945868737	7.94574671407178	7.95692823639007
5.25157027708314	4.86874364446648	4.99984008392299
4.37798165662544	4.34570889288853	4.49215329667847
9.55782396911527	9.61485522099285	9.64397236116212
6.45113476896532	6.47048185793846	6.45738787851779
3.26733759294145	3.17881158414378	3.0204014064053
8.91911726144967	8.86663289787067	8.91681949715509
5.79543775670693	5.72235415748496	5.8585349900132
7.29452242226769	7.2774396168715	7.23792478822001
8.82946938528172	8.9472456181452	8.90948917949407
8.81568486177726	8.76999870540557	8.83599616799427
9.26078880711251	9.26306843509503	9.22911889084467
9.72748182954379	9.63978900282277	9.67807376544347
9.04030952097339	9.01504061956631	9.0556933186565
9.02145049372208	9.09924871159025	9.0548629905525
8.46030933114583	8.4281710530805	8.49705209609131
8.39363056728061	8.45370614518763	8.45361283482641
9.14109374072156	9.15911285961893	9.13600948645319
4.41620097885593	4.20577863174405	4.42176396878707
7.87477512641843	7.91849667966358	7.94532592484408
4.56820407230098	4.63080021959552	4.54040846528569
6.71531919083522	6.79296579757972	6.72084112454639
6.66858814049022	6.65301495341104	6.82775632846291
7.84793754107654	7.9487429665317	7.92365800754608
6.77719863842189	6.82375618969316	6.93813938425082
5.49866313904791	5.59044248197937	5.44729906089421
9.07506583497549	9.08932704357105	9.05610830356973
9.60796178153872	9.56398211302296	9.58105868883481
8.84443797588964	8.8453538241909	8.83551277209734
4.02917785574669	3.94274422591026	3.90719079595732
4.69797194727131	4.74551187847221	4.89981126559171
5.87648955922968	5.95868576977928	5.82775632846291
4.20320725552174	4.30887212470815	4.36929654889294
9.17248475022192	9.0861557861201	9.12457979788124
4.77352298027849	4.80844313419867	4.87744345256326
5.04755638506154	5.00547998125822	5.01358014054929
3.99170315032802	4.15133084772168	3.9506924345939
5.04755638506154	4.90210224141291	5.16284567142551
8.78862508054552	8.71533372980719	8.73283107104267
5.4488319830959	5.53304017093445	5.50680007264287
6.32873813760559	6.15479470302525	6.36394331439873
3.15881313616328	3.6407156884606	3.86233656017305
8.14536628591994	7.93772615114363	8.06149227293912
3.3287381376056	3.33353417894242	3.44222807134679
5.18118094919174	5.10194282075951	5.36929654889293
9.37434613590894	9.42135657036058	9.35216339908974
8.75500289230769	8.8259305609275	8.76364808556649
4.65066623249296	4.49528524893904	4.51164947230427
4.57666565104918	4.40508743996745	4.710333466728
9.08918088360223	9.12817032089276	9.12734699020412
8.04983732631278	8.03866864590879	8.12695200182633
5.08362563976906	5.25179102950089	5.29810550103598
9.29804470688264	9.2810101550251	9.30055936271036
9.73553366124353	9.74033370526891	9.71822137615831
4.50754129039436	4.62081613102289	4.54986879453476
4.55969257244547	4.52770672663141	4.67618524431616
5.29836448856208	5.21244236202506	5.34232950129267
4.07767637343787	4.40508743996745	4.64120910607318
8.65266858540411	8.52034089700837	8.588823636535
7.96375080821519	7.95769456737623	7.93362954925334
8.0657037317718	8.05451747456678	8.06726801144328
7.77076007798326	7.76830374334545	7.86802019867663
4.71340198784092	4.72701553485482	4.87744345256326
7.8892832733475	7.89072201356198	7.96755587222755
5.45343388505491	5.48431413111803	5.35317688352966
4.61824475480058	4.67970982007646	4.72710917947883
4.73624196419903	4.67970982007646	4.59626170001921
4.32873813760559	4.21907545435751	4.22321828940499
4.33872222617821	4.36975436685517	4.63233095472673
9.13394459308462	9.10239135023332	9.10706341774838
4.46259388434039	4.43957581635275	4.73542444769083
4.50754129039436	4.67970982007646	4.8002755920408
5.28809615310825	5.21907545435751	5.26402450579288
6.08659109824562	6.06927663183919	6.02379998286717
8.92906406355815	8.87977468159077	8.97064090938486
3.74377563688444	3.6407156884606	4.07384066536676
9.20423153319407	9.04568224766985	9.20836033067788
9.44594832224999	9.44948155932591	9.49552300740456
4.02917785574669	4.29638118052496	4.4320323042409
9.34771100940547	9.33887326263904	9.37994379309245
